iteration,yes x none,,,,no x none,,,
iteration,True Positive,True Negative,False Positive,False Negative,True Positive,True Negative,False Positive,False Negative
0,158540,0,                      0,158540,158540,0,                      0,158540
1,158292,0,                       0,158788,158788,0,                       0,158292
2,158293,0,                       0,158787,158787,0,                       0,158293
3,158294,0,                       0,158786,158786,0,                       0,158294
4,158295,0,                       0,158785,158785,0,                       0,158295
5,158296,0,                       0,158784,158784,0,                       0,158296
6,158297,0,                       0,158783,158783,0,                       0,158297
7,158298,0,                       0,158782,158782,0,                       0,158298
8,158299,0,                       0,158781,158781,0,                       0,158299
9,158300,0,                       0,158780,158780,0,                       0,158300
10,158301,0,                       0,158779,158779,0,                       0,158301
11,158302,0,                       0,158778,158778,0,                       0,158302
12,158303,0,                       0,158777,158777,0,                       0,158303
13,158304,0,                       0,158776,158776,0,                       0,158304
14,158305,0,                       0,158775,158775,0,                       0,158305
15,158306,0,                       0,158774,158774,0,                       0,158306
16,158307,0,                       0,158773,158773,0,                       0,158307
17,158308,0,                       0,158772,158772,0,                       0,158308
18,158309,0,                       0,158771,158771,0,                       0,158309
19,158310,0,                       0,158770,158770,0,                       0,158310
20,158311,0,                       0,158769,158769,0,                       0,158311
21,158312,0,                       0,158768,158768,0,                       0,158312
22,158313,0,                       0,158767,158767,0,                       0,158313
23,158314,0,                       0,158766,158766,0,                       0,158314
24,158315,0,                       0,158765,158765,0,                       0,158315
25,158316,0,                       0,158764,158764,0,                       0,158316
26,158317,0,                       0,158763,158763,0,                       0,158317
27,158318,0,                       0,158762,158762,0,                       0,158318
28,158319,0,                       0,158761,158761,0,                       0,158319
29,158320,0,                       0,158760,158760,0,                       0,158320
30,158321,0,                       0,158759,158759,0,                       0,158321
31,158322,0,                       0,158758,158758,0,                       0,158322
32,158323,0,                       0,158757,158757,0,                       0,158323
33,158324,0,                       0,158756,158756,0,                       0,158324
34,158325,0,                       0,158755,158755,0,                       0,158325
35,158326,0,                       0,158754,158754,0,                       0,158326
36,158327,0,                       0,158753,158753,0,                       0,158327
37,158328,0,                       0,158752,158752,0,                       0,158328
38,158329,0,                       0,158751,158751,0,                       0,158329
39,158330,0,                       0,158750,158750,0,                       0,158330
40,158331,0,                       0,158749,158749,0,                       0,158331
41,158332,0,                       0,158748,158748,0,                       0,158332
42,158333,0,                       0,158747,158747,0,                       0,158333
43,158334,0,                       0,158746,158746,0,                       0,158334
44,158335,0,                       0,158745,158745,0,                       0,158335
45,158336,0,                       0,158744,158744,0,                       0,158336
46,158337,0,                       0,158743,158743,0,                       0,158337
47,158338,0,                       0,158742,158742,0,                       0,158338
48,158339,0,                       0,158741,158741,0,                       0,158339
49,158340,0,                       0,158740,158740,0,                       0,158340
50,158341,0,                       0,158739,158739,0,                       0,158341
51,158342,0,                       0,158738,158738,0,                       0,158342
52,158343,0,                       0,158737,158737,0,                       0,158343
53,158344,0,                       0,158736,158736,0,                       0,158344
54,158345,0,                       0,158735,158735,0,                       0,158345
55,158346,0,                       0,158734,158734,0,                       0,158346
56,158347,0,                       0,158733,158733,0,                       0,158347
57,158348,0,                       0,158732,158732,0,                       0,158348
58,158349,0,                       0,158731,158731,0,                       0,158349
59,158350,0,                       0,158730,158730,0,                       0,158350
60,158351,0,                       0,158729,158729,0,                       0,158351
61,158352,0,                       0,158728,158728,0,                       0,158352
62,158353,0,                       0,158727,158727,0,                       0,158353
63,158354,0,                       0,158726,158726,0,                       0,158354
64,158355,0,                       0,158725,158725,0,                       0,158355
65,158356,0,                       0,158724,158724,0,                       0,158356
66,158357,0,                       0,158723,158723,0,                       0,158357
67,158358,0,                       0,158722,158722,0,                       0,158358
68,158359,0,                       0,158721,158721,0,                       0,158359
69,158360,0,                       0,158720,158720,0,                       0,158360
70,158361,0,                       0,158719,158719,0,                       0,158361
71,158362,0,                       0,158718,158718,0,                       0,158362
72,158363,0,                       0,158717,158717,0,                       0,158363
73,158364,0,                       0,158716,158716,0,                       0,158364
74,158365,0,                       0,158715,158715,0,                       0,158365
75,158366,0,                       0,158714,158714,0,                       0,158366
76,158367,0,                       0,158713,158713,0,                       0,158367
77,158368,0,                       0,158712,158712,0,                       0,158368
78,158369,0,                       0,158711,158711,0,                       0,158369
79,158370,0,                       0,158710,158710,0,                       0,158370
80,158371,0,                       0,158709,158709,0,                       0,158371
81,158372,0,                       0,158708,158708,0,                       0,158372
82,158373,0,                       0,158707,158707,0,                       0,158373
83,158374,0,                       0,158706,158706,0,                       0,158374
84,158375,0,                       0,158705,158705,0,                       0,158375
85,158376,0,                       0,158704,158704,0,                       0,158376
86,158377,0,                       0,158703,158703,0,                       0,158377
87,158378,0,                       0,158702,158702,0,                       0,158378
88,158379,0,                       0,158701,158701,0,                       0,158379
89,158380,0,                       0,158700,158700,0,                       0,158380
90,158381,0,                       0,158699,158699,0,                       0,158381
91,158382,0,                       0,158698,158698,0,                       0,158382
92,158383,0,                       0,158697,158697,0,                       0,158383
93,158384,0,                       0,158696,158696,0,                       0,158384
94,158385,0,                       0,158695,158695,0,                       0,158385
95,158386,0,                       0,158694,158694,0,                       0,158386
96,158387,0,                       0,158693,158693,0,                       0,158387
97,158388,0,                       0,158692,158692,0,                       0,158388
98,158389,0,                       0,158691,158691,0,                       0,158389
99,158390,0,                       0,158690,158690,0,                       0,158390
100,158391,0,                       0,158689,158689,0,                       0,158391
101,158392,0,                       0,158688,158688,0,                       0,158392
102,158393,0,                       0,158687,158687,0,                       0,158393
103,158394,0,                       0,158686,158686,0,                       0,158394
104,158395,0,                       0,158685,158685,0,                       0,158395
105,158396,0,                       0,158684,158684,0,                       0,158396
106,158397,0,                       0,158683,158683,0,                       0,158397
107,158398,0,                       0,158682,158682,0,                       0,158398
108,158399,0,                       0,158681,158681,0,                       0,158399
109,158400,0,                       0,158680,158680,0,                       0,158400
110,158401,0,                       0,158679,158679,0,                       0,158401
111,158402,0,                       0,158678,158678,0,                       0,158402
112,158403,0,                       0,158677,158677,0,                       0,158403
113,158404,0,                       0,158676,158676,0,                       0,158404
114,158405,0,                       0,158675,158675,0,                       0,158405
115,158406,0,                       0,158674,158674,0,                       0,158406
116,158407,0,                       0,158673,158673,0,                       0,158407
117,158408,0,                       0,158672,158672,0,                       0,158408
118,158409,0,                       0,158671,158671,0,                       0,158409
119,158410,0,                       0,158670,158670,0,                       0,158410
120,158411,0,                       0,158669,158669,0,                       0,158411
121,158412,0,                       0,158668,158668,0,                       0,158412
122,158413,0,                       0,158667,158667,0,                       0,158413
123,158414,0,                       0,158666,158666,0,                       0,158414
124,158415,0,                       0,158665,158665,0,                       0,158415
125,158416,0,                       0,158664,158664,0,                       0,158416
126,158417,0,                       0,158663,158663,0,                       0,158417
127,158418,0,                       0,158662,158662,0,                       0,158418
128,158419,0,                       0,158661,158661,0,                       0,158419
129,158420,0,                       0,158660,158660,0,                       0,158420
130,158421,0,                       0,158659,158659,0,                       0,158421
131,158422,0,                       0,158658,158658,0,                       0,158422
132,158423,0,                       0,158657,158657,0,                       0,158423
133,158424,0,                       0,158656,158656,0,                       0,158424
134,158425,0,                       0,158655,158655,0,                       0,158425
135,158426,0,                       0,158654,158654,0,                       0,158426
136,158427,0,                       0,158653,158653,0,                       0,158427
137,158428,0,                       0,158652,158652,0,                       0,158428
138,158429,0,                       0,158651,158651,0,                       0,158429
139,158430,0,                       0,158650,158650,0,                       0,158430
140,158431,0,                       0,158649,158649,0,                       0,158431
141,158432,0,                       0,158648,158648,0,                       0,158432
142,158433,0,                       0,158647,158647,0,                       0,158433
143,158434,0,                       0,158646,158646,0,                       0,158434
144,158435,0,                       0,158645,158645,0,                       0,158435
145,158436,0,                       0,158644,158644,0,                       0,158436
146,158437,0,                       0,158643,158643,0,                       0,158437
147,158438,0,                       0,158642,158642,0,                       0,158438
148,158439,0,                       0,158641,158641,0,                       0,158439
149,158440,0,                       0,158640,158640,0,                       0,158440
150,158441,0,                       0,158639,158639,0,                       0,158441
151,158442,0,                       0,158638,158638,0,                       0,158442
152,158443,0,                       0,158637,158637,0,                       0,158443
153,158444,0,                       0,158636,158636,0,                       0,158444
154,158445,0,                       0,158635,158635,0,                       0,158445
155,158446,0,                       0,158634,158634,0,                       0,158446
156,158447,0,                       0,158633,158633,0,                       0,158447
157,158448,0,                       0,158632,158632,0,                       0,158448
158,158449,0,                       0,158631,158631,0,                       0,158449
159,158450,0,                       0,158630,158630,0,                       0,158450
160,158451,0,                       0,158629,158629,0,                       0,158451
161,158452,0,                       0,158628,158628,0,                       0,158452
162,158453,0,                       0,158627,158627,0,                       0,158453
163,158454,0,                       0,158626,158626,0,                       0,158454
164,158455,0,                       0,158625,158625,0,                       0,158455
165,158456,0,                       0,158624,158624,0,                       0,158456
166,158457,0,                       0,158623,158623,0,                       0,158457
167,158458,0,                       0,158622,158622,0,                       0,158458
168,158459,0,                       0,158621,158621,0,                       0,158459
169,158460,0,                       0,158620,158620,0,                       0,158460
170,158461,0,                       0,158619,158619,0,                       0,158461
171,158462,0,                       0,158618,158618,0,                       0,158462
172,158463,0,                       0,158617,158617,0,                       0,158463
173,158464,0,                       0,158616,158616,0,                       0,158464
174,158465,0,                       0,158615,158615,0,                       0,158465
175,158466,0,                       0,158614,158614,0,                       0,158466
176,158467,0,                       0,158613,158613,0,                       0,158467
177,158468,0,                       0,158612,158612,0,                       0,158468
178,158469,0,                       0,158611,158611,0,                       0,158469
179,158470,0,                       0,158610,158610,0,                       0,158470
180,158471,0,                       0,158609,158609,0,                       0,158471
181,158472,0,                       0,158608,158608,0,                       0,158472
182,158473,0,                       0,158607,158607,0,                       0,158473
183,158474,0,                       0,158606,158606,0,                       0,158474
184,158475,0,                       0,158605,158605,0,                       0,158475
185,158476,0,                       0,158604,158604,0,                       0,158476
186,158477,0,                       0,158603,158603,0,                       0,158477
187,158478,0,                       0,158602,158602,0,                       0,158478
188,158479,0,                       0,158601,158601,0,                       0,158479
189,158480,0,                       0,158600,158600,0,                       0,158480
190,158481,0,                       0,158599,158599,0,                       0,158481
191,158482,0,                       0,158598,158598,0,                       0,158482
192,158483,0,                       0,158597,158597,0,                       0,158483
193,158484,0,                       0,158596,158596,0,                       0,158484
194,158485,0,                       0,158595,158595,0,                       0,158485
195,158486,0,                       0,158594,158594,0,                       0,158486
196,158487,0,                       0,158593,158593,0,                       0,158487
197,158488,0,                       0,158592,158592,0,                       0,158488
198,158489,0,                       0,158591,158591,0,                       0,158489
199,158490,0,                       0,158590,158590,0,                       0,158490
200,158491,0,                       0,158589,158589,0,                       0,158491
201,158492,0,                       0,158588,158588,0,                       0,158492
202,158493,0,                       0,158587,158587,0,                       0,158493
203,158494,0,                       0,158586,158586,0,                       0,158494
204,158495,0,                       0,158585,158585,0,                       0,158495
205,158496,0,                       0,158584,158584,0,                       0,158496
206,158497,0,                       0,158583,158583,0,                       0,158497
207,158498,0,                       0,158582,158582,0,                       0,158498
208,158499,0,                       0,158581,158581,0,                       0,158499
209,158500,0,                       0,158580,158580,0,                       0,158500
210,158501,0,                       0,158579,158579,0,                       0,158501
211,158502,0,                       0,158578,158578,0,                       0,158502
212,158503,0,                       0,158577,158577,0,                       0,158503
213,158504,0,                       0,158576,158576,0,                       0,158504
214,158505,0,                       0,158575,158575,0,                       0,158505
215,158506,0,                       0,158574,158574,0,                       0,158506
216,158507,0,                       0,158573,158573,0,                       0,158507
217,158508,0,                       0,158572,158572,0,                       0,158508
218,158509,0,                       0,158571,158571,0,                       0,158509
219,158510,0,                       0,158570,158570,0,                       0,158510
220,158511,0,                       0,158569,158569,0,                       0,158511
221,158512,0,                       0,158568,158568,0,                       0,158512
222,158513,0,                       0,158567,158567,0,                       0,158513
223,158514,0,                       0,158566,158566,0,                       0,158514
224,158515,0,                       0,158565,158565,0,                       0,158515
225,158516,0,                       0,158564,158564,0,                       0,158516
226,158517,0,                       0,158563,158563,0,                       0,158517
227,158518,0,                       0,158562,158562,0,                       0,158518
228,158519,0,                       0,158561,158561,0,                       0,158519
229,158520,0,                       0,158560,158560,0,                       0,158520
230,158521,0,                       0,158559,158559,0,                       0,158521
231,158522,0,                       0,158558,158558,0,                       0,158522
232,158523,0,                       0,158557,158557,0,                       0,158523
233,158524,0,                       0,158556,158556,0,                       0,158524
234,158525,0,                       0,158555,158555,0,                       0,158525
235,158526,0,                       0,158554,158554,0,                       0,158526
236,158527,0,                       0,158553,158553,0,                       0,158527
237,158528,0,                       0,158552,158552,0,                       0,158528
238,158529,0,                       0,158551,158551,0,                       0,158529
239,158530,0,                       0,158550,158550,0,                       0,158530
240,158531,0,                       0,158549,158549,0,                       0,158531
241,158532,0,                       0,158548,158548,0,                       0,158532
242,158533,0,                       0,158547,158547,0,                       0,158533
243,158534,0,                       0,158546,158546,0,                       0,158534
244,158535,0,                       0,158545,158545,0,                       0,158535
245,158536,0,                       0,158544,158544,0,                       0,158536
246,158537,0,                       0,158543,158543,0,                       0,158537
247,158538,0,                       0,158542,158542,0,                       0,158538
248,158539,0,                       0,158541,158541,0,                       0,158539
249,158540,0,                       0,158540,158540,0,                       0,158540
250,158541,0,                       0,158539,158539,0,                       0,158541
251,158542,0,                       0,158538,158538,0,                       0,158542
252,158543,0,                       0,158537,158537,0,                       0,158543
253,158542,0,                       0,158538,158538,0,                       0,158542
254,158541,0,                       0,158539,158539,0,                       0,158541
255,158540,0,                       0,158540,158540,0,                       0,158540
256,158539,0,                       0,158541,158541,0,                       0,158539
257,158540,0,                       0,158540,158540,0,                       0,158540
258,158539,0,                       0,158541,158541,0,                       0,158539
259,158540,0,                       0,158540,158540,0,                       0,158540
260,158541,0,                       0,158539,158539,0,                       0,158541
261,158542,0,                       0,158538,158538,0,                       0,158542
262,158541,0,                       0,158539,158539,0,                       0,158541
263,158540,0,                       0,158540,158540,0,                       0,158540
264,158541,0,                       0,158539,158539,0,                       0,158541
265,158540,0,                       0,158540,158540,0,                       0,158540
266,158541,0,                       0,158539,158539,0,                       0,158541
267,158542,0,                       0,158538,158538,0,                       0,158542
268,158541,0,                       0,158539,158539,0,                       0,158541
269,158542,0,                       0,158538,158538,0,                       0,158542
270,158543,0,                       0,158537,158537,0,                       0,158543
271,158542,0,                       0,158538,158538,0,                       0,158542
272,158541,0,                       0,158539,158539,0,                       0,158541
273,158540,0,                       0,158540,158540,0,                       0,158540
274,158539,0,                       0,158541,158541,0,                       0,158539
275,158538,0,                       0,158542,158542,0,                       0,158538
276,158539,0,                       0,158541,158541,0,                       0,158539
277,158540,0,                       0,158540,158540,0,                       0,158540
278,158539,0,                       0,158541,158541,0,                       0,158539
279,158540,0,                       0,158540,158540,0,                       0,158540
280,158541,0,                       0,158539,158539,0,                       0,158541
281,158540,0,                       0,158540,158540,0,                       0,158540
282,158541,0,                       0,158539,158539,0,                       0,158541
283,158540,0,                       0,158540,158540,0,                       0,158540
284,158539,0,                       0,158541,158541,0,                       0,158539
285,158540,0,                       0,158540,158540,0,                       0,158540
286,158539,0,                       0,158541,158541,0,                       0,158539
287,158538,0,                       0,158542,158542,0,                       0,158538
288,158537,0,                       0,158543,158543,0,                       0,158537
289,158536,0,                       0,158544,158544,0,                       0,158536
290,158537,0,                       0,158543,158543,0,                       0,158537
291,158538,0,                       0,158542,158542,0,                       0,158538
292,158539,0,                       0,158541,158541,0,                       0,158539
293,158540,0,                       0,158540,158540,0,                       0,158540
294,158541,0,                       0,158539,158539,0,                       0,158541
295,158542,0,                       0,158538,158538,0,                       0,158542
296,158541,0,                       0,158539,158539,0,                       0,158541
297,158540,0,                       0,158540,158540,0,                       0,158540
298,158539,0,                       0,158541,158541,0,                       0,158539
299,158540,0,                       0,158540,158540,0,                       0,158540
300,158539,0,                       0,158541,158541,0,                       0,158539
301,158540,0,                       0,158540,158540,0,                       0,158540
302,158541,0,                       0,158539,158539,0,                       0,158541
303,158542,0,                       0,158538,158538,0,                       0,158542
304,158541,0,                       0,158539,158539,0,                       0,158541
305,158540,0,                       0,158540,158540,0,                       0,158540
306,158539,0,                       0,158541,158541,0,                       0,158539
307,158540,0,                       0,158540,158540,0,                       0,158540
308,158541,0,                       0,158539,158539,0,                       0,158541
309,158542,0,                       0,158538,158538,0,                       0,158542
310,158541,0,                       0,158539,158539,0,                       0,158541
311,158540,0,                       0,158540,158540,0,                       0,158540
312,158541,0,                       0,158539,158539,0,                       0,158541
313,158540,0,                       0,158540,158540,0,                       0,158540
314,158539,0,                       0,158541,158541,0,                       0,158539
315,158540,0,                       0,158540,158540,0,                       0,158540
316,158541,0,                       0,158539,158539,0,                       0,158541
317,158542,0,                       0,158538,158538,0,                       0,158542
318,158541,0,                       0,158539,158539,0,                       0,158541
319,158540,0,                       0,158540,158540,0,                       0,158540
320,158539,0,                       0,158541,158541,0,                       0,158539
321,158540,0,                       0,158540,158540,0,                       0,158540
322,158541,0,                       0,158539,158539,0,                       0,158541
323,158542,0,                       0,158538,158538,0,                       0,158542
324,158541,0,                       0,158539,158539,0,                       0,158541
325,158542,0,                       0,158538,158538,0,                       0,158542
326,158541,0,                       0,158539,158539,0,                       0,158541
327,158542,0,                       0,158538,158538,0,                       0,158542
328,158543,0,                       0,158537,158537,0,                       0,158543
329,158542,0,                       0,158538,158538,0,                       0,158542
330,158541,0,                       0,158539,158539,0,                       0,158541
331,158540,0,                       0,158540,158540,0,                       0,158540
332,158541,0,                       0,158539,158539,0,                       0,158541
333,158540,0,                       0,158540,158540,0,                       0,158540
334,158539,0,                       0,158541,158541,0,                       0,158539
335,158540,0,                       0,158540,158540,0,                       0,158540
336,158541,0,                       0,158539,158539,0,                       0,158541
337,158540,0,                       0,158540,158540,0,                       0,158540
338,158539,0,                       0,158541,158541,0,                       0,158539
339,158538,0,                       0,158542,158542,0,                       0,158538
340,158539,0,                       0,158541,158541,0,                       0,158539
341,158538,0,                       0,158542,158542,0,                       0,158538
342,158537,0,                       0,158543,158543,0,                       0,158537
343,158538,0,                       0,158542,158542,0,                       0,158538
344,158539,0,                       0,158541,158541,0,                       0,158539
345,158540,0,                       0,158540,158540,0,                       0,158540
346,158541,0,                       0,158539,158539,0,                       0,158541
347,158540,0,                       0,158540,158540,0,                       0,158540
348,158541,0,                       0,158539,158539,0,                       0,158541
349,158542,0,                       0,158538,158538,0,                       0,158542
350,158541,0,                       0,158539,158539,0,                       0,158541
351,158540,0,                       0,158540,158540,0,                       0,158540
352,158541,0,                       0,158539,158539,0,                       0,158541
353,158540,0,                       0,158540,158540,0,                       0,158540
354,158539,0,                       0,158541,158541,0,                       0,158539
355,158540,0,                       0,158540,158540,0,                       0,158540
356,158541,0,                       0,158539,158539,0,                       0,158541
357,158540,0,                       0,158540,158540,0,                       0,158540
358,158541,0,                       0,158539,158539,0,                       0,158541
359,158542,0,                       0,158538,158538,0,                       0,158542
360,158541,0,                       0,158539,158539,0,                       0,158541
361,158542,0,                       0,158538,158538,0,                       0,158542
362,158541,0,                       0,158539,158539,0,                       0,158541
363,158540,0,                       0,158540,158540,0,                       0,158540
364,158541,0,                       0,158539,158539,0,                       0,158541
365,158540,0,                       0,158540,158540,0,                       0,158540
366,158539,0,                       0,158541,158541,0,                       0,158539
367,158538,0,                       0,158542,158542,0,                       0,158538
368,158539,0,                       0,158541,158541,0,                       0,158539
369,158540,0,                       0,158540,158540,0,                       0,158540
370,158541,0,                       0,158539,158539,0,                       0,158541
371,158540,0,                       0,158540,158540,0,                       0,158540
372,158539,0,                       0,158541,158541,0,                       0,158539
373,158540,0,                       0,158540,158540,0,                       0,158540
374,158541,0,                       0,158539,158539,0,                       0,158541
375,158542,0,                       0,158538,158538,0,                       0,158542
376,158541,0,                       0,158539,158539,0,                       0,158541
377,158542,0,                       0,158538,158538,0,                       0,158542
378,158543,0,                       0,158537,158537,0,                       0,158543
379,158542,0,                       0,158538,158538,0,                       0,158542
380,158543,0,                       0,158537,158537,0,                       0,158543
381,158542,0,                       0,158538,158538,0,                       0,158542
382,158543,0,                       0,158537,158537,0,                       0,158543
383,158544,0,                       0,158536,158536,0,                       0,158544
384,158543,0,                       0,158537,158537,0,                       0,158543
385,158544,0,                       0,158536,158536,0,                       0,158544
386,158543,0,                       0,158537,158537,0,                       0,158543
387,158544,0,                       0,158536,158536,0,                       0,158544
388,158543,0,                       0,158537,158537,0,                       0,158543
389,158542,0,                       0,158538,158538,0,                       0,158542
390,158543,0,                       0,158537,158537,0,                       0,158543
391,158542,0,                       0,158538,158538,0,                       0,158542
392,158541,0,                       0,158539,158539,0,                       0,158541
393,158540,0,                       0,158540,158540,0,                       0,158540
394,158541,0,                       0,158539,158539,0,                       0,158541
395,158540,0,                       0,158540,158540,0,                       0,158540
396,158541,0,                       0,158539,158539,0,                       0,158541
397,158540,0,                       0,158540,158540,0,                       0,158540
398,158541,0,                       0,158539,158539,0,                       0,158541
399,158542,0,                       0,158538,158538,0,                       0,158542
400,158541,0,                       0,158539,158539,0,                       0,158541
401,158542,0,                       0,158538,158538,0,                       0,158542
402,158541,0,                       0,158539,158539,0,                       0,158541
403,158542,0,                       0,158538,158538,0,                       0,158542
404,158541,0,                       0,158539,158539,0,                       0,158541
405,158542,0,                       0,158538,158538,0,                       0,158542
406,158541,0,                       0,158539,158539,0,                       0,158541
407,158542,0,                       0,158538,158538,0,                       0,158542
408,158541,0,                       0,158539,158539,0,                       0,158541
409,158542,0,                       0,158538,158538,0,                       0,158542
410,158541,0,                       0,158539,158539,0,                       0,158541
411,158540,0,                       0,158540,158540,0,                       0,158540
412,158539,0,                       0,158541,158541,0,                       0,158539
413,158538,0,                       0,158542,158542,0,                       0,158538
414,158539,0,                       0,158541,158541,0,                       0,158539
415,158538,0,                       0,158542,158542,0,                       0,158538
416,158539,0,                       0,158541,158541,0,                       0,158539
417,158540,0,                       0,158540,158540,0,                       0,158540
418,158541,0,                       0,158539,158539,0,                       0,158541
419,158540,0,                       0,158540,158540,0,                       0,158540
420,158539,0,                       0,158541,158541,0,                       0,158539
421,158540,0,                       0,158540,158540,0,                       0,158540
422,158541,0,                       0,158539,158539,0,                       0,158541
423,158540,0,                       0,158540,158540,0,                       0,158540
424,158541,0,                       0,158539,158539,0,                       0,158541
425,158540,0,                       0,158540,158540,0,                       0,158540
426,158541,0,                       0,158539,158539,0,                       0,158541
427,158542,0,                       0,158538,158538,0,                       0,158542
428,158543,0,                       0,158537,158537,0,                       0,158543
429,158542,0,                       0,158538,158538,0,                       0,158542
430,158543,0,                       0,158537,158537,0,                       0,158543
431,158542,0,                       0,158538,158538,0,                       0,158542
432,158541,0,                       0,158539,158539,0,                       0,158541
433,158540,0,                       0,158540,158540,0,                       0,158540
434,158539,0,                       0,158541,158541,0,                       0,158539
435,158540,0,                       0,158540,158540,0,                       0,158540
436,158541,0,                       0,158539,158539,0,                       0,158541
437,158540,0,                       0,158540,158540,0,                       0,158540
438,158539,0,                       0,158541,158541,0,                       0,158539
439,158540,0,                       0,158540,158540,0,                       0,158540
440,158541,0,                       0,158539,158539,0,                       0,158541
441,158540,0,                       0,158540,158540,0,                       0,158540
442,158539,0,                       0,158541,158541,0,                       0,158539
443,158538,0,                       0,158542,158542,0,                       0,158538
444,158539,0,                       0,158541,158541,0,                       0,158539
445,158540,0,                       0,158540,158540,0,                       0,158540
446,158541,0,                       0,158539,158539,0,                       0,158541
447,158540,0,                       0,158540,158540,0,                       0,158540
448,158541,0,                       0,158539,158539,0,                       0,158541
449,158540,0,                       0,158540,158540,0,                       0,158540
450,158539,0,                       0,158541,158541,0,                       0,158539
451,158538,0,                       0,158542,158542,0,                       0,158538
452,158539,0,                       0,158541,158541,0,                       0,158539
453,158540,0,                       0,158540,158540,0,                       0,158540
454,158539,0,                       0,158541,158541,0,                       0,158539
455,158538,0,                       0,158542,158542,0,                       0,158538
456,158537,0,                       0,158543,158543,0,                       0,158537
457,158538,0,                       0,158542,158542,0,                       0,158538
458,158537,0,                       0,158543,158543,0,                       0,158537
459,158536,0,                       0,158544,158544,0,                       0,158536
460,158537,0,                       0,158543,158543,0,                       0,158537
461,158538,0,                       0,158542,158542,0,                       0,158538
462,158537,0,                       0,158543,158543,0,                       0,158537
463,158538,0,                       0,158542,158542,0,                       0,158538
464,158539,0,                       0,158541,158541,0,                       0,158539
465,158540,0,                       0,158540,158540,0,                       0,158540
466,158539,0,                       0,158541,158541,0,                       0,158539
467,158540,0,                       0,158540,158540,0,                       0,158540
468,158541,0,                       0,158539,158539,0,                       0,158541
469,158540,0,                       0,158540,158540,0,                       0,158540
470,158539,0,                       0,158541,158541,0,                       0,158539
471,158540,0,                       0,158540,158540,0,                       0,158540
472,158541,0,                       0,158539,158539,0,                       0,158541
473,158540,0,                       0,158540,158540,0,                       0,158540
474,158539,0,                       0,158541,158541,0,                       0,158539
475,158540,0,                       0,158540,158540,0,                       0,158540
476,158541,0,                       0,158539,158539,0,                       0,158541
477,158540,0,                       0,158540,158540,0,                       0,158540
478,158541,0,                       0,158539,158539,0,                       0,158541
479,158540,0,                       0,158540,158540,0,                       0,158540
480,158541,0,                       0,158539,158539,0,                       0,158541
481,158540,0,                       0,158540,158540,0,                       0,158540
482,158539,0,                       0,158541,158541,0,                       0,158539
483,158538,0,                       0,158542,158542,0,                       0,158538
484,158539,0,                       0,158541,158541,0,                       0,158539
485,158540,0,                       0,158540,158540,0,                       0,158540
486,158539,0,                       0,158541,158541,0,                       0,158539
487,158540,0,                       0,158540,158540,0,                       0,158540
488,158541,0,                       0,158539,158539,0,                       0,158541
489,158540,0,                       0,158540,158540,0,                       0,158540
490,158541,0,                       0,158539,158539,0,                       0,158541
491,158542,0,                       0,158538,158538,0,                       0,158542
492,158541,0,                       0,158539,158539,0,                       0,158541
493,158540,0,                       0,158540,158540,0,                       0,158540
494,158539,0,                       0,158541,158541,0,                       0,158539
495,158540,0,                       0,158540,158540,0,                       0,158540
496,158541,0,                       0,158539,158539,0,                       0,158541
497,158540,0,                       0,158540,158540,0,                       0,158540
498,158539,0,                       0,158541,158541,0,                       0,158539
499,158540,0,                       0,158540,158540,0,                       0,158540
500,158539,0,                       0,158541,158541,0,                       0,158539
501,158540,0,                       0,158540,158540,0,                       0,158540
502,158541,0,                       0,158539,158539,0,                       0,158541
503,158540,0,                       0,158540,158540,0,                       0,158540
504,158539,0,                       0,158541,158541,0,                       0,158539
505,158540,0,                       0,158540,158540,0,                       0,158540
506,158539,0,                       0,158541,158541,0,                       0,158539
507,158540,0,                       0,158540,158540,0,                       0,158540
508,158541,0,                       0,158539,158539,0,                       0,158541
509,158540,0,                       0,158540,158540,0,                       0,158540
510,158541,0,                       0,158539,158539,0,                       0,158541
511,158540,0,                       0,158540,158540,0,                       0,158540
512,158539,0,                       0,158541,158541,0,                       0,158539
513,158538,0,                       0,158542,158542,0,                       0,158538
514,158539,0,                       0,158541,158541,0,                       0,158539
515,158538,0,                       0,158542,158542,0,                       0,158538
516,158539,0,                       0,158541,158541,0,                       0,158539
517,158538,0,                       0,158542,158542,0,                       0,158538
518,158539,0,                       0,158541,158541,0,                       0,158539
519,158540,0,                       0,158540,158540,0,                       0,158540
520,158541,0,                       0,158539,158539,0,                       0,158541
521,158540,0,                       0,158540,158540,0,                       0,158540
522,158541,0,                       0,158539,158539,0,                       0,158541
523,158542,0,                       0,158538,158538,0,                       0,158542
524,158541,0,                       0,158539,158539,0,                       0,158541
525,158542,0,                       0,158538,158538,0,                       0,158542
526,158543,0,                       0,158537,158537,0,                       0,158543
527,158542,0,                       0,158538,158538,0,                       0,158542
528,158541,0,                       0,158539,158539,0,                       0,158541
529,158542,0,                       0,158538,158538,0,                       0,158542
530,158543,0,                       0,158537,158537,0,                       0,158543
531,158542,0,                       0,158538,158538,0,                       0,158542
532,158541,0,                       0,158539,158539,0,                       0,158541
533,158542,0,                       0,158538,158538,0,                       0,158542
534,158541,0,                       0,158539,158539,0,                       0,158541
535,158540,0,                       0,158540,158540,0,                       0,158540
536,158541,0,                       0,158539,158539,0,                       0,158541
537,158540,0,                       0,158540,158540,0,                       0,158540
538,158541,0,                       0,158539,158539,0,                       0,158541
539,158540,0,                       0,158540,158540,0,                       0,158540
540,158541,0,                       0,158539,158539,0,                       0,158541
541,158540,0,                       0,158540,158540,0,                       0,158540
542,158541,0,                       0,158539,158539,0,                       0,158541
543,158542,0,                       0,158538,158538,0,                       0,158542
544,158541,0,                       0,158539,158539,0,                       0,158541
545,158540,0,                       0,158540,158540,0,                       0,158540
546,158541,0,                       0,158539,158539,0,                       0,158541
547,158542,0,                       0,158538,158538,0,                       0,158542
548,158541,0,                       0,158539,158539,0,                       0,158541
549,158542,0,                       0,158538,158538,0,                       0,158542
550,158541,0,                       0,158539,158539,0,                       0,158541
551,158542,0,                       0,158538,158538,0,                       0,158542
552,158541,0,                       0,158539,158539,0,                       0,158541
553,158540,0,                       0,158540,158540,0,                       0,158540
554,158539,0,                       0,158541,158541,0,                       0,158539
555,158540,0,                       0,158540,158540,0,                       0,158540
556,158541,0,                       0,158539,158539,0,                       0,158541
557,158542,0,                       0,158538,158538,0,                       0,158542
558,158541,0,                       0,158539,158539,0,                       0,158541
559,158542,0,                       0,158538,158538,0,                       0,158542
560,158541,0,                       0,158539,158539,0,                       0,158541
561,158540,0,                       0,158540,158540,0,                       0,158540
562,158539,0,                       0,158541,158541,0,                       0,158539
563,158538,0,                       0,158542,158542,0,                       0,158538
564,158539,0,                       0,158541,158541,0,                       0,158539
565,158538,0,                       0,158542,158542,0,                       0,158538
566,158539,0,                       0,158541,158541,0,                       0,158539
567,158540,0,                       0,158540,158540,0,                       0,158540
568,158539,0,                       0,158541,158541,0,                       0,158539
569,158540,0,                       0,158540,158540,0,                       0,158540
570,158539,0,                       0,158541,158541,0,                       0,158539
571,158538,0,                       0,158542,158542,0,                       0,158538
572,158539,0,                       0,158541,158541,0,                       0,158539
573,158540,0,                       0,158540,158540,0,                       0,158540
574,158541,0,                       0,158539,158539,0,                       0,158541
575,158540,0,                       0,158540,158540,0,                       0,158540
576,158539,0,                       0,158541,158541,0,                       0,158539
577,158540,0,                       0,158540,158540,0,                       0,158540
578,158539,0,                       0,158541,158541,0,                       0,158539
579,158540,0,                       0,158540,158540,0,                       0,158540
580,158539,0,                       0,158541,158541,0,                       0,158539
581,158540,0,                       0,158540,158540,0,                       0,158540
582,158539,0,                       0,158541,158541,0,                       0,158539
583,158540,0,                       0,158540,158540,0,                       0,158540
584,158541,0,                       0,158539,158539,0,                       0,158541
585,158542,0,                       0,158538,158538,0,                       0,158542
586,158543,0,                       0,158537,158537,0,                       0,158543
587,158544,0,                       0,158536,158536,0,                       0,158544
588,158543,0,                       0,158537,158537,0,                       0,158543
589,158542,0,                       0,158538,158538,0,                       0,158542
590,158543,0,                       0,158537,158537,0,                       0,158543
591,158542,0,                       0,158538,158538,0,                       0,158542
592,158541,0,                       0,158539,158539,0,                       0,158541
593,158540,0,                       0,158540,158540,0,                       0,158540
594,158541,0,                       0,158539,158539,0,                       0,158541
595,158542,0,                       0,158538,158538,0,                       0,158542
596,158541,0,                       0,158539,158539,0,                       0,158541
597,158542,0,                       0,158538,158538,0,                       0,158542
598,158541,0,                       0,158539,158539,0,                       0,158541
599,158542,0,                       0,158538,158538,0,                       0,158542
600,158541,0,                       0,158539,158539,0,                       0,158541
601,158540,0,                       0,158540,158540,0,                       0,158540
602,158539,0,                       0,158541,158541,0,                       0,158539
603,158540,0,                       0,158540,158540,0,                       0,158540
604,158541,0,                       0,158539,158539,0,                       0,158541
605,158540,0,                       0,158540,158540,0,                       0,158540
606,158539,0,                       0,158541,158541,0,                       0,158539
607,158540,0,                       0,158540,158540,0,                       0,158540
608,158539,0,                       0,158541,158541,0,                       0,158539
609,158540,0,                       0,158540,158540,0,                       0,158540
610,158539,0,                       0,158541,158541,0,                       0,158539
611,158538,0,                       0,158542,158542,0,                       0,158538
612,158539,0,                       0,158541,158541,0,                       0,158539
613,158540,0,                       0,158540,158540,0,                       0,158540
614,158541,0,                       0,158539,158539,0,                       0,158541
615,158542,0,                       0,158538,158538,0,                       0,158542
616,158543,0,                       0,158537,158537,0,                       0,158543
617,158542,0,                       0,158538,158538,0,                       0,158542
618,158543,0,                       0,158537,158537,0,                       0,158543
619,158544,0,                       0,158536,158536,0,                       0,158544
620,158545,0,                       0,158535,158535,0,                       0,158545
621,158546,0,                       0,158534,158534,0,                       0,158546
622,158547,0,                       0,158533,158533,0,                       0,158547
623,158548,0,                       0,158532,158532,0,                       0,158548
624,158547,0,                       0,158533,158533,0,                       0,158547
625,158546,0,                       0,158534,158534,0,                       0,158546
626,158545,0,                       0,158535,158535,0,                       0,158545
627,158544,0,                       0,158536,158536,0,                       0,158544
628,158543,0,                       0,158537,158537,0,                       0,158543
629,158542,0,                       0,158538,158538,0,                       0,158542
630,158541,0,                       0,158539,158539,0,                       0,158541
631,158542,0,                       0,158538,158538,0,                       0,158542
632,158541,0,                       0,158539,158539,0,                       0,158541
633,158542,0,                       0,158538,158538,0,                       0,158542
634,158541,0,                       0,158539,158539,0,                       0,158541
635,158540,0,                       0,158540,158540,0,                       0,158540
636,158539,0,                       0,158541,158541,0,                       0,158539
637,158540,0,                       0,158540,158540,0,                       0,158540
638,158541,0,                       0,158539,158539,0,                       0,158541
639,158540,0,                       0,158540,158540,0,                       0,158540
640,158541,0,                       0,158539,158539,0,                       0,158541
641,158540,0,                       0,158540,158540,0,                       0,158540
642,158539,0,                       0,158541,158541,0,                       0,158539
643,158538,0,                       0,158542,158542,0,                       0,158538
644,158537,0,                       0,158543,158543,0,                       0,158537
645,158538,0,                       0,158542,158542,0,                       0,158538
646,158537,0,                       0,158543,158543,0,                       0,158537
647,158538,0,                       0,158542,158542,0,                       0,158538
648,158539,0,                       0,158541,158541,0,                       0,158539
649,158538,0,                       0,158542,158542,0,                       0,158538
650,158539,0,                       0,158541,158541,0,                       0,158539
651,158540,0,                       0,158540,158540,0,                       0,158540
652,158541,0,                       0,158539,158539,0,                       0,158541
653,158540,0,                       0,158540,158540,0,                       0,158540
654,158541,0,                       0,158539,158539,0,                       0,158541
655,158540,0,                       0,158540,158540,0,                       0,158540
656,158539,0,                       0,158541,158541,0,                       0,158539
657,158540,0,                       0,158540,158540,0,                       0,158540
658,158539,0,                       0,158541,158541,0,                       0,158539
659,158538,0,                       0,158542,158542,0,                       0,158538
660,158537,0,                       0,158543,158543,0,                       0,158537
661,158538,0,                       0,158542,158542,0,                       0,158538
662,158539,0,                       0,158541,158541,0,                       0,158539
663,158540,0,                       0,158540,158540,0,                       0,158540
664,158539,0,                       0,158541,158541,0,                       0,158539
665,158540,0,                       0,158540,158540,0,                       0,158540
666,158539,0,                       0,158541,158541,0,                       0,158539
667,158540,0,                       0,158540,158540,0,                       0,158540
668,158541,0,                       0,158539,158539,0,                       0,158541
669,158540,0,                       0,158540,158540,0,                       0,158540
670,158541,0,                       0,158539,158539,0,                       0,158541
671,158540,0,                       0,158540,158540,0,                       0,158540
672,158539,0,                       0,158541,158541,0,                       0,158539
673,158540,0,                       0,158540,158540,0,                       0,158540
674,158541,0,                       0,158539,158539,0,                       0,158541
675,158540,0,                       0,158540,158540,0,                       0,158540
676,158539,0,                       0,158541,158541,0,                       0,158539
677,158538,0,                       0,158542,158542,0,                       0,158538
678,158539,0,                       0,158541,158541,0,                       0,158539
679,158540,0,                       0,158540,158540,0,                       0,158540
680,158541,0,                       0,158539,158539,0,                       0,158541
681,158540,0,                       0,158540,158540,0,                       0,158540
682,158539,0,                       0,158541,158541,0,                       0,158539
683,158538,0,                       0,158542,158542,0,                       0,158538
684,158537,0,                       0,158543,158543,0,                       0,158537
685,158536,0,                       0,158544,158544,0,                       0,158536
686,158537,0,                       0,158543,158543,0,                       0,158537
687,158538,0,                       0,158542,158542,0,                       0,158538
688,158537,0,                       0,158543,158543,0,                       0,158537
689,158538,0,                       0,158542,158542,0,                       0,158538
690,158539,0,                       0,158541,158541,0,                       0,158539
691,158540,0,                       0,158540,158540,0,                       0,158540
692,158539,0,                       0,158541,158541,0,                       0,158539
693,158540,0,                       0,158540,158540,0,                       0,158540
694,158541,0,                       0,158539,158539,0,                       0,158541
695,158542,0,                       0,158538,158538,0,                       0,158542
696,158541,0,                       0,158539,158539,0,                       0,158541
697,158542,0,                       0,158538,158538,0,                       0,158542
698,158541,0,                       0,158539,158539,0,                       0,158541
699,158542,0,                       0,158538,158538,0,                       0,158542
700,158541,0,                       0,158539,158539,0,                       0,158541
701,158542,0,                       0,158538,158538,0,                       0,158542
702,158543,0,                       0,158537,158537,0,                       0,158543
703,158542,0,                       0,158538,158538,0,                       0,158542
704,158541,0,                       0,158539,158539,0,                       0,158541
705,158542,0,                       0,158538,158538,0,                       0,158542
706,158541,0,                       0,158539,158539,0,                       0,158541
707,158542,0,                       0,158538,158538,0,                       0,158542
708,158543,0,                       0,158537,158537,0,                       0,158543
709,158544,0,                       0,158536,158536,0,                       0,158544
710,158545,0,                       0,158535,158535,0,                       0,158545
711,158544,0,                       0,158536,158536,0,                       0,158544
712,158543,0,                       0,158537,158537,0,                       0,158543
713,158542,0,                       0,158538,158538,0,                       0,158542
714,158541,0,                       0,158539,158539,0,                       0,158541
715,158540,0,                       0,158540,158540,0,                       0,158540
716,158541,0,                       0,158539,158539,0,                       0,158541
717,158540,0,                       0,158540,158540,0,                       0,158540
718,158541,0,                       0,158539,158539,0,                       0,158541
719,158540,0,                       0,158540,158540,0,                       0,158540
720,158539,0,                       0,158541,158541,0,                       0,158539
721,158540,0,                       0,158540,158540,0,                       0,158540
722,158539,0,                       0,158541,158541,0,                       0,158539
723,158540,0,                       0,158540,158540,0,                       0,158540
724,158541,0,                       0,158539,158539,0,                       0,158541
725,158540,0,                       0,158540,158540,0,                       0,158540
726,158541,0,                       0,158539,158539,0,                       0,158541
727,158540,0,                       0,158540,158540,0,                       0,158540
728,158541,0,                       0,158539,158539,0,                       0,158541
729,158542,0,                       0,158538,158538,0,                       0,158542
730,158541,0,                       0,158539,158539,0,                       0,158541
731,158540,0,                       0,158540,158540,0,                       0,158540
732,158541,0,                       0,158539,158539,0,                       0,158541
733,158540,0,                       0,158540,158540,0,                       0,158540
734,158541,0,                       0,158539,158539,0,                       0,158541
735,158540,0,                       0,158540,158540,0,                       0,158540
736,158539,0,                       0,158541,158541,0,                       0,158539
737,158538,0,                       0,158542,158542,0,                       0,158538
738,158539,0,                       0,158541,158541,0,                       0,158539
739,158540,0,                       0,158540,158540,0,                       0,158540
740,158541,0,                       0,158539,158539,0,                       0,158541
741,158542,0,                       0,158538,158538,0,                       0,158542
742,158541,0,                       0,158539,158539,0,                       0,158541
743,158540,0,                       0,158540,158540,0,                       0,158540
744,158541,0,                       0,158539,158539,0,                       0,158541
745,158540,0,                       0,158540,158540,0,                       0,158540
746,158539,0,                       0,158541,158541,0,                       0,158539
747,158540,0,                       0,158540,158540,0,                       0,158540
748,158541,0,                       0,158539,158539,0,                       0,158541
749,158540,0,                       0,158540,158540,0,                       0,158540
750,158541,0,                       0,158539,158539,0,                       0,158541
751,158542,0,                       0,158538,158538,0,                       0,158542
752,158541,0,                       0,158539,158539,0,                       0,158541
753,158540,0,                       0,158540,158540,0,                       0,158540
754,158539,0,                       0,158541,158541,0,                       0,158539
755,158538,0,                       0,158542,158542,0,                       0,158538
756,158539,0,                       0,158541,158541,0,                       0,158539
757,158538,0,                       0,158542,158542,0,                       0,158538
758,158537,0,                       0,158543,158543,0,                       0,158537
759,158538,0,                       0,158542,158542,0,                       0,158538
760,158539,0,                       0,158541,158541,0,                       0,158539
761,158540,0,                       0,158540,158540,0,                       0,158540
762,158539,0,                       0,158541,158541,0,                       0,158539
763,158538,0,                       0,158542,158542,0,                       0,158538
764,158539,0,                       0,158541,158541,0,                       0,158539
765,158538,0,                       0,158542,158542,0,                       0,158538
766,158537,0,                       0,158543,158543,0,                       0,158537
767,158538,0,                       0,158542,158542,0,                       0,158538
768,158539,0,                       0,158541,158541,0,                       0,158539
769,158540,0,                       0,158540,158540,0,                       0,158540
770,158539,0,                       0,158541,158541,0,                       0,158539
771,158540,0,                       0,158540,158540,0,                       0,158540
772,158541,0,                       0,158539,158539,0,                       0,158541
773,158540,0,                       0,158540,158540,0,                       0,158540
774,158541,0,                       0,158539,158539,0,                       0,158541
775,158542,0,                       0,158538,158538,0,                       0,158542
776,158541,0,                       0,158539,158539,0,                       0,158541
777,158540,0,                       0,158540,158540,0,                       0,158540
778,158539,0,                       0,158541,158541,0,                       0,158539
779,158540,0,                       0,158540,158540,0,                       0,158540
780,158539,0,                       0,158541,158541,0,                       0,158539
781,158540,0,                       0,158540,158540,0,                       0,158540
782,158541,0,                       0,158539,158539,0,                       0,158541
783,158540,0,                       0,158540,158540,0,                       0,158540
784,158541,0,                       0,158539,158539,0,                       0,158541
785,158540,0,                       0,158540,158540,0,                       0,158540
786,158539,0,                       0,158541,158541,0,                       0,158539
787,158540,0,                       0,158540,158540,0,                       0,158540
788,158539,0,                       0,158541,158541,0,                       0,158539
789,158538,0,                       0,158542,158542,0,                       0,158538
790,158539,0,                       0,158541,158541,0,                       0,158539
791,158540,0,                       0,158540,158540,0,                       0,158540
792,158539,0,                       0,158541,158541,0,                       0,158539
793,158538,0,                       0,158542,158542,0,                       0,158538
794,158539,0,                       0,158541,158541,0,                       0,158539
795,158538,0,                       0,158542,158542,0,                       0,158538
796,158539,0,                       0,158541,158541,0,                       0,158539
797,158538,0,                       0,158542,158542,0,                       0,158538
798,158537,0,                       0,158543,158543,0,                       0,158537
799,158538,0,                       0,158542,158542,0,                       0,158538
800,158537,0,                       0,158543,158543,0,                       0,158537
801,158538,0,                       0,158542,158542,0,                       0,158538
802,158537,0,                       0,158543,158543,0,                       0,158537
803,158538,0,                       0,158542,158542,0,                       0,158538
804,158537,0,                       0,158543,158543,0,                       0,158537
805,158538,0,                       0,158542,158542,0,                       0,158538
806,158539,0,                       0,158541,158541,0,                       0,158539
807,158540,0,                       0,158540,158540,0,                       0,158540
808,158539,0,                       0,158541,158541,0,                       0,158539
809,158540,0,                       0,158540,158540,0,                       0,158540
810,158541,0,                       0,158539,158539,0,                       0,158541
811,158542,0,                       0,158538,158538,0,                       0,158542
812,158543,0,                       0,158537,158537,0,                       0,158543
813,158544,0,                       0,158536,158536,0,                       0,158544
814,158545,0,                       0,158535,158535,0,                       0,158545
815,158544,0,                       0,158536,158536,0,                       0,158544
816,158543,0,                       0,158537,158537,0,                       0,158543
817,158542,0,                       0,158538,158538,0,                       0,158542
818,158543,0,                       0,158537,158537,0,                       0,158543
819,158542,0,                       0,158538,158538,0,                       0,158542
820,158541,0,                       0,158539,158539,0,                       0,158541
821,158542,0,                       0,158538,158538,0,                       0,158542
822,158541,0,                       0,158539,158539,0,                       0,158541
823,158542,0,                       0,158538,158538,0,                       0,158542
824,158541,0,                       0,158539,158539,0,                       0,158541
825,158542,0,                       0,158538,158538,0,                       0,158542
826,158541,0,                       0,158539,158539,0,                       0,158541
827,158542,0,                       0,158538,158538,0,                       0,158542
828,158543,0,                       0,158537,158537,0,                       0,158543
829,158542,0,                       0,158538,158538,0,                       0,158542
830,158543,0,                       0,158537,158537,0,                       0,158543
831,158544,0,                       0,158536,158536,0,                       0,158544
832,158543,0,                       0,158537,158537,0,                       0,158543
833,158544,0,                       0,158536,158536,0,                       0,158544
834,158545,0,                       0,158535,158535,0,                       0,158545
835,158544,0,                       0,158536,158536,0,                       0,158544
836,158545,0,                       0,158535,158535,0,                       0,158545
837,158544,0,                       0,158536,158536,0,                       0,158544
838,158543,0,                       0,158537,158537,0,                       0,158543
839,158542,0,                       0,158538,158538,0,                       0,158542
840,158541,0,                       0,158539,158539,0,                       0,158541
841,158540,0,                       0,158540,158540,0,                       0,158540
842,158541,0,                       0,158539,158539,0,                       0,158541
843,158540,0,                       0,158540,158540,0,                       0,158540
844,158539,0,                       0,158541,158541,0,                       0,158539
845,158540,0,                       0,158540,158540,0,                       0,158540
846,158541,0,                       0,158539,158539,0,                       0,158541
847,158540,0,                       0,158540,158540,0,                       0,158540
848,158539,0,                       0,158541,158541,0,                       0,158539
849,158540,0,                       0,158540,158540,0,                       0,158540
850,158541,0,                       0,158539,158539,0,                       0,158541
851,158542,0,                       0,158538,158538,0,                       0,158542
852,158541,0,                       0,158539,158539,0,                       0,158541
853,158540,0,                       0,158540,158540,0,                       0,158540
854,158541,0,                       0,158539,158539,0,                       0,158541
855,158540,0,                       0,158540,158540,0,                       0,158540
856,158541,0,                       0,158539,158539,0,                       0,158541
857,158540,0,                       0,158540,158540,0,                       0,158540
858,158541,0,                       0,158539,158539,0,                       0,158541
859,158542,0,                       0,158538,158538,0,                       0,158542
860,158543,0,                       0,158537,158537,0,                       0,158543
861,158542,0,                       0,158538,158538,0,                       0,158542
862,158541,0,                       0,158539,158539,0,                       0,158541
863,158540,0,                       0,158540,158540,0,                       0,158540
864,158541,0,                       0,158539,158539,0,                       0,158541
865,158542,0,                       0,158538,158538,0,                       0,158542
866,158541,0,                       0,158539,158539,0,                       0,158541
867,158540,0,                       0,158540,158540,0,                       0,158540
868,158541,0,                       0,158539,158539,0,                       0,158541
869,158542,0,                       0,158538,158538,0,                       0,158542
870,158541,0,                       0,158539,158539,0,                       0,158541
871,158540,0,                       0,158540,158540,0,                       0,158540
872,158541,0,                       0,158539,158539,0,                       0,158541
873,158540,0,                       0,158540,158540,0,                       0,158540
874,158539,0,                       0,158541,158541,0,                       0,158539
875,158538,0,                       0,158542,158542,0,                       0,158538
876,158537,0,                       0,158543,158543,0,                       0,158537
877,158538,0,                       0,158542,158542,0,                       0,158538
878,158539,0,                       0,158541,158541,0,                       0,158539
879,158540,0,                       0,158540,158540,0,                       0,158540
880,158539,0,                       0,158541,158541,0,                       0,158539
881,158538,0,                       0,158542,158542,0,                       0,158538
882,158539,0,                       0,158541,158541,0,                       0,158539
883,158540,0,                       0,158540,158540,0,                       0,158540
884,158539,0,                       0,158541,158541,0,                       0,158539
885,158538,0,                       0,158542,158542,0,                       0,158538
886,158537,0,                       0,158543,158543,0,                       0,158537
887,158538,0,                       0,158542,158542,0,                       0,158538
888,158537,0,                       0,158543,158543,0,                       0,158537
889,158538,0,                       0,158542,158542,0,                       0,158538
890,158539,0,                       0,158541,158541,0,                       0,158539
891,158538,0,                       0,158542,158542,0,                       0,158538
892,158539,0,                       0,158541,158541,0,                       0,158539
893,158540,0,                       0,158540,158540,0,                       0,158540
894,158541,0,                       0,158539,158539,0,                       0,158541
895,158540,0,                       0,158540,158540,0,                       0,158540
896,158539,0,                       0,158541,158541,0,                       0,158539
897,158540,0,                       0,158540,158540,0,                       0,158540
898,158539,0,                       0,158541,158541,0,                       0,158539
899,158538,0,                       0,158542,158542,0,                       0,158538
900,158539,0,                       0,158541,158541,0,                       0,158539
901,158540,0,                       0,158540,158540,0,                       0,158540
902,158539,0,                       0,158541,158541,0,                       0,158539
903,158540,0,                       0,158540,158540,0,                       0,158540
904,158541,0,                       0,158539,158539,0,                       0,158541
905,158540,0,                       0,158540,158540,0,                       0,158540
906,158539,0,                       0,158541,158541,0,                       0,158539
907,158540,0,                       0,158540,158540,0,                       0,158540
908,158541,0,                       0,158539,158539,0,                       0,158541
909,158542,0,                       0,158538,158538,0,                       0,158542
910,158543,0,                       0,158537,158537,0,                       0,158543
911,158544,0,                       0,158536,158536,0,                       0,158544
912,158543,0,                       0,158537,158537,0,                       0,158543
913,158542,0,                       0,158538,158538,0,                       0,158542
914,158541,0,                       0,158539,158539,0,                       0,158541
915,158542,0,                       0,158538,158538,0,                       0,158542
916,158541,0,                       0,158539,158539,0,                       0,158541
917,158540,0,                       0,158540,158540,0,                       0,158540
918,158541,0,                       0,158539,158539,0,                       0,158541
919,158542,0,                       0,158538,158538,0,                       0,158542
920,158541,0,                       0,158539,158539,0,                       0,158541
921,158540,0,                       0,158540,158540,0,                       0,158540
922,158539,0,                       0,158541,158541,0,                       0,158539
923,158540,0,                       0,158540,158540,0,                       0,158540
924,158539,0,                       0,158541,158541,0,                       0,158539
925,158540,0,                       0,158540,158540,0,                       0,158540
926,158539,0,                       0,158541,158541,0,                       0,158539
927,158540,0,                       0,158540,158540,0,                       0,158540
928,158539,0,                       0,158541,158541,0,                       0,158539
929,158540,0,                       0,158540,158540,0,                       0,158540
930,158541,0,                       0,158539,158539,0,                       0,158541
931,158542,0,                       0,158538,158538,0,                       0,158542
932,158541,0,                       0,158539,158539,0,                       0,158541
933,158540,0,                       0,158540,158540,0,                       0,158540
934,158541,0,                       0,158539,158539,0,                       0,158541
935,158540,0,                       0,158540,158540,0,                       0,158540
936,158539,0,                       0,158541,158541,0,                       0,158539
937,158540,0,                       0,158540,158540,0,                       0,158540
938,158541,0,                       0,158539,158539,0,                       0,158541
939,158542,0,                       0,158538,158538,0,                       0,158542
940,158541,0,                       0,158539,158539,0,                       0,158541
941,158540,0,                       0,158540,158540,0,                       0,158540
942,158541,0,                       0,158539,158539,0,                       0,158541
943,158540,0,                       0,158540,158540,0,                       0,158540
944,158539,0,                       0,158541,158541,0,                       0,158539
945,158540,0,                       0,158540,158540,0,                       0,158540
946,158539,0,                       0,158541,158541,0,                       0,158539
947,158540,0,                       0,158540,158540,0,                       0,158540
948,158539,0,                       0,158541,158541,0,                       0,158539
949,158540,0,                       0,158540,158540,0,                       0,158540
950,158539,0,                       0,158541,158541,0,                       0,158539
951,158538,0,                       0,158542,158542,0,                       0,158538
952,158537,0,                       0,158543,158543,0,                       0,158537
953,158538,0,                       0,158542,158542,0,                       0,158538
954,158539,0,                       0,158541,158541,0,                       0,158539
955,158540,0,                       0,158540,158540,0,                       0,158540
956,158541,0,                       0,158539,158539,0,                       0,158541
957,158540,0,                       0,158540,158540,0,                       0,158540
958,158539,0,                       0,158541,158541,0,                       0,158539
959,158540,0,                       0,158540,158540,0,                       0,158540
960,158541,0,                       0,158539,158539,0,                       0,158541
961,158540,0,                       0,158540,158540,0,                       0,158540
962,158541,0,                       0,158539,158539,0,                       0,158541
963,158540,0,                       0,158540,158540,0,                       0,158540
964,158539,0,                       0,158541,158541,0,                       0,158539
965,158540,0,                       0,158540,158540,0,                       0,158540
966,158541,0,                       0,158539,158539,0,                       0,158541
967,158540,0,                       0,158540,158540,0,                       0,158540
968,158539,0,                       0,158541,158541,0,                       0,158539
969,158538,0,                       0,158542,158542,0,                       0,158538
970,158539,0,                       0,158541,158541,0,                       0,158539
971,158540,0,                       0,158540,158540,0,                       0,158540
972,158541,0,                       0,158539,158539,0,                       0,158541
973,158540,0,                       0,158540,158540,0,                       0,158540
974,158541,0,                       0,158539,158539,0,                       0,158541
975,158540,0,                       0,158540,158540,0,                       0,158540
976,158541,0,                       0,158539,158539,0,                       0,158541
977,158540,0,                       0,158540,158540,0,                       0,158540
978,158539,0,                       0,158541,158541,0,                       0,158539
979,158538,0,                       0,158542,158542,0,                       0,158538
980,158539,0,                       0,158541,158541,0,                       0,158539
981,158540,0,                       0,158540,158540,0,                       0,158540
982,158539,0,                       0,158541,158541,0,                       0,158539
983,158540,0,                       0,158540,158540,0,                       0,158540
984,158539,0,                       0,158541,158541,0,                       0,158539
985,158540,0,                       0,158540,158540,0,                       0,158540
986,158541,0,                       0,158539,158539,0,                       0,158541
987,158540,0,                       0,158540,158540,0,                       0,158540
988,158541,0,                       0,158539,158539,0,                       0,158541
989,158540,0,                       0,158540,158540,0,                       0,158540
990,158541,0,                       0,158539,158539,0,                       0,158541
991,158540,0,                       0,158540,158540,0,                       0,158540
992,158539,0,                       0,158541,158541,0,                       0,158539
993,158538,0,                       0,158542,158542,0,                       0,158538
994,158539,0,                       0,158541,158541,0,                       0,158539
995,158540,0,                       0,158540,158540,0,                       0,158540
996,158541,0,                       0,158539,158539,0,                       0,158541
997,158540,0,                       0,158540,158540,0,                       0,158540
998,158541,0,                       0,158539,158539,0,                       0,158541
999,158542,0,                       0,158538,158538,0,                       0,158542
1000,158541,0,                       0,158539,158539,0,                       0,158541
1001,158540,0,                       0,158540,158540,0,                       0,158540
1002,158541,0,                       0,158539,158539,0,                       0,158541
1003,158540,0,                       0,158540,158540,0,                       0,158540
1004,158539,0,                       0,158541,158541,0,                       0,158539
1005,158540,0,                       0,158540,158540,0,                       0,158540
1006,158541,0,                       0,158539,158539,0,                       0,158541
1007,158542,0,                       0,158538,158538,0,                       0,158542
1008,158541,0,                       0,158539,158539,0,                       0,158541
1009,158542,0,                       0,158538,158538,0,                       0,158542
1010,158541,0,                       0,158539,158539,0,                       0,158541
1011,158540,0,                       0,158540,158540,0,                       0,158540
1012,158541,0,                       0,158539,158539,0,                       0,158541
1013,158540,0,                       0,158540,158540,0,                       0,158540
1014,158541,0,                       0,158539,158539,0,                       0,158541
1015,158540,0,                       0,158540,158540,0,                       0,158540
1016,158541,0,                       0,158539,158539,0,                       0,158541
1017,158542,0,                       0,158538,158538,0,                       0,158542
1018,158541,0,                       0,158539,158539,0,                       0,158541
1019,158540,0,                       0,158540,158540,0,                       0,158540
1020,158541,0,                       0,158539,158539,0,                       0,158541
1021,158540,0,                       0,158540,158540,0,                       0,158540
1022,158541,0,                       0,158539,158539,0,                       0,158541
1023,158540,0,                       0,158540,158540,0,                       0,158540
1024,158541,0,                       0,158539,158539,0,                       0,158541
1025,158540,0,                       0,158540,158540,0,                       0,158540
1026,158541,0,                       0,158539,158539,0,                       0,158541
1027,158542,0,                       0,158538,158538,0,                       0,158542
1028,158543,0,                       0,158537,158537,0,                       0,158543
1029,158544,0,                       0,158536,158536,0,                       0,158544
1030,158543,0,                       0,158537,158537,0,                       0,158543
1031,158542,0,                       0,158538,158538,0,                       0,158542
1032,158541,0,                       0,158539,158539,0,                       0,158541
1033,158540,0,                       0,158540,158540,0,                       0,158540
1034,158539,0,                       0,158541,158541,0,                       0,158539
1035,158538,0,                       0,158542,158542,0,                       0,158538
1036,158539,0,                       0,158541,158541,0,                       0,158539
1037,158540,0,                       0,158540,158540,0,                       0,158540
1038,158541,0,                       0,158539,158539,0,                       0,158541
1039,158540,0,                       0,158540,158540,0,                       0,158540
1040,158539,0,                       0,158541,158541,0,                       0,158539
1041,158538,0,                       0,158542,158542,0,                       0,158538
1042,158537,0,                       0,158543,158543,0,                       0,158537
1043,158536,0,                       0,158544,158544,0,                       0,158536
1044,158535,0,                       0,158545,158545,0,                       0,158535
1045,158534,0,                       0,158546,158546,0,                       0,158534
1046,158535,0,                       0,158545,158545,0,                       0,158535
1047,158536,0,                       0,158544,158544,0,                       0,158536
1048,158537,0,                       0,158543,158543,0,                       0,158537
1049,158538,0,                       0,158542,158542,0,                       0,158538
1050,158539,0,                       0,158541,158541,0,                       0,158539
1051,158540,0,                       0,158540,158540,0,                       0,158540
1052,158541,0,                       0,158539,158539,0,                       0,158541
1053,158542,0,                       0,158538,158538,0,                       0,158542
1054,158543,0,                       0,158537,158537,0,                       0,158543
1055,158544,0,                       0,158536,158536,0,                       0,158544
1056,158545,0,                       0,158535,158535,0,                       0,158545
1057,158546,0,                       0,158534,158534,0,                       0,158546
1058,158547,0,                       0,158533,158533,0,                       0,158547
1059,158546,0,                       0,158534,158534,0,                       0,158546
1060,158545,0,                       0,158535,158535,0,                       0,158545
1061,158544,0,                       0,158536,158536,0,                       0,158544
1062,158543,0,                       0,158537,158537,0,                       0,158543
1063,158542,0,                       0,158538,158538,0,                       0,158542
1064,158541,0,                       0,158539,158539,0,                       0,158541
1065,158540,0,                       0,158540,158540,0,                       0,158540
1066,158541,0,                       0,158539,158539,0,                       0,158541
1067,158540,0,                       0,158540,158540,0,                       0,158540
1068,158539,0,                       0,158541,158541,0,                       0,158539
1069,158540,0,                       0,158540,158540,0,                       0,158540
1070,158539,0,                       0,158541,158541,0,                       0,158539
1071,158540,0,                       0,158540,158540,0,                       0,158540
1072,158539,0,                       0,158541,158541,0,                       0,158539
1073,158540,0,                       0,158540,158540,0,                       0,158540
1074,158539,0,                       0,158541,158541,0,                       0,158539
1075,158538,0,                       0,158542,158542,0,                       0,158538
1076,158539,0,                       0,158541,158541,0,                       0,158539
1077,158538,0,                       0,158542,158542,0,                       0,158538
1078,158539,0,                       0,158541,158541,0,                       0,158539
1079,158540,0,                       0,158540,158540,0,                       0,158540
1080,158539,0,                       0,158541,158541,0,                       0,158539
1081,158540,0,                       0,158540,158540,0,                       0,158540
1082,158539,0,                       0,158541,158541,0,                       0,158539
1083,158540,0,                       0,158540,158540,0,                       0,158540
1084,158539,0,                       0,158541,158541,0,                       0,158539
1085,158540,0,                       0,158540,158540,0,                       0,158540
1086,158541,0,                       0,158539,158539,0,                       0,158541
1087,158540,0,                       0,158540,158540,0,                       0,158540
1088,158541,0,                       0,158539,158539,0,                       0,158541
1089,158540,0,                       0,158540,158540,0,                       0,158540
1090,158541,0,                       0,158539,158539,0,                       0,158541
1091,158542,0,                       0,158538,158538,0,                       0,158542
1092,158543,0,                       0,158537,158537,0,                       0,158543
1093,158544,0,                       0,158536,158536,0,                       0,158544
1094,158545,0,                       0,158535,158535,0,                       0,158545
1095,158546,0,                       0,158534,158534,0,                       0,158546
1096,158547,0,                       0,158533,158533,0,                       0,158547
1097,158546,0,                       0,158534,158534,0,                       0,158546
1098,158545,0,                       0,158535,158535,0,                       0,158545
1099,158544,0,                       0,158536,158536,0,                       0,158544
1100,158543,0,                       0,158537,158537,0,                       0,158543
1101,158542,0,                       0,158538,158538,0,                       0,158542
1102,158541,0,                       0,158539,158539,0,                       0,158541
1103,158540,0,                       0,158540,158540,0,                       0,158540
1104,158541,0,                       0,158539,158539,0,                       0,158541
1105,158540,0,                       0,158540,158540,0,                       0,158540
1106,158539,0,                       0,158541,158541,0,                       0,158539
1107,158540,0,                       0,158540,158540,0,                       0,158540
1108,158541,0,                       0,158539,158539,0,                       0,158541
1109,158540,0,                       0,158540,158540,0,                       0,158540
1110,158541,0,                       0,158539,158539,0,                       0,158541
1111,158540,0,                       0,158540,158540,0,                       0,158540
1112,158541,0,                       0,158539,158539,0,                       0,158541
1113,158540,0,                       0,158540,158540,0,                       0,158540
1114,158541,0,                       0,158539,158539,0,                       0,158541
1115,158540,0,                       0,158540,158540,0,                       0,158540
1116,158541,0,                       0,158539,158539,0,                       0,158541
1117,158540,0,                       0,158540,158540,0,                       0,158540
1118,158541,0,                       0,158539,158539,0,                       0,158541
1119,158540,0,                       0,158540,158540,0,                       0,158540
1120,158541,0,                       0,158539,158539,0,                       0,158541
1121,158540,0,                       0,158540,158540,0,                       0,158540
1122,158541,0,                       0,158539,158539,0,                       0,158541
1123,158540,0,                       0,158540,158540,0,                       0,158540
1124,158541,0,                       0,158539,158539,0,                       0,158541
1125,158540,0,                       0,158540,158540,0,                       0,158540
1126,158539,0,                       0,158541,158541,0,                       0,158539
1127,158538,0,                       0,158542,158542,0,                       0,158538
1128,158539,0,                       0,158541,158541,0,                       0,158539
1129,158540,0,                       0,158540,158540,0,                       0,158540
1130,158539,0,                       0,158541,158541,0,                       0,158539
1131,158540,0,                       0,158540,158540,0,                       0,158540
1132,158541,0,                       0,158539,158539,0,                       0,158541
1133,158540,0,                       0,158540,158540,0,                       0,158540
1134,158541,0,                       0,158539,158539,0,                       0,158541
1135,158540,0,                       0,158540,158540,0,                       0,158540
1136,158541,0,                       0,158539,158539,0,                       0,158541
1137,158542,0,                       0,158538,158538,0,                       0,158542
1138,158543,0,                       0,158537,158537,0,                       0,158543
1139,158542,0,                       0,158538,158538,0,                       0,158542
1140,158541,0,                       0,158539,158539,0,                       0,158541
1141,158542,0,                       0,158538,158538,0,                       0,158542
1142,158541,0,                       0,158539,158539,0,                       0,158541
1143,158542,0,                       0,158538,158538,0,                       0,158542
1144,158543,0,                       0,158537,158537,0,                       0,158543
1145,158542,0,                       0,158538,158538,0,                       0,158542
1146,158543,0,                       0,158537,158537,0,                       0,158543
1147,158542,0,                       0,158538,158538,0,                       0,158542
1148,158541,0,                       0,158539,158539,0,                       0,158541
1149,158540,0,                       0,158540,158540,0,                       0,158540
1150,158541,0,                       0,158539,158539,0,                       0,158541
1151,158540,0,                       0,158540,158540,0,                       0,158540
1152,158539,0,                       0,158541,158541,0,                       0,158539
1153,158538,0,                       0,158542,158542,0,                       0,158538
1154,158539,0,                       0,158541,158541,0,                       0,158539
1155,158540,0,                       0,158540,158540,0,                       0,158540
1156,158541,0,                       0,158539,158539,0,                       0,158541
1157,158542,0,                       0,158538,158538,0,                       0,158542
1158,158543,0,                       0,158537,158537,0,                       0,158543
1159,158542,0,                       0,158538,158538,0,                       0,158542
1160,158541,0,                       0,158539,158539,0,                       0,158541
1161,158540,0,                       0,158540,158540,0,                       0,158540
1162,158539,0,                       0,158541,158541,0,                       0,158539
1163,158540,0,                       0,158540,158540,0,                       0,158540
1164,158539,0,                       0,158541,158541,0,                       0,158539
1165,158538,0,                       0,158542,158542,0,                       0,158538
1166,158539,0,                       0,158541,158541,0,                       0,158539
1167,158538,0,                       0,158542,158542,0,                       0,158538
1168,158539,0,                       0,158541,158541,0,                       0,158539
1169,158540,0,                       0,158540,158540,0,                       0,158540
1170,158541,0,                       0,158539,158539,0,                       0,158541
1171,158542,0,                       0,158538,158538,0,                       0,158542
1172,158541,0,                       0,158539,158539,0,                       0,158541
1173,158542,0,                       0,158538,158538,0,                       0,158542
1174,158541,0,                       0,158539,158539,0,                       0,158541
1175,158542,0,                       0,158538,158538,0,                       0,158542
1176,158541,0,                       0,158539,158539,0,                       0,158541
1177,158540,0,                       0,158540,158540,0,                       0,158540
1178,158541,0,                       0,158539,158539,0,                       0,158541
1179,158540,0,                       0,158540,158540,0,                       0,158540
1180,158539,0,                       0,158541,158541,0,                       0,158539
1181,158540,0,                       0,158540,158540,0,                       0,158540
1182,158539,0,                       0,158541,158541,0,                       0,158539
1183,158540,0,                       0,158540,158540,0,                       0,158540
1184,158541,0,                       0,158539,158539,0,                       0,158541
1185,158542,0,                       0,158538,158538,0,                       0,158542
1186,158541,0,                       0,158539,158539,0,                       0,158541
1187,158540,0,                       0,158540,158540,0,                       0,158540
1188,158541,0,                       0,158539,158539,0,                       0,158541
1189,158542,0,                       0,158538,158538,0,                       0,158542
1190,158541,0,                       0,158539,158539,0,                       0,158541
1191,158542,0,                       0,158538,158538,0,                       0,158542
1192,158543,0,                       0,158537,158537,0,                       0,158543
1193,158542,0,                       0,158538,158538,0,                       0,158542
1194,158541,0,                       0,158539,158539,0,                       0,158541
1195,158540,0,                       0,158540,158540,0,                       0,158540
1196,158539,0,                       0,158541,158541,0,                       0,158539
1197,158540,0,                       0,158540,158540,0,                       0,158540
1198,158539,0,                       0,158541,158541,0,                       0,158539
1199,158540,0,                       0,158540,158540,0,                       0,158540
1200,158539,0,                       0,158541,158541,0,                       0,158539
1201,158540,0,                       0,158540,158540,0,                       0,158540
1202,158541,0,                       0,158539,158539,0,                       0,158541
1203,158540,0,                       0,158540,158540,0,                       0,158540
1204,158539,0,                       0,158541,158541,0,                       0,158539
1205,158538,0,                       0,158542,158542,0,                       0,158538
1206,158539,0,                       0,158541,158541,0,                       0,158539
1207,158538,0,                       0,158542,158542,0,                       0,158538
1208,158539,0,                       0,158541,158541,0,                       0,158539
1209,158540,0,                       0,158540,158540,0,                       0,158540
1210,158541,0,                       0,158539,158539,0,                       0,158541
1211,158540,0,                       0,158540,158540,0,                       0,158540
1212,158539,0,                       0,158541,158541,0,                       0,158539
1213,158540,0,                       0,158540,158540,0,                       0,158540
1214,158541,0,                       0,158539,158539,0,                       0,158541
1215,158542,0,                       0,158538,158538,0,                       0,158542
1216,158541,0,                       0,158539,158539,0,                       0,158541
1217,158540,0,                       0,158540,158540,0,                       0,158540
1218,158539,0,                       0,158541,158541,0,                       0,158539
1219,158540,0,                       0,158540,158540,0,                       0,158540
1220,158541,0,                       0,158539,158539,0,                       0,158541
1221,158542,0,                       0,158538,158538,0,                       0,158542
1222,158543,0,                       0,158537,158537,0,                       0,158543
1223,158542,0,                       0,158538,158538,0,                       0,158542
1224,158541,0,                       0,158539,158539,0,                       0,158541
1225,158542,0,                       0,158538,158538,0,                       0,158542
1226,158543,0,                       0,158537,158537,0,                       0,158543
1227,158542,0,                       0,158538,158538,0,                       0,158542
1228,158541,0,                       0,158539,158539,0,                       0,158541
1229,158542,0,                       0,158538,158538,0,                       0,158542
1230,158541,0,                       0,158539,158539,0,                       0,158541
1231,158540,0,                       0,158540,158540,0,                       0,158540
1232,158539,0,                       0,158541,158541,0,                       0,158539
1233,158540,0,                       0,158540,158540,0,                       0,158540
1234,158539,0,                       0,158541,158541,0,                       0,158539
1235,158538,0,                       0,158542,158542,0,                       0,158538
1236,158539,0,                       0,158541,158541,0,                       0,158539
1237,158538,0,                       0,158542,158542,0,                       0,158538
1238,158539,0,                       0,158541,158541,0,                       0,158539
1239,158538,0,                       0,158542,158542,0,                       0,158538
1240,158539,0,                       0,158541,158541,0,                       0,158539
1241,158540,0,                       0,158540,158540,0,                       0,158540
1242,158539,0,                       0,158541,158541,0,                       0,158539
1243,158538,0,                       0,158542,158542,0,                       0,158538
1244,158539,0,                       0,158541,158541,0,                       0,158539
1245,158540,0,                       0,158540,158540,0,                       0,158540
1246,158539,0,                       0,158541,158541,0,                       0,158539
1247,158538,0,                       0,158542,158542,0,                       0,158538
1248,158537,0,                       0,158543,158543,0,                       0,158537
1249,158536,0,                       0,158544,158544,0,                       0,158536
1250,158535,0,                       0,158545,158545,0,                       0,158535
1251,158534,0,                       0,158546,158546,0,                       0,158534
1252,158533,0,                       0,158547,158547,0,                       0,158533
1253,158532,0,                       0,158548,158548,0,                       0,158532
1254,158533,0,                       0,158547,158547,0,                       0,158533
1255,158534,0,                       0,158546,158546,0,                       0,158534
1256,158535,0,                       0,158545,158545,0,                       0,158535
1257,158536,0,                       0,158544,158544,0,                       0,158536
1258,158537,0,                       0,158543,158543,0,                       0,158537
1259,158538,0,                       0,158542,158542,0,                       0,158538
1260,158539,0,                       0,158541,158541,0,                       0,158539
1261,158540,0,                       0,158540,158540,0,                       0,158540
1262,158539,0,                       0,158541,158541,0,                       0,158539
1263,158540,0,                       0,158540,158540,0,                       0,158540
1264,158541,0,                       0,158539,158539,0,                       0,158541
1265,158540,0,                       0,158540,158540,0,                       0,158540
1266,158541,0,                       0,158539,158539,0,                       0,158541
1267,158542,0,                       0,158538,158538,0,                       0,158542
1268,158541,0,                       0,158539,158539,0,                       0,158541
1269,158542,0,                       0,158538,158538,0,                       0,158542
1270,158543,0,                       0,158537,158537,0,                       0,158543
1271,158542,0,                       0,158538,158538,0,                       0,158542
1272,158543,0,                       0,158537,158537,0,                       0,158543
1273,158542,0,                       0,158538,158538,0,                       0,158542
1274,158541,0,                       0,158539,158539,0,                       0,158541
1275,158540,0,                       0,158540,158540,0,                       0,158540
1276,158541,0,                       0,158539,158539,0,                       0,158541
1277,158540,0,                       0,158540,158540,0,                       0,158540
1278,158539,0,                       0,158541,158541,0,                       0,158539
1279,158540,0,                       0,158540,158540,0,                       0,158540
1280,158541,0,                       0,158539,158539,0,                       0,158541
1281,158542,0,                       0,158538,158538,0,                       0,158542
1282,158541,0,                       0,158539,158539,0,                       0,158541
1283,158542,0,                       0,158538,158538,0,                       0,158542
1284,158541,0,                       0,158539,158539,0,                       0,158541
1285,158542,0,                       0,158538,158538,0,                       0,158542
1286,158541,0,                       0,158539,158539,0,                       0,158541
1287,158540,0,                       0,158540,158540,0,                       0,158540
1288,158539,0,                       0,158541,158541,0,                       0,158539
1289,158540,0,                       0,158540,158540,0,                       0,158540
1290,158539,0,                       0,158541,158541,0,                       0,158539
1291,158540,0,                       0,158540,158540,0,                       0,158540
1292,158539,0,                       0,158541,158541,0,                       0,158539
1293,158540,0,                       0,158540,158540,0,                       0,158540
1294,158541,0,                       0,158539,158539,0,                       0,158541
1295,158540,0,                       0,158540,158540,0,                       0,158540
1296,158541,0,                       0,158539,158539,0,                       0,158541
1297,158540,0,                       0,158540,158540,0,                       0,158540
1298,158539,0,                       0,158541,158541,0,                       0,158539
1299,158540,0,                       0,158540,158540,0,                       0,158540
1300,158541,0,                       0,158539,158539,0,                       0,158541
1301,158542,0,                       0,158538,158538,0,                       0,158542
1302,158541,0,                       0,158539,158539,0,                       0,158541
1303,158540,0,                       0,158540,158540,0,                       0,158540
1304,158539,0,                       0,158541,158541,0,                       0,158539
1305,158540,0,                       0,158540,158540,0,                       0,158540
1306,158539,0,                       0,158541,158541,0,                       0,158539
1307,158538,0,                       0,158542,158542,0,                       0,158538
1308,158537,0,                       0,158543,158543,0,                       0,158537
1309,158538,0,                       0,158542,158542,0,                       0,158538
1310,158539,0,                       0,158541,158541,0,                       0,158539
1311,158540,0,                       0,158540,158540,0,                       0,158540
1312,158539,0,                       0,158541,158541,0,                       0,158539
1313,158540,0,                       0,158540,158540,0,                       0,158540
1314,158541,0,                       0,158539,158539,0,                       0,158541
1315,158540,0,                       0,158540,158540,0,                       0,158540
1316,158539,0,                       0,158541,158541,0,                       0,158539
1317,158540,0,                       0,158540,158540,0,                       0,158540
1318,158539,0,                       0,158541,158541,0,                       0,158539
1319,158540,0,                       0,158540,158540,0,                       0,158540
1320,158539,0,                       0,158541,158541,0,                       0,158539
1321,158538,0,                       0,158542,158542,0,                       0,158538
1322,158539,0,                       0,158541,158541,0,                       0,158539
1323,158540,0,                       0,158540,158540,0,                       0,158540
1324,158539,0,                       0,158541,158541,0,                       0,158539
1325,158540,0,                       0,158540,158540,0,                       0,158540
1326,158539,0,                       0,158541,158541,0,                       0,158539
1327,158540,0,                       0,158540,158540,0,                       0,158540
1328,158541,0,                       0,158539,158539,0,                       0,158541
1329,158542,0,                       0,158538,158538,0,                       0,158542
1330,158543,0,                       0,158537,158537,0,                       0,158543
1331,158542,0,                       0,158538,158538,0,                       0,158542
1332,158541,0,                       0,158539,158539,0,                       0,158541
1333,158540,0,                       0,158540,158540,0,                       0,158540
1334,158539,0,                       0,158541,158541,0,                       0,158539
1335,158538,0,                       0,158542,158542,0,                       0,158538
1336,158539,0,                       0,158541,158541,0,                       0,158539
1337,158538,0,                       0,158542,158542,0,                       0,158538
1338,158539,0,                       0,158541,158541,0,                       0,158539
1339,158540,0,                       0,158540,158540,0,                       0,158540
1340,158541,0,                       0,158539,158539,0,                       0,158541
1341,158542,0,                       0,158538,158538,0,                       0,158542
1342,158543,0,                       0,158537,158537,0,                       0,158543
1343,158542,0,                       0,158538,158538,0,                       0,158542
1344,158543,0,                       0,158537,158537,0,                       0,158543
1345,158542,0,                       0,158538,158538,0,                       0,158542
1346,158541,0,                       0,158539,158539,0,                       0,158541
1347,158540,0,                       0,158540,158540,0,                       0,158540
1348,158541,0,                       0,158539,158539,0,                       0,158541
1349,158540,0,                       0,158540,158540,0,                       0,158540
1350,158539,0,                       0,158541,158541,0,                       0,158539
1351,158540,0,                       0,158540,158540,0,                       0,158540
1352,158539,0,                       0,158541,158541,0,                       0,158539
1353,158538,0,                       0,158542,158542,0,                       0,158538
1354,158539,0,                       0,158541,158541,0,                       0,158539
1355,158540,0,                       0,158540,158540,0,                       0,158540
1356,158539,0,                       0,158541,158541,0,                       0,158539
1357,158540,0,                       0,158540,158540,0,                       0,158540
1358,158539,0,                       0,158541,158541,0,                       0,158539
1359,158540,0,                       0,158540,158540,0,                       0,158540
1360,158539,0,                       0,158541,158541,0,                       0,158539
1361,158538,0,                       0,158542,158542,0,                       0,158538
1362,158537,0,                       0,158543,158543,0,                       0,158537
1363,158538,0,                       0,158542,158542,0,                       0,158538
1364,158537,0,                       0,158543,158543,0,                       0,158537
1365,158538,0,                       0,158542,158542,0,                       0,158538
1366,158539,0,                       0,158541,158541,0,                       0,158539
1367,158540,0,                       0,158540,158540,0,                       0,158540
1368,158541,0,                       0,158539,158539,0,                       0,158541
1369,158542,0,                       0,158538,158538,0,                       0,158542
1370,158541,0,                       0,158539,158539,0,                       0,158541
1371,158540,0,                       0,158540,158540,0,                       0,158540
1372,158541,0,                       0,158539,158539,0,                       0,158541
1373,158542,0,                       0,158538,158538,0,                       0,158542
1374,158543,0,                       0,158537,158537,0,                       0,158543
1375,158542,0,                       0,158538,158538,0,                       0,158542
1376,158541,0,                       0,158539,158539,0,                       0,158541
1377,158542,0,                       0,158538,158538,0,                       0,158542
1378,158541,0,                       0,158539,158539,0,                       0,158541
1379,158542,0,                       0,158538,158538,0,                       0,158542
1380,158543,0,                       0,158537,158537,0,                       0,158543
1381,158542,0,                       0,158538,158538,0,                       0,158542
1382,158541,0,                       0,158539,158539,0,                       0,158541
1383,158542,0,                       0,158538,158538,0,                       0,158542
1384,158543,0,                       0,158537,158537,0,                       0,158543
1385,158544,0,                       0,158536,158536,0,                       0,158544
1386,158543,0,                       0,158537,158537,0,                       0,158543
1387,158542,0,                       0,158538,158538,0,                       0,158542
1388,158541,0,                       0,158539,158539,0,                       0,158541
1389,158542,0,                       0,158538,158538,0,                       0,158542
1390,158541,0,                       0,158539,158539,0,                       0,158541
1391,158540,0,                       0,158540,158540,0,                       0,158540
1392,158539,0,                       0,158541,158541,0,                       0,158539
1393,158540,0,                       0,158540,158540,0,                       0,158540
1394,158541,0,                       0,158539,158539,0,                       0,158541
1395,158542,0,                       0,158538,158538,0,                       0,158542
1396,158541,0,                       0,158539,158539,0,                       0,158541
1397,158540,0,                       0,158540,158540,0,                       0,158540
1398,158539,0,                       0,158541,158541,0,                       0,158539
1399,158538,0,                       0,158542,158542,0,                       0,158538
1400,158537,0,                       0,158543,158543,0,                       0,158537
1401,158538,0,                       0,158542,158542,0,                       0,158538
1402,158539,0,                       0,158541,158541,0,                       0,158539
1403,158538,0,                       0,158542,158542,0,                       0,158538
1404,158539,0,                       0,158541,158541,0,                       0,158539
1405,158540,0,                       0,158540,158540,0,                       0,158540
1406,158541,0,                       0,158539,158539,0,                       0,158541
1407,158542,0,                       0,158538,158538,0,                       0,158542
1408,158541,0,                       0,158539,158539,0,                       0,158541
1409,158540,0,                       0,158540,158540,0,                       0,158540
1410,158541,0,                       0,158539,158539,0,                       0,158541
1411,158540,0,                       0,158540,158540,0,                       0,158540
1412,158541,0,                       0,158539,158539,0,                       0,158541
1413,158540,0,                       0,158540,158540,0,                       0,158540
1414,158541,0,                       0,158539,158539,0,                       0,158541
1415,158542,0,                       0,158538,158538,0,                       0,158542
1416,158541,0,                       0,158539,158539,0,                       0,158541
1417,158540,0,                       0,158540,158540,0,                       0,158540
1418,158539,0,                       0,158541,158541,0,                       0,158539
1419,158538,0,                       0,158542,158542,0,                       0,158538
1420,158539,0,                       0,158541,158541,0,                       0,158539
1421,158540,0,                       0,158540,158540,0,                       0,158540
1422,158539,0,                       0,158541,158541,0,                       0,158539
1423,158540,0,                       0,158540,158540,0,                       0,158540
1424,158539,0,                       0,158541,158541,0,                       0,158539
1425,158540,0,                       0,158540,158540,0,                       0,158540
1426,158541,0,                       0,158539,158539,0,                       0,158541
1427,158540,0,                       0,158540,158540,0,                       0,158540
1428,158541,0,                       0,158539,158539,0,                       0,158541
1429,158540,0,                       0,158540,158540,0,                       0,158540
1430,158541,0,                       0,158539,158539,0,                       0,158541
1431,158540,0,                       0,158540,158540,0,                       0,158540
1432,158539,0,                       0,158541,158541,0,                       0,158539
1433,158540,0,                       0,158540,158540,0,                       0,158540
1434,158539,0,                       0,158541,158541,0,                       0,158539
1435,158540,0,                       0,158540,158540,0,                       0,158540
1436,158541,0,                       0,158539,158539,0,                       0,158541
1437,158542,0,                       0,158538,158538,0,                       0,158542
1438,158541,0,                       0,158539,158539,0,                       0,158541
1439,158540,0,                       0,158540,158540,0,                       0,158540
1440,158541,0,                       0,158539,158539,0,                       0,158541
1441,158540,0,                       0,158540,158540,0,                       0,158540
1442,158539,0,                       0,158541,158541,0,                       0,158539
1443,158540,0,                       0,158540,158540,0,                       0,158540
1444,158541,0,                       0,158539,158539,0,                       0,158541
1445,158540,0,                       0,158540,158540,0,                       0,158540
1446,158541,0,                       0,158539,158539,0,                       0,158541
1447,158542,0,                       0,158538,158538,0,                       0,158542
1448,158543,0,                       0,158537,158537,0,                       0,158543
1449,158542,0,                       0,158538,158538,0,                       0,158542
1450,158541,0,                       0,158539,158539,0,                       0,158541
1451,158542,0,                       0,158538,158538,0,                       0,158542
1452,158541,0,                       0,158539,158539,0,                       0,158541
1453,158540,0,                       0,158540,158540,0,                       0,158540
1454,158539,0,                       0,158541,158541,0,                       0,158539
1455,158538,0,                       0,158542,158542,0,                       0,158538
1456,158539,0,                       0,158541,158541,0,                       0,158539
1457,158538,0,                       0,158542,158542,0,                       0,158538
1458,158539,0,                       0,158541,158541,0,                       0,158539
1459,158540,0,                       0,158540,158540,0,                       0,158540
1460,158541,0,                       0,158539,158539,0,                       0,158541
1461,158542,0,                       0,158538,158538,0,                       0,158542
1462,158541,0,                       0,158539,158539,0,                       0,158541
1463,158540,0,                       0,158540,158540,0,                       0,158540
1464,158541,0,                       0,158539,158539,0,                       0,158541
1465,158542,0,                       0,158538,158538,0,                       0,158542
1466,158543,0,                       0,158537,158537,0,                       0,158543
1467,158542,0,                       0,158538,158538,0,                       0,158542
1468,158541,0,                       0,158539,158539,0,                       0,158541
1469,158542,0,                       0,158538,158538,0,                       0,158542
1470,158541,0,                       0,158539,158539,0,                       0,158541
1471,158540,0,                       0,158540,158540,0,                       0,158540
1472,158541,0,                       0,158539,158539,0,                       0,158541
1473,158540,0,                       0,158540,158540,0,                       0,158540
1474,158539,0,                       0,158541,158541,0,                       0,158539
1475,158538,0,                       0,158542,158542,0,                       0,158538
1476,158539,0,                       0,158541,158541,0,                       0,158539
1477,158540,0,                       0,158540,158540,0,                       0,158540
1478,158541,0,                       0,158539,158539,0,                       0,158541
1479,158542,0,                       0,158538,158538,0,                       0,158542
1480,158541,0,                       0,158539,158539,0,                       0,158541
1481,158542,0,                       0,158538,158538,0,                       0,158542
1482,158543,0,                       0,158537,158537,0,                       0,158543
1483,158542,0,                       0,158538,158538,0,                       0,158542
1484,158541,0,                       0,158539,158539,0,                       0,158541
1485,158540,0,                       0,158540,158540,0,                       0,158540
1486,158539,0,                       0,158541,158541,0,                       0,158539
1487,158538,0,                       0,158542,158542,0,                       0,158538
1488,158539,0,                       0,158541,158541,0,                       0,158539
1489,158538,0,                       0,158542,158542,0,                       0,158538
1490,158539,0,                       0,158541,158541,0,                       0,158539
1491,158540,0,                       0,158540,158540,0,                       0,158540
1492,158539,0,                       0,158541,158541,0,                       0,158539
1493,158540,0,                       0,158540,158540,0,                       0,158540
1494,158541,0,                       0,158539,158539,0,                       0,158541
1495,158540,0,                       0,158540,158540,0,                       0,158540
1496,158541,0,                       0,158539,158539,0,                       0,158541
1497,158540,0,                       0,158540,158540,0,                       0,158540
1498,158539,0,                       0,158541,158541,0,                       0,158539
1499,158540,0,                       0,158540,158540,0,                       0,158540
1500,158539,0,                       0,158541,158541,0,                       0,158539
1501,158538,0,                       0,158542,158542,0,                       0,158538
1502,158539,0,                       0,158541,158541,0,                       0,158539
1503,158538,0,                       0,158542,158542,0,                       0,158538
1504,158539,0,                       0,158541,158541,0,                       0,158539
1505,158540,0,                       0,158540,158540,0,                       0,158540
1506,158541,0,                       0,158539,158539,0,                       0,158541
1507,158540,0,                       0,158540,158540,0,                       0,158540
1508,158539,0,                       0,158541,158541,0,                       0,158539
1509,158540,0,                       0,158540,158540,0,                       0,158540
1510,158539,0,                       0,158541,158541,0,                       0,158539
1511,158538,0,                       0,158542,158542,0,                       0,158538
1512,158539,0,                       0,158541,158541,0,                       0,158539
1513,158540,0,                       0,158540,158540,0,                       0,158540
1514,158539,0,                       0,158541,158541,0,                       0,158539
1515,158540,0,                       0,158540,158540,0,                       0,158540
1516,158539,0,                       0,158541,158541,0,                       0,158539
1517,158538,0,                       0,158542,158542,0,                       0,158538
1518,158539,0,                       0,158541,158541,0,                       0,158539
1519,158540,0,                       0,158540,158540,0,                       0,158540
1520,158539,0,                       0,158541,158541,0,                       0,158539
1521,158538,0,                       0,158542,158542,0,                       0,158538
1522,158539,0,                       0,158541,158541,0,                       0,158539
1523,158540,0,                       0,158540,158540,0,                       0,158540
1524,158541,0,                       0,158539,158539,0,                       0,158541
1525,158540,0,                       0,158540,158540,0,                       0,158540
1526,158541,0,                       0,158539,158539,0,                       0,158541
1527,158540,0,                       0,158540,158540,0,                       0,158540
1528,158541,0,                       0,158539,158539,0,                       0,158541
1529,158540,0,                       0,158540,158540,0,                       0,158540
1530,158541,0,                       0,158539,158539,0,                       0,158541
1531,158540,0,                       0,158540,158540,0,                       0,158540
1532,158539,0,                       0,158541,158541,0,                       0,158539
1533,158540,0,                       0,158540,158540,0,                       0,158540
1534,158541,0,                       0,158539,158539,0,                       0,158541
1535,158540,0,                       0,158540,158540,0,                       0,158540
1536,158539,0,                       0,158541,158541,0,                       0,158539
1537,158540,0,                       0,158540,158540,0,                       0,158540
1538,158541,0,                       0,158539,158539,0,                       0,158541
1539,158540,0,                       0,158540,158540,0,                       0,158540
1540,158541,0,                       0,158539,158539,0,                       0,158541
1541,158542,0,                       0,158538,158538,0,                       0,158542
1542,158541,0,                       0,158539,158539,0,                       0,158541
1543,158540,0,                       0,158540,158540,0,                       0,158540
1544,158541,0,                       0,158539,158539,0,                       0,158541
1545,158540,0,                       0,158540,158540,0,                       0,158540
1546,158539,0,                       0,158541,158541,0,                       0,158539
1547,158538,0,                       0,158542,158542,0,                       0,158538
1548,158539,0,                       0,158541,158541,0,                       0,158539
1549,158540,0,                       0,158540,158540,0,                       0,158540
1550,158541,0,                       0,158539,158539,0,                       0,158541
1551,158540,0,                       0,158540,158540,0,                       0,158540
1552,158541,0,                       0,158539,158539,0,                       0,158541
1553,158540,0,                       0,158540,158540,0,                       0,158540
1554,158539,0,                       0,158541,158541,0,                       0,158539
1555,158540,0,                       0,158540,158540,0,                       0,158540
1556,158541,0,                       0,158539,158539,0,                       0,158541
1557,158540,0,                       0,158540,158540,0,                       0,158540
1558,158541,0,                       0,158539,158539,0,                       0,158541
1559,158542,0,                       0,158538,158538,0,                       0,158542
1560,158541,0,                       0,158539,158539,0,                       0,158541
1561,158540,0,                       0,158540,158540,0,                       0,158540
1562,158541,0,                       0,158539,158539,0,                       0,158541
1563,158540,0,                       0,158540,158540,0,                       0,158540
1564,158539,0,                       0,158541,158541,0,                       0,158539
1565,158538,0,                       0,158542,158542,0,                       0,158538
1566,158537,0,                       0,158543,158543,0,                       0,158537
1567,158538,0,                       0,158542,158542,0,                       0,158538
1568,158539,0,                       0,158541,158541,0,                       0,158539
1569,158540,0,                       0,158540,158540,0,                       0,158540
1570,158541,0,                       0,158539,158539,0,                       0,158541
1571,158540,0,                       0,158540,158540,0,                       0,158540
1572,158541,0,                       0,158539,158539,0,                       0,158541
1573,158540,0,                       0,158540,158540,0,                       0,158540
1574,158539,0,                       0,158541,158541,0,                       0,158539
1575,158540,0,                       0,158540,158540,0,                       0,158540
1576,158539,0,                       0,158541,158541,0,                       0,158539
1577,158540,0,                       0,158540,158540,0,                       0,158540
1578,158539,0,                       0,158541,158541,0,                       0,158539
1579,158540,0,                       0,158540,158540,0,                       0,158540
1580,158541,0,                       0,158539,158539,0,                       0,158541
1581,158542,0,                       0,158538,158538,0,                       0,158542
1582,158541,0,                       0,158539,158539,0,                       0,158541
1583,158542,0,                       0,158538,158538,0,                       0,158542
1584,158541,0,                       0,158539,158539,0,                       0,158541
1585,158540,0,                       0,158540,158540,0,                       0,158540
1586,158541,0,                       0,158539,158539,0,                       0,158541
1587,158542,0,                       0,158538,158538,0,                       0,158542
1588,158541,0,                       0,158539,158539,0,                       0,158541
1589,158540,0,                       0,158540,158540,0,                       0,158540
1590,158541,0,                       0,158539,158539,0,                       0,158541
1591,158540,0,                       0,158540,158540,0,                       0,158540
1592,158539,0,                       0,158541,158541,0,                       0,158539
1593,158538,0,                       0,158542,158542,0,                       0,158538
1594,158537,0,                       0,158543,158543,0,                       0,158537
1595,158538,0,                       0,158542,158542,0,                       0,158538
1596,158539,0,                       0,158541,158541,0,                       0,158539
1597,158540,0,                       0,158540,158540,0,                       0,158540
1598,158541,0,                       0,158539,158539,0,                       0,158541
1599,158540,0,                       0,158540,158540,0,                       0,158540
1600,158539,0,                       0,158541,158541,0,                       0,158539
1601,158540,0,                       0,158540,158540,0,                       0,158540
1602,158539,0,                       0,158541,158541,0,                       0,158539
1603,158540,0,                       0,158540,158540,0,                       0,158540
1604,158539,0,                       0,158541,158541,0,                       0,158539
1605,158538,0,                       0,158542,158542,0,                       0,158538
1606,158539,0,                       0,158541,158541,0,                       0,158539
1607,158538,0,                       0,158542,158542,0,                       0,158538
1608,158539,0,                       0,158541,158541,0,                       0,158539
1609,158538,0,                       0,158542,158542,0,                       0,158538
1610,158539,0,                       0,158541,158541,0,                       0,158539
1611,158540,0,                       0,158540,158540,0,                       0,158540
1612,158541,0,                       0,158539,158539,0,                       0,158541
1613,158542,0,                       0,158538,158538,0,                       0,158542
1614,158543,0,                       0,158537,158537,0,                       0,158543
1615,158542,0,                       0,158538,158538,0,                       0,158542
1616,158541,0,                       0,158539,158539,0,                       0,158541
1617,158540,0,                       0,158540,158540,0,                       0,158540
1618,158541,0,                       0,158539,158539,0,                       0,158541
1619,158540,0,                       0,158540,158540,0,                       0,158540
1620,158541,0,                       0,158539,158539,0,                       0,158541
1621,158540,0,                       0,158540,158540,0,                       0,158540
1622,158539,0,                       0,158541,158541,0,                       0,158539
1623,158540,0,                       0,158540,158540,0,                       0,158540
1624,158539,0,                       0,158541,158541,0,                       0,158539
1625,158538,0,                       0,158542,158542,0,                       0,158538
1626,158539,0,                       0,158541,158541,0,                       0,158539
1627,158540,0,                       0,158540,158540,0,                       0,158540
1628,158541,0,                       0,158539,158539,0,                       0,158541
1629,158540,0,                       0,158540,158540,0,                       0,158540
1630,158539,0,                       0,158541,158541,0,                       0,158539
1631,158538,0,                       0,158542,158542,0,                       0,158538
1632,158539,0,                       0,158541,158541,0,                       0,158539
1633,158540,0,                       0,158540,158540,0,                       0,158540
1634,158539,0,                       0,158541,158541,0,                       0,158539
1635,158538,0,                       0,158542,158542,0,                       0,158538
1636,158539,0,                       0,158541,158541,0,                       0,158539
1637,158540,0,                       0,158540,158540,0,                       0,158540
1638,158539,0,                       0,158541,158541,0,                       0,158539
1639,158538,0,                       0,158542,158542,0,                       0,158538
1640,158539,0,                       0,158541,158541,0,                       0,158539
1641,158540,0,                       0,158540,158540,0,                       0,158540
1642,158541,0,                       0,158539,158539,0,                       0,158541
1643,158540,0,                       0,158540,158540,0,                       0,158540
1644,158539,0,                       0,158541,158541,0,                       0,158539
1645,158540,0,                       0,158540,158540,0,                       0,158540
1646,158539,0,                       0,158541,158541,0,                       0,158539
1647,158538,0,                       0,158542,158542,0,                       0,158538
1648,158537,0,                       0,158543,158543,0,                       0,158537
1649,158538,0,                       0,158542,158542,0,                       0,158538
1650,158539,0,                       0,158541,158541,0,                       0,158539
1651,158540,0,                       0,158540,158540,0,                       0,158540
1652,158539,0,                       0,158541,158541,0,                       0,158539
1653,158540,0,                       0,158540,158540,0,                       0,158540
1654,158539,0,                       0,158541,158541,0,                       0,158539
1655,158540,0,                       0,158540,158540,0,                       0,158540
1656,158539,0,                       0,158541,158541,0,                       0,158539
1657,158538,0,                       0,158542,158542,0,                       0,158538
1658,158539,0,                       0,158541,158541,0,                       0,158539
1659,158540,0,                       0,158540,158540,0,                       0,158540
1660,158541,0,                       0,158539,158539,0,                       0,158541
1661,158542,0,                       0,158538,158538,0,                       0,158542
1662,158543,0,                       0,158537,158537,0,                       0,158543
1663,158542,0,                       0,158538,158538,0,                       0,158542
1664,158541,0,                       0,158539,158539,0,                       0,158541
1665,158540,0,                       0,158540,158540,0,                       0,158540
1666,158539,0,                       0,158541,158541,0,                       0,158539
1667,158540,0,                       0,158540,158540,0,                       0,158540
1668,158541,0,                       0,158539,158539,0,                       0,158541
1669,158540,0,                       0,158540,158540,0,                       0,158540
1670,158541,0,                       0,158539,158539,0,                       0,158541
1671,158540,0,                       0,158540,158540,0,                       0,158540
1672,158541,0,                       0,158539,158539,0,                       0,158541
1673,158540,0,                       0,158540,158540,0,                       0,158540
1674,158541,0,                       0,158539,158539,0,                       0,158541
1675,158542,0,                       0,158538,158538,0,                       0,158542
1676,158541,0,                       0,158539,158539,0,                       0,158541
1677,158542,0,                       0,158538,158538,0,                       0,158542
1678,158543,0,                       0,158537,158537,0,                       0,158543
1679,158544,0,                       0,158536,158536,0,                       0,158544
1680,158543,0,                       0,158537,158537,0,                       0,158543
1681,158542,0,                       0,158538,158538,0,                       0,158542
1682,158541,0,                       0,158539,158539,0,                       0,158541
1683,158540,0,                       0,158540,158540,0,                       0,158540
1684,158539,0,                       0,158541,158541,0,                       0,158539
1685,158538,0,                       0,158542,158542,0,                       0,158538
1686,158539,0,                       0,158541,158541,0,                       0,158539
1687,158540,0,                       0,158540,158540,0,                       0,158540
1688,158541,0,                       0,158539,158539,0,                       0,158541
1689,158540,0,                       0,158540,158540,0,                       0,158540
1690,158541,0,                       0,158539,158539,0,                       0,158541
1691,158542,0,                       0,158538,158538,0,                       0,158542
1692,158541,0,                       0,158539,158539,0,                       0,158541
1693,158540,0,                       0,158540,158540,0,                       0,158540
1694,158541,0,                       0,158539,158539,0,                       0,158541
1695,158540,0,                       0,158540,158540,0,                       0,158540
1696,158541,0,                       0,158539,158539,0,                       0,158541
1697,158542,0,                       0,158538,158538,0,                       0,158542
1698,158541,0,                       0,158539,158539,0,                       0,158541
1699,158540,0,                       0,158540,158540,0,                       0,158540
1700,158539,0,                       0,158541,158541,0,                       0,158539
1701,158540,0,                       0,158540,158540,0,                       0,158540
1702,158541,0,                       0,158539,158539,0,                       0,158541
1703,158542,0,                       0,158538,158538,0,                       0,158542
1704,158541,0,                       0,158539,158539,0,                       0,158541
1705,158540,0,                       0,158540,158540,0,                       0,158540
1706,158539,0,                       0,158541,158541,0,                       0,158539
1707,158538,0,                       0,158542,158542,0,                       0,158538
1708,158539,0,                       0,158541,158541,0,                       0,158539
1709,158540,0,                       0,158540,158540,0,                       0,158540
1710,158541,0,                       0,158539,158539,0,                       0,158541
1711,158540,0,                       0,158540,158540,0,                       0,158540
1712,158539,0,                       0,158541,158541,0,                       0,158539
1713,158540,0,                       0,158540,158540,0,                       0,158540
1714,158539,0,                       0,158541,158541,0,                       0,158539
1715,158540,0,                       0,158540,158540,0,                       0,158540
1716,158541,0,                       0,158539,158539,0,                       0,158541
1717,158542,0,                       0,158538,158538,0,                       0,158542
1718,158541,0,                       0,158539,158539,0,                       0,158541
1719,158540,0,                       0,158540,158540,0,                       0,158540
1720,158541,0,                       0,158539,158539,0,                       0,158541
1721,158542,0,                       0,158538,158538,0,                       0,158542
1722,158541,0,                       0,158539,158539,0,                       0,158541
1723,158542,0,                       0,158538,158538,0,                       0,158542
1724,158543,0,                       0,158537,158537,0,                       0,158543
1725,158542,0,                       0,158538,158538,0,                       0,158542
1726,158541,0,                       0,158539,158539,0,                       0,158541
1727,158542,0,                       0,158538,158538,0,                       0,158542
1728,158541,0,                       0,158539,158539,0,                       0,158541
1729,158540,0,                       0,158540,158540,0,                       0,158540
1730,158541,0,                       0,158539,158539,0,                       0,158541
1731,158540,0,                       0,158540,158540,0,                       0,158540
1732,158541,0,                       0,158539,158539,0,                       0,158541
1733,158540,0,                       0,158540,158540,0,                       0,158540
1734,158541,0,                       0,158539,158539,0,                       0,158541
1735,158540,0,                       0,158540,158540,0,                       0,158540
1736,158541,0,                       0,158539,158539,0,                       0,158541
1737,158540,0,                       0,158540,158540,0,                       0,158540
1738,158541,0,                       0,158539,158539,0,                       0,158541
1739,158540,0,                       0,158540,158540,0,                       0,158540
1740,158541,0,                       0,158539,158539,0,                       0,158541
1741,158542,0,                       0,158538,158538,0,                       0,158542
1742,158541,0,                       0,158539,158539,0,                       0,158541
1743,158542,0,                       0,158538,158538,0,                       0,158542
1744,158541,0,                       0,158539,158539,0,                       0,158541
1745,158540,0,                       0,158540,158540,0,                       0,158540
1746,158541,0,                       0,158539,158539,0,                       0,158541
1747,158542,0,                       0,158538,158538,0,                       0,158542
1748,158541,0,                       0,158539,158539,0,                       0,158541
1749,158540,0,                       0,158540,158540,0,                       0,158540
1750,158539,0,                       0,158541,158541,0,                       0,158539
1751,158538,0,                       0,158542,158542,0,                       0,158538
1752,158537,0,                       0,158543,158543,0,                       0,158537
1753,158538,0,                       0,158542,158542,0,                       0,158538
1754,158539,0,                       0,158541,158541,0,                       0,158539
1755,158540,0,                       0,158540,158540,0,                       0,158540
1756,158541,0,                       0,158539,158539,0,                       0,158541
1757,158540,0,                       0,158540,158540,0,                       0,158540
1758,158539,0,                       0,158541,158541,0,                       0,158539
1759,158538,0,                       0,158542,158542,0,                       0,158538
1760,158539,0,                       0,158541,158541,0,                       0,158539
1761,158538,0,                       0,158542,158542,0,                       0,158538
1762,158537,0,                       0,158543,158543,0,                       0,158537
1763,158538,0,                       0,158542,158542,0,                       0,158538
1764,158539,0,                       0,158541,158541,0,                       0,158539
1765,158540,0,                       0,158540,158540,0,                       0,158540
1766,158539,0,                       0,158541,158541,0,                       0,158539
1767,158540,0,                       0,158540,158540,0,                       0,158540
1768,158539,0,                       0,158541,158541,0,                       0,158539
1769,158540,0,                       0,158540,158540,0,                       0,158540
1770,158541,0,                       0,158539,158539,0,                       0,158541
1771,158540,0,                       0,158540,158540,0,                       0,158540
1772,158539,0,                       0,158541,158541,0,                       0,158539
1773,158538,0,                       0,158542,158542,0,                       0,158538
1774,158537,0,                       0,158543,158543,0,                       0,158537
1775,158536,0,                       0,158544,158544,0,                       0,158536
1776,158537,0,                       0,158543,158543,0,                       0,158537
1777,158538,0,                       0,158542,158542,0,                       0,158538
1778,158539,0,                       0,158541,158541,0,                       0,158539
1779,158540,0,                       0,158540,158540,0,                       0,158540
1780,158541,0,                       0,158539,158539,0,                       0,158541
1781,158540,0,                       0,158540,158540,0,                       0,158540
1782,158541,0,                       0,158539,158539,0,                       0,158541
1783,158540,0,                       0,158540,158540,0,                       0,158540
1784,158539,0,                       0,158541,158541,0,                       0,158539
1785,158538,0,                       0,158542,158542,0,                       0,158538
1786,158539,0,                       0,158541,158541,0,                       0,158539
1787,158540,0,                       0,158540,158540,0,                       0,158540
1788,158541,0,                       0,158539,158539,0,                       0,158541
1789,158542,0,                       0,158538,158538,0,                       0,158542
1790,158541,0,                       0,158539,158539,0,                       0,158541
1791,158542,0,                       0,158538,158538,0,                       0,158542
1792,158541,0,                       0,158539,158539,0,                       0,158541
1793,158540,0,                       0,158540,158540,0,                       0,158540
1794,158541,0,                       0,158539,158539,0,                       0,158541
1795,158542,0,                       0,158538,158538,0,                       0,158542
1796,158541,0,                       0,158539,158539,0,                       0,158541
1797,158540,0,                       0,158540,158540,0,                       0,158540
1798,158541,0,                       0,158539,158539,0,                       0,158541
1799,158540,0,                       0,158540,158540,0,                       0,158540
1800,158541,0,                       0,158539,158539,0,                       0,158541
1801,158542,0,                       0,158538,158538,0,                       0,158542
1802,158543,0,                       0,158537,158537,0,                       0,158543
1803,158542,0,                       0,158538,158538,0,                       0,158542
1804,158541,0,                       0,158539,158539,0,                       0,158541
1805,158540,0,                       0,158540,158540,0,                       0,158540
1806,158539,0,                       0,158541,158541,0,                       0,158539
1807,158540,0,                       0,158540,158540,0,                       0,158540
1808,158539,0,                       0,158541,158541,0,                       0,158539
1809,158538,0,                       0,158542,158542,0,                       0,158538
1810,158539,0,                       0,158541,158541,0,                       0,158539
1811,158540,0,                       0,158540,158540,0,                       0,158540
1812,158541,0,                       0,158539,158539,0,                       0,158541
1813,158540,0,                       0,158540,158540,0,                       0,158540
1814,158541,0,                       0,158539,158539,0,                       0,158541
1815,158540,0,                       0,158540,158540,0,                       0,158540
1816,158539,0,                       0,158541,158541,0,                       0,158539
1817,158540,0,                       0,158540,158540,0,                       0,158540
1818,158539,0,                       0,158541,158541,0,                       0,158539
1819,158538,0,                       0,158542,158542,0,                       0,158538
1820,158539,0,                       0,158541,158541,0,                       0,158539
1821,158540,0,                       0,158540,158540,0,                       0,158540
1822,158541,0,                       0,158539,158539,0,                       0,158541
1823,158540,0,                       0,158540,158540,0,                       0,158540
1824,158539,0,                       0,158541,158541,0,                       0,158539
1825,158540,0,                       0,158540,158540,0,                       0,158540
1826,158539,0,                       0,158541,158541,0,                       0,158539
1827,158538,0,                       0,158542,158542,0,                       0,158538
1828,158539,0,                       0,158541,158541,0,                       0,158539
1829,158540,0,                       0,158540,158540,0,                       0,158540
1830,158539,0,                       0,158541,158541,0,                       0,158539
1831,158540,0,                       0,158540,158540,0,                       0,158540
1832,158539,0,                       0,158541,158541,0,                       0,158539
1833,158540,0,                       0,158540,158540,0,                       0,158540
1834,158541,0,                       0,158539,158539,0,                       0,158541
1835,158542,0,                       0,158538,158538,0,                       0,158542
1836,158541,0,                       0,158539,158539,0,                       0,158541
1837,158540,0,                       0,158540,158540,0,                       0,158540
1838,158539,0,                       0,158541,158541,0,                       0,158539
1839,158538,0,                       0,158542,158542,0,                       0,158538
1840,158537,0,                       0,158543,158543,0,                       0,158537
1841,158538,0,                       0,158542,158542,0,                       0,158538
1842,158539,0,                       0,158541,158541,0,                       0,158539
1843,158538,0,                       0,158542,158542,0,                       0,158538
1844,158539,0,                       0,158541,158541,0,                       0,158539
1845,158538,0,                       0,158542,158542,0,                       0,158538
1846,158537,0,                       0,158543,158543,0,                       0,158537
1847,158538,0,                       0,158542,158542,0,                       0,158538
1848,158539,0,                       0,158541,158541,0,                       0,158539
1849,158540,0,                       0,158540,158540,0,                       0,158540
1850,158541,0,                       0,158539,158539,0,                       0,158541
1851,158540,0,                       0,158540,158540,0,                       0,158540
1852,158541,0,                       0,158539,158539,0,                       0,158541
1853,158542,0,                       0,158538,158538,0,                       0,158542
1854,158541,0,                       0,158539,158539,0,                       0,158541
1855,158542,0,                       0,158538,158538,0,                       0,158542
1856,158541,0,                       0,158539,158539,0,                       0,158541
1857,158540,0,                       0,158540,158540,0,                       0,158540
1858,158541,0,                       0,158539,158539,0,                       0,158541
1859,158542,0,                       0,158538,158538,0,                       0,158542
1860,158541,0,                       0,158539,158539,0,                       0,158541
1861,158542,0,                       0,158538,158538,0,                       0,158542
1862,158543,0,                       0,158537,158537,0,                       0,158543
1863,158542,0,                       0,158538,158538,0,                       0,158542
1864,158541,0,                       0,158539,158539,0,                       0,158541
1865,158540,0,                       0,158540,158540,0,                       0,158540
1866,158539,0,                       0,158541,158541,0,                       0,158539
1867,158540,0,                       0,158540,158540,0,                       0,158540
1868,158539,0,                       0,158541,158541,0,                       0,158539
1869,158540,0,                       0,158540,158540,0,                       0,158540
1870,158539,0,                       0,158541,158541,0,                       0,158539
1871,158540,0,                       0,158540,158540,0,                       0,158540
1872,158541,0,                       0,158539,158539,0,                       0,158541
1873,158542,0,                       0,158538,158538,0,                       0,158542
1874,158541,0,                       0,158539,158539,0,                       0,158541
1875,158540,0,                       0,158540,158540,0,                       0,158540
1876,158541,0,                       0,158539,158539,0,                       0,158541
1877,158542,0,                       0,158538,158538,0,                       0,158542
1878,158541,0,                       0,158539,158539,0,                       0,158541
1879,158542,0,                       0,158538,158538,0,                       0,158542
1880,158541,0,                       0,158539,158539,0,                       0,158541
1881,158540,0,                       0,158540,158540,0,                       0,158540
1882,158541,0,                       0,158539,158539,0,                       0,158541
1883,158540,0,                       0,158540,158540,0,                       0,158540
1884,158539,0,                       0,158541,158541,0,                       0,158539
1885,158538,0,                       0,158542,158542,0,                       0,158538
1886,158539,0,                       0,158541,158541,0,                       0,158539
1887,158538,0,                       0,158542,158542,0,                       0,158538
1888,158539,0,                       0,158541,158541,0,                       0,158539
1889,158540,0,                       0,158540,158540,0,                       0,158540
1890,158541,0,                       0,158539,158539,0,                       0,158541
1891,158542,0,                       0,158538,158538,0,                       0,158542
1892,158541,0,                       0,158539,158539,0,                       0,158541
1893,158540,0,                       0,158540,158540,0,                       0,158540
1894,158539,0,                       0,158541,158541,0,                       0,158539
1895,158538,0,                       0,158542,158542,0,                       0,158538
1896,158539,0,                       0,158541,158541,0,                       0,158539
1897,158538,0,                       0,158542,158542,0,                       0,158538
1898,158539,0,                       0,158541,158541,0,                       0,158539
1899,158540,0,                       0,158540,158540,0,                       0,158540
1900,158539,0,                       0,158541,158541,0,                       0,158539
1901,158540,0,                       0,158540,158540,0,                       0,158540
1902,158539,0,                       0,158541,158541,0,                       0,158539
1903,158538,0,                       0,158542,158542,0,                       0,158538
1904,158539,0,                       0,158541,158541,0,                       0,158539
1905,158540,0,                       0,158540,158540,0,                       0,158540
1906,158539,0,                       0,158541,158541,0,                       0,158539
1907,158540,0,                       0,158540,158540,0,                       0,158540
1908,158541,0,                       0,158539,158539,0,                       0,158541
1909,158540,0,                       0,158540,158540,0,                       0,158540
1910,158539,0,                       0,158541,158541,0,                       0,158539
1911,158538,0,                       0,158542,158542,0,                       0,158538
1912,158539,0,                       0,158541,158541,0,                       0,158539
1913,158538,0,                       0,158542,158542,0,                       0,158538
1914,158539,0,                       0,158541,158541,0,                       0,158539
1915,158540,0,                       0,158540,158540,0,                       0,158540
1916,158541,0,                       0,158539,158539,0,                       0,158541
1917,158540,0,                       0,158540,158540,0,                       0,158540
1918,158541,0,                       0,158539,158539,0,                       0,158541
1919,158542,0,                       0,158538,158538,0,                       0,158542
1920,158541,0,                       0,158539,158539,0,                       0,158541
1921,158540,0,                       0,158540,158540,0,                       0,158540
1922,158541,0,                       0,158539,158539,0,                       0,158541
1923,158540,0,                       0,158540,158540,0,                       0,158540
1924,158541,0,                       0,158539,158539,0,                       0,158541
1925,158542,0,                       0,158538,158538,0,                       0,158542
1926,158541,0,                       0,158539,158539,0,                       0,158541
1927,158540,0,                       0,158540,158540,0,                       0,158540
1928,158539,0,                       0,158541,158541,0,                       0,158539
1929,158538,0,                       0,158542,158542,0,                       0,158538
1930,158539,0,                       0,158541,158541,0,                       0,158539
1931,158538,0,                       0,158542,158542,0,                       0,158538
1932,158539,0,                       0,158541,158541,0,                       0,158539
1933,158538,0,                       0,158542,158542,0,                       0,158538
1934,158539,0,                       0,158541,158541,0,                       0,158539
1935,158540,0,                       0,158540,158540,0,                       0,158540
1936,158539,0,                       0,158541,158541,0,                       0,158539
1937,158540,0,                       0,158540,158540,0,                       0,158540
1938,158539,0,                       0,158541,158541,0,                       0,158539
1939,158538,0,                       0,158542,158542,0,                       0,158538
1940,158537,0,                       0,158543,158543,0,                       0,158537
1941,158536,0,                       0,158544,158544,0,                       0,158536
1942,158535,0,                       0,158545,158545,0,                       0,158535
1943,158536,0,                       0,158544,158544,0,                       0,158536
1944,158537,0,                       0,158543,158543,0,                       0,158537
1945,158538,0,                       0,158542,158542,0,                       0,158538
1946,158539,0,                       0,158541,158541,0,                       0,158539
1947,158540,0,                       0,158540,158540,0,                       0,158540
1948,158541,0,                       0,158539,158539,0,                       0,158541
1949,158540,0,                       0,158540,158540,0,                       0,158540
1950,158541,0,                       0,158539,158539,0,                       0,158541
1951,158540,0,                       0,158540,158540,0,                       0,158540
1952,158539,0,                       0,158541,158541,0,                       0,158539
1953,158540,0,                       0,158540,158540,0,                       0,158540
1954,158539,0,                       0,158541,158541,0,                       0,158539
1955,158540,0,                       0,158540,158540,0,                       0,158540
1956,158541,0,                       0,158539,158539,0,                       0,158541
1957,158542,0,                       0,158538,158538,0,                       0,158542
1958,158541,0,                       0,158539,158539,0,                       0,158541
1959,158540,0,                       0,158540,158540,0,                       0,158540
1960,158539,0,                       0,158541,158541,0,                       0,158539
1961,158540,0,                       0,158540,158540,0,                       0,158540
1962,158541,0,                       0,158539,158539,0,                       0,158541
1963,158540,0,                       0,158540,158540,0,                       0,158540
1964,158541,0,                       0,158539,158539,0,                       0,158541
1965,158540,0,                       0,158540,158540,0,                       0,158540
1966,158539,0,                       0,158541,158541,0,                       0,158539
1967,158540,0,                       0,158540,158540,0,                       0,158540
1968,158541,0,                       0,158539,158539,0,                       0,158541
1969,158540,0,                       0,158540,158540,0,                       0,158540
1970,158541,0,                       0,158539,158539,0,                       0,158541
1971,158540,0,                       0,158540,158540,0,                       0,158540
1972,158541,0,                       0,158539,158539,0,                       0,158541
1973,158540,0,                       0,158540,158540,0,                       0,158540
1974,158539,0,                       0,158541,158541,0,                       0,158539
1975,158538,0,                       0,158542,158542,0,                       0,158538
1976,158539,0,                       0,158541,158541,0,                       0,158539
1977,158540,0,                       0,158540,158540,0,                       0,158540
1978,158541,0,                       0,158539,158539,0,                       0,158541
1979,158540,0,                       0,158540,158540,0,                       0,158540
1980,158541,0,                       0,158539,158539,0,                       0,158541
1981,158540,0,                       0,158540,158540,0,                       0,158540
1982,158539,0,                       0,158541,158541,0,                       0,158539
1983,158540,0,                       0,158540,158540,0,                       0,158540
1984,158541,0,                       0,158539,158539,0,                       0,158541
1985,158542,0,                       0,158538,158538,0,                       0,158542
1986,158541,0,                       0,158539,158539,0,                       0,158541
1987,158542,0,                       0,158538,158538,0,                       0,158542
1988,158541,0,                       0,158539,158539,0,                       0,158541
1989,158540,0,                       0,158540,158540,0,                       0,158540
1990,158541,0,                       0,158539,158539,0,                       0,158541
1991,158542,0,                       0,158538,158538,0,                       0,158542
1992,158541,0,                       0,158539,158539,0,                       0,158541
1993,158542,0,                       0,158538,158538,0,                       0,158542
1994,158541,0,                       0,158539,158539,0,                       0,158541
1995,158540,0,                       0,158540,158540,0,                       0,158540
1996,158539,0,                       0,158541,158541,0,                       0,158539
1997,158538,0,                       0,158542,158542,0,                       0,158538
1998,158539,0,                       0,158541,158541,0,                       0,158539
1999,158540,0,                       0,158540,158540,0,                       0,158540
2000,158539,0,                       0,158541,158541,0,                       0,158539
2001,158538,0,                       0,158542,158542,0,                       0,158538
2002,158539,0,                       0,158541,158541,0,                       0,158539
2003,158540,0,                       0,158540,158540,0,                       0,158540
2004,158539,0,                       0,158541,158541,0,                       0,158539
2005,158540,0,                       0,158540,158540,0,                       0,158540
2006,158541,0,                       0,158539,158539,0,                       0,158541
2007,158540,0,                       0,158540,158540,0,                       0,158540
2008,158541,0,                       0,158539,158539,0,                       0,158541
2009,158542,0,                       0,158538,158538,0,                       0,158542
2010,158543,0,                       0,158537,158537,0,                       0,158543
2011,158544,0,                       0,158536,158536,0,                       0,158544
2012,158543,0,                       0,158537,158537,0,                       0,158543
2013,158544,0,                       0,158536,158536,0,                       0,158544
2014,158543,0,                       0,158537,158537,0,                       0,158543
2015,158542,0,                       0,158538,158538,0,                       0,158542
2016,158541,0,                       0,158539,158539,0,                       0,158541
2017,158540,0,                       0,158540,158540,0,                       0,158540
2018,158541,0,                       0,158539,158539,0,                       0,158541
2019,158540,0,                       0,158540,158540,0,                       0,158540
2020,158541,0,                       0,158539,158539,0,                       0,158541
2021,158540,0,                       0,158540,158540,0,                       0,158540
2022,158541,0,                       0,158539,158539,0,                       0,158541
2023,158542,0,                       0,158538,158538,0,                       0,158542
2024,158541,0,                       0,158539,158539,0,                       0,158541
2025,158540,0,                       0,158540,158540,0,                       0,158540
2026,158541,0,                       0,158539,158539,0,                       0,158541
2027,158540,0,                       0,158540,158540,0,                       0,158540
2028,158539,0,                       0,158541,158541,0,                       0,158539
2029,158540,0,                       0,158540,158540,0,                       0,158540
2030,158539,0,                       0,158541,158541,0,                       0,158539
2031,158540,0,                       0,158540,158540,0,                       0,158540
2032,158541,0,                       0,158539,158539,0,                       0,158541
2033,158542,0,                       0,158538,158538,0,                       0,158542
2034,158541,0,                       0,158539,158539,0,                       0,158541
2035,158540,0,                       0,158540,158540,0,                       0,158540
2036,158539,0,                       0,158541,158541,0,                       0,158539
2037,158538,0,                       0,158542,158542,0,                       0,158538
2038,158539,0,                       0,158541,158541,0,                       0,158539
2039,158540,0,                       0,158540,158540,0,                       0,158540
2040,158541,0,                       0,158539,158539,0,                       0,158541
2041,158540,0,                       0,158540,158540,0,                       0,158540
2042,158541,0,                       0,158539,158539,0,                       0,158541
2043,158542,0,                       0,158538,158538,0,                       0,158542
2044,158541,0,                       0,158539,158539,0,                       0,158541
2045,158542,0,                       0,158538,158538,0,                       0,158542
2046,158541,0,                       0,158539,158539,0,                       0,158541
2047,158542,0,                       0,158538,158538,0,                       0,158542
2048,158543,0,                       0,158537,158537,0,                       0,158543
2049,158542,0,                       0,158538,158538,0,                       0,158542
2050,158541,0,                       0,158539,158539,0,                       0,158541
2051,158540,0,                       0,158540,158540,0,                       0,158540
2052,158539,0,                       0,158541,158541,0,                       0,158539
2053,158538,0,                       0,158542,158542,0,                       0,158538
2054,158539,0,                       0,158541,158541,0,                       0,158539
2055,158540,0,                       0,158540,158540,0,                       0,158540
2056,158539,0,                       0,158541,158541,0,                       0,158539
2057,158540,0,                       0,158540,158540,0,                       0,158540
2058,158539,0,                       0,158541,158541,0,                       0,158539
2059,158540,0,                       0,158540,158540,0,                       0,158540
2060,158541,0,                       0,158539,158539,0,                       0,158541
2061,158540,0,                       0,158540,158540,0,                       0,158540
2062,158539,0,                       0,158541,158541,0,                       0,158539
2063,158540,0,                       0,158540,158540,0,                       0,158540
2064,158541,0,                       0,158539,158539,0,                       0,158541
2065,158540,0,                       0,158540,158540,0,                       0,158540
2066,158541,0,                       0,158539,158539,0,                       0,158541
2067,158540,0,                       0,158540,158540,0,                       0,158540
2068,158539,0,                       0,158541,158541,0,                       0,158539
2069,158540,0,                       0,158540,158540,0,                       0,158540
2070,158541,0,                       0,158539,158539,0,                       0,158541
2071,158542,0,                       0,158538,158538,0,                       0,158542
2072,158543,0,                       0,158537,158537,0,                       0,158543
2073,158544,0,                       0,158536,158536,0,                       0,158544
2074,158545,0,                       0,158535,158535,0,                       0,158545
2075,158544,0,                       0,158536,158536,0,                       0,158544
2076,158543,0,                       0,158537,158537,0,                       0,158543
2077,158542,0,                       0,158538,158538,0,                       0,158542
2078,158543,0,                       0,158537,158537,0,                       0,158543
2079,158542,0,                       0,158538,158538,0,                       0,158542
2080,158541,0,                       0,158539,158539,0,                       0,158541
2081,158540,0,                       0,158540,158540,0,                       0,158540
2082,158539,0,                       0,158541,158541,0,                       0,158539
2083,158538,0,                       0,158542,158542,0,                       0,158538
2084,158539,0,                       0,158541,158541,0,                       0,158539
2085,158540,0,                       0,158540,158540,0,                       0,158540
2086,158541,0,                       0,158539,158539,0,                       0,158541
2087,158540,0,                       0,158540,158540,0,                       0,158540
2088,158539,0,                       0,158541,158541,0,                       0,158539
2089,158538,0,                       0,158542,158542,0,                       0,158538
2090,158539,0,                       0,158541,158541,0,                       0,158539
2091,158540,0,                       0,158540,158540,0,                       0,158540
2092,158541,0,                       0,158539,158539,0,                       0,158541
2093,158540,0,                       0,158540,158540,0,                       0,158540
2094,158541,0,                       0,158539,158539,0,                       0,158541
2095,158540,0,                       0,158540,158540,0,                       0,158540
2096,158539,0,                       0,158541,158541,0,                       0,158539
2097,158540,0,                       0,158540,158540,0,                       0,158540
2098,158541,0,                       0,158539,158539,0,                       0,158541
2099,158540,0,                       0,158540,158540,0,                       0,158540
2100,158539,0,                       0,158541,158541,0,                       0,158539
2101,158538,0,                       0,158542,158542,0,                       0,158538
2102,158539,0,                       0,158541,158541,0,                       0,158539
2103,158540,0,                       0,158540,158540,0,                       0,158540
2104,158541,0,                       0,158539,158539,0,                       0,158541
2105,158540,0,                       0,158540,158540,0,                       0,158540
2106,158541,0,                       0,158539,158539,0,                       0,158541
2107,158540,0,                       0,158540,158540,0,                       0,158540
2108,158539,0,                       0,158541,158541,0,                       0,158539
2109,158540,0,                       0,158540,158540,0,                       0,158540
2110,158541,0,                       0,158539,158539,0,                       0,158541
2111,158540,0,                       0,158540,158540,0,                       0,158540
2112,158541,0,                       0,158539,158539,0,                       0,158541
2113,158542,0,                       0,158538,158538,0,                       0,158542
2114,158541,0,                       0,158539,158539,0,                       0,158541
2115,158542,0,                       0,158538,158538,0,                       0,158542
2116,158543,0,                       0,158537,158537,0,                       0,158543
2117,158544,0,                       0,158536,158536,0,                       0,158544
2118,158545,0,                       0,158535,158535,0,                       0,158545
2119,158546,0,                       0,158534,158534,0,                       0,158546
2120,158545,0,                       0,158535,158535,0,                       0,158545
2121,158544,0,                       0,158536,158536,0,                       0,158544
2122,158543,0,                       0,158537,158537,0,                       0,158543
2123,158544,0,                       0,158536,158536,0,                       0,158544
2124,158543,0,                       0,158537,158537,0,                       0,158543
2125,158542,0,                       0,158538,158538,0,                       0,158542
2126,158541,0,                       0,158539,158539,0,                       0,158541
2127,158540,0,                       0,158540,158540,0,                       0,158540
2128,158541,0,                       0,158539,158539,0,                       0,158541
2129,158542,0,                       0,158538,158538,0,                       0,158542
2130,158541,0,                       0,158539,158539,0,                       0,158541
2131,158542,0,                       0,158538,158538,0,                       0,158542
2132,158541,0,                       0,158539,158539,0,                       0,158541
2133,158540,0,                       0,158540,158540,0,                       0,158540
2134,158539,0,                       0,158541,158541,0,                       0,158539
2135,158538,0,                       0,158542,158542,0,                       0,158538
2136,158539,0,                       0,158541,158541,0,                       0,158539
2137,158540,0,                       0,158540,158540,0,                       0,158540
2138,158541,0,                       0,158539,158539,0,                       0,158541
2139,158540,0,                       0,158540,158540,0,                       0,158540
2140,158541,0,                       0,158539,158539,0,                       0,158541
2141,158540,0,                       0,158540,158540,0,                       0,158540
2142,158541,0,                       0,158539,158539,0,                       0,158541
2143,158540,0,                       0,158540,158540,0,                       0,158540
2144,158539,0,                       0,158541,158541,0,                       0,158539
2145,158538,0,                       0,158542,158542,0,                       0,158538
2146,158539,0,                       0,158541,158541,0,                       0,158539
2147,158540,0,                       0,158540,158540,0,                       0,158540
2148,158541,0,                       0,158539,158539,0,                       0,158541
2149,158540,0,                       0,158540,158540,0,                       0,158540
2150,158539,0,                       0,158541,158541,0,                       0,158539
2151,158538,0,                       0,158542,158542,0,                       0,158538
2152,158539,0,                       0,158541,158541,0,                       0,158539
2153,158540,0,                       0,158540,158540,0,                       0,158540
2154,158541,0,                       0,158539,158539,0,                       0,158541
2155,158540,0,                       0,158540,158540,0,                       0,158540
2156,158541,0,                       0,158539,158539,0,                       0,158541
2157,158540,0,                       0,158540,158540,0,                       0,158540
2158,158541,0,                       0,158539,158539,0,                       0,158541
2159,158542,0,                       0,158538,158538,0,                       0,158542
2160,158541,0,                       0,158539,158539,0,                       0,158541
2161,158540,0,                       0,158540,158540,0,                       0,158540
2162,158539,0,                       0,158541,158541,0,                       0,158539
2163,158540,0,                       0,158540,158540,0,                       0,158540
2164,158541,0,                       0,158539,158539,0,                       0,158541
2165,158540,0,                       0,158540,158540,0,                       0,158540
2166,158539,0,                       0,158541,158541,0,                       0,158539
2167,158538,0,                       0,158542,158542,0,                       0,158538
2168,158539,0,                       0,158541,158541,0,                       0,158539
2169,158540,0,                       0,158540,158540,0,                       0,158540
2170,158541,0,                       0,158539,158539,0,                       0,158541
2171,158540,0,                       0,158540,158540,0,                       0,158540
2172,158541,0,                       0,158539,158539,0,                       0,158541
2173,158542,0,                       0,158538,158538,0,                       0,158542
2174,158541,0,                       0,158539,158539,0,                       0,158541
2175,158540,0,                       0,158540,158540,0,                       0,158540
2176,158539,0,                       0,158541,158541,0,                       0,158539
2177,158538,0,                       0,158542,158542,0,                       0,158538
2178,158539,0,                       0,158541,158541,0,                       0,158539
2179,158538,0,                       0,158542,158542,0,                       0,158538
2180,158539,0,                       0,158541,158541,0,                       0,158539
2181,158540,0,                       0,158540,158540,0,                       0,158540
2182,158541,0,                       0,158539,158539,0,                       0,158541
2183,158542,0,                       0,158538,158538,0,                       0,158542
2184,158543,0,                       0,158537,158537,0,                       0,158543
2185,158542,0,                       0,158538,158538,0,                       0,158542
2186,158541,0,                       0,158539,158539,0,                       0,158541
2187,158540,0,                       0,158540,158540,0,                       0,158540
2188,158541,0,                       0,158539,158539,0,                       0,158541
2189,158540,0,                       0,158540,158540,0,                       0,158540
2190,158541,0,                       0,158539,158539,0,                       0,158541
2191,158540,0,                       0,158540,158540,0,                       0,158540
2192,158541,0,                       0,158539,158539,0,                       0,158541
2193,158540,0,                       0,158540,158540,0,                       0,158540
2194,158541,0,                       0,158539,158539,0,                       0,158541
2195,158540,0,                       0,158540,158540,0,                       0,158540
2196,158541,0,                       0,158539,158539,0,                       0,158541
2197,158540,0,                       0,158540,158540,0,                       0,158540
2198,158539,0,                       0,158541,158541,0,                       0,158539
2199,158540,0,                       0,158540,158540,0,                       0,158540
2200,158541,0,                       0,158539,158539,0,                       0,158541
2201,158540,0,                       0,158540,158540,0,                       0,158540
2202,158541,0,                       0,158539,158539,0,                       0,158541
2203,158542,0,                       0,158538,158538,0,                       0,158542
2204,158541,0,                       0,158539,158539,0,                       0,158541
2205,158542,0,                       0,158538,158538,0,                       0,158542
2206,158541,0,                       0,158539,158539,0,                       0,158541
2207,158542,0,                       0,158538,158538,0,                       0,158542
2208,158541,0,                       0,158539,158539,0,                       0,158541
2209,158540,0,                       0,158540,158540,0,                       0,158540
2210,158539,0,                       0,158541,158541,0,                       0,158539
2211,158538,0,                       0,158542,158542,0,                       0,158538
2212,158539,0,                       0,158541,158541,0,                       0,158539
2213,158538,0,                       0,158542,158542,0,                       0,158538
2214,158539,0,                       0,158541,158541,0,                       0,158539
2215,158540,0,                       0,158540,158540,0,                       0,158540
2216,158541,0,                       0,158539,158539,0,                       0,158541
2217,158542,0,                       0,158538,158538,0,                       0,158542
2218,158541,0,                       0,158539,158539,0,                       0,158541
2219,158540,0,                       0,158540,158540,0,                       0,158540
2220,158541,0,                       0,158539,158539,0,                       0,158541
2221,158542,0,                       0,158538,158538,0,                       0,158542
2222,158541,0,                       0,158539,158539,0,                       0,158541
2223,158540,0,                       0,158540,158540,0,                       0,158540
2224,158541,0,                       0,158539,158539,0,                       0,158541
2225,158540,0,                       0,158540,158540,0,                       0,158540
2226,158539,0,                       0,158541,158541,0,                       0,158539
2227,158540,0,                       0,158540,158540,0,                       0,158540
2228,158541,0,                       0,158539,158539,0,                       0,158541
2229,158540,0,                       0,158540,158540,0,                       0,158540
2230,158541,0,                       0,158539,158539,0,                       0,158541
2231,158542,0,                       0,158538,158538,0,                       0,158542
2232,158541,0,                       0,158539,158539,0,                       0,158541
2233,158540,0,                       0,158540,158540,0,                       0,158540
2234,158541,0,                       0,158539,158539,0,                       0,158541
2235,158542,0,                       0,158538,158538,0,                       0,158542
2236,158541,0,                       0,158539,158539,0,                       0,158541
2237,158540,0,                       0,158540,158540,0,                       0,158540
2238,158539,0,                       0,158541,158541,0,                       0,158539
2239,158538,0,                       0,158542,158542,0,                       0,158538
2240,158539,0,                       0,158541,158541,0,                       0,158539
2241,158540,0,                       0,158540,158540,0,                       0,158540
2242,158541,0,                       0,158539,158539,0,                       0,158541
2243,158540,0,                       0,158540,158540,0,                       0,158540
2244,158541,0,                       0,158539,158539,0,                       0,158541
2245,158542,0,                       0,158538,158538,0,                       0,158542
2246,158541,0,                       0,158539,158539,0,                       0,158541
2247,158540,0,                       0,158540,158540,0,                       0,158540
2248,158541,0,                       0,158539,158539,0,                       0,158541
2249,158540,0,                       0,158540,158540,0,                       0,158540
2250,158541,0,                       0,158539,158539,0,                       0,158541
2251,158542,0,                       0,158538,158538,0,                       0,158542
2252,158543,0,                       0,158537,158537,0,                       0,158543
2253,158542,0,                       0,158538,158538,0,                       0,158542
2254,158541,0,                       0,158539,158539,0,                       0,158541
2255,158540,0,                       0,158540,158540,0,                       0,158540
2256,158541,0,                       0,158539,158539,0,                       0,158541
2257,158540,0,                       0,158540,158540,0,                       0,158540
2258,158539,0,                       0,158541,158541,0,                       0,158539
2259,158540,0,                       0,158540,158540,0,                       0,158540
2260,158541,0,                       0,158539,158539,0,                       0,158541
2261,158540,0,                       0,158540,158540,0,                       0,158540
2262,158541,0,                       0,158539,158539,0,                       0,158541
2263,158542,0,                       0,158538,158538,0,                       0,158542
2264,158543,0,                       0,158537,158537,0,                       0,158543
2265,158542,0,                       0,158538,158538,0,                       0,158542
2266,158541,0,                       0,158539,158539,0,                       0,158541
2267,158540,0,                       0,158540,158540,0,                       0,158540
2268,158539,0,                       0,158541,158541,0,                       0,158539
2269,158540,0,                       0,158540,158540,0,                       0,158540
2270,158541,0,                       0,158539,158539,0,                       0,158541
2271,158542,0,                       0,158538,158538,0,                       0,158542
2272,158541,0,                       0,158539,158539,0,                       0,158541
2273,158542,0,                       0,158538,158538,0,                       0,158542
2274,158541,0,                       0,158539,158539,0,                       0,158541
2275,158540,0,                       0,158540,158540,0,                       0,158540
2276,158541,0,                       0,158539,158539,0,                       0,158541
2277,158540,0,                       0,158540,158540,0,                       0,158540
2278,158541,0,                       0,158539,158539,0,                       0,158541
2279,158542,0,                       0,158538,158538,0,                       0,158542
2280,158541,0,                       0,158539,158539,0,                       0,158541
2281,158542,0,                       0,158538,158538,0,                       0,158542
2282,158541,0,                       0,158539,158539,0,                       0,158541
2283,158542,0,                       0,158538,158538,0,                       0,158542
2284,158541,0,                       0,158539,158539,0,                       0,158541
2285,158540,0,                       0,158540,158540,0,                       0,158540
2286,158541,0,                       0,158539,158539,0,                       0,158541
2287,158542,0,                       0,158538,158538,0,                       0,158542
2288,158541,0,                       0,158539,158539,0,                       0,158541
2289,158540,0,                       0,158540,158540,0,                       0,158540
2290,158539,0,                       0,158541,158541,0,                       0,158539
2291,158540,0,                       0,158540,158540,0,                       0,158540
2292,158541,0,                       0,158539,158539,0,                       0,158541
2293,158542,0,                       0,158538,158538,0,                       0,158542
2294,158541,0,                       0,158539,158539,0,                       0,158541
2295,158542,0,                       0,158538,158538,0,                       0,158542
2296,158541,0,                       0,158539,158539,0,                       0,158541
2297,158542,0,                       0,158538,158538,0,                       0,158542
2298,158541,0,                       0,158539,158539,0,                       0,158541
2299,158542,0,                       0,158538,158538,0,                       0,158542
2300,158541,0,                       0,158539,158539,0,                       0,158541
2301,158540,0,                       0,158540,158540,0,                       0,158540
2302,158539,0,                       0,158541,158541,0,                       0,158539
2303,158540,0,                       0,158540,158540,0,                       0,158540
2304,158539,0,                       0,158541,158541,0,                       0,158539
2305,158540,0,                       0,158540,158540,0,                       0,158540
2306,158541,0,                       0,158539,158539,0,                       0,158541
2307,158542,0,                       0,158538,158538,0,                       0,158542
2308,158543,0,                       0,158537,158537,0,                       0,158543
2309,158542,0,                       0,158538,158538,0,                       0,158542
2310,158541,0,                       0,158539,158539,0,                       0,158541
2311,158540,0,                       0,158540,158540,0,                       0,158540
2312,158539,0,                       0,158541,158541,0,                       0,158539
2313,158540,0,                       0,158540,158540,0,                       0,158540
2314,158539,0,                       0,158541,158541,0,                       0,158539
2315,158540,0,                       0,158540,158540,0,                       0,158540
2316,158541,0,                       0,158539,158539,0,                       0,158541
2317,158540,0,                       0,158540,158540,0,                       0,158540
2318,158541,0,                       0,158539,158539,0,                       0,158541
2319,158540,0,                       0,158540,158540,0,                       0,158540
2320,158541,0,                       0,158539,158539,0,                       0,158541
2321,158542,0,                       0,158538,158538,0,                       0,158542
2322,158541,0,                       0,158539,158539,0,                       0,158541
2323,158540,0,                       0,158540,158540,0,                       0,158540
2324,158539,0,                       0,158541,158541,0,                       0,158539
2325,158540,0,                       0,158540,158540,0,                       0,158540
2326,158541,0,                       0,158539,158539,0,                       0,158541
2327,158542,0,                       0,158538,158538,0,                       0,158542
2328,158541,0,                       0,158539,158539,0,                       0,158541
2329,158540,0,                       0,158540,158540,0,                       0,158540
2330,158541,0,                       0,158539,158539,0,                       0,158541
2331,158542,0,                       0,158538,158538,0,                       0,158542
2332,158541,0,                       0,158539,158539,0,                       0,158541
2333,158542,0,                       0,158538,158538,0,                       0,158542
2334,158541,0,                       0,158539,158539,0,                       0,158541
2335,158542,0,                       0,158538,158538,0,                       0,158542
2336,158543,0,                       0,158537,158537,0,                       0,158543
2337,158542,0,                       0,158538,158538,0,                       0,158542
2338,158541,0,                       0,158539,158539,0,                       0,158541
2339,158540,0,                       0,158540,158540,0,                       0,158540
2340,158541,0,                       0,158539,158539,0,                       0,158541
2341,158542,0,                       0,158538,158538,0,                       0,158542
2342,158541,0,                       0,158539,158539,0,                       0,158541
2343,158542,0,                       0,158538,158538,0,                       0,158542
2344,158541,0,                       0,158539,158539,0,                       0,158541
2345,158540,0,                       0,158540,158540,0,                       0,158540
2346,158539,0,                       0,158541,158541,0,                       0,158539
2347,158540,0,                       0,158540,158540,0,                       0,158540
2348,158539,0,                       0,158541,158541,0,                       0,158539
2349,158540,0,                       0,158540,158540,0,                       0,158540
2350,158539,0,                       0,158541,158541,0,                       0,158539
2351,158538,0,                       0,158542,158542,0,                       0,158538
2352,158539,0,                       0,158541,158541,0,                       0,158539
2353,158540,0,                       0,158540,158540,0,                       0,158540
2354,158539,0,                       0,158541,158541,0,                       0,158539
2355,158540,0,                       0,158540,158540,0,                       0,158540
2356,158541,0,                       0,158539,158539,0,                       0,158541
2357,158542,0,                       0,158538,158538,0,                       0,158542
2358,158541,0,                       0,158539,158539,0,                       0,158541
2359,158542,0,                       0,158538,158538,0,                       0,158542
2360,158543,0,                       0,158537,158537,0,                       0,158543
2361,158544,0,                       0,158536,158536,0,                       0,158544
2362,158545,0,                       0,158535,158535,0,                       0,158545
2363,158546,0,                       0,158534,158534,0,                       0,158546
2364,158547,0,                       0,158533,158533,0,                       0,158547
2365,158548,0,                       0,158532,158532,0,                       0,158548
2366,158549,0,                       0,158531,158531,0,                       0,158549
2367,158550,0,                       0,158530,158530,0,                       0,158550
2368,158551,0,                       0,158529,158529,0,                       0,158551
2369,158552,0,                       0,158528,158528,0,                       0,158552
2370,158553,0,                       0,158527,158527,0,                       0,158553
2371,158554,0,                       0,158526,158526,0,                       0,158554
2372,158555,0,                       0,158525,158525,0,                       0,158555
2373,158554,0,                       0,158526,158526,0,                       0,158554
2374,158553,0,                       0,158527,158527,0,                       0,158553
2375,158552,0,                       0,158528,158528,0,                       0,158552
2376,158551,0,                       0,158529,158529,0,                       0,158551
2377,158550,0,                       0,158530,158530,0,                       0,158550
2378,158549,0,                       0,158531,158531,0,                       0,158549
2379,158548,0,                       0,158532,158532,0,                       0,158548
2380,158547,0,                       0,158533,158533,0,                       0,158547
2381,158546,0,                       0,158534,158534,0,                       0,158546
2382,158545,0,                       0,158535,158535,0,                       0,158545
2383,158544,0,                       0,158536,158536,0,                       0,158544
2384,158543,0,                       0,158537,158537,0,                       0,158543
2385,158542,0,                       0,158538,158538,0,                       0,158542
2386,158541,0,                       0,158539,158539,0,                       0,158541
2387,158540,0,                       0,158540,158540,0,                       0,158540
2388,158539,0,                       0,158541,158541,0,                       0,158539
2389,158540,0,                       0,158540,158540,0,                       0,158540
2390,158541,0,                       0,158539,158539,0,                       0,158541
2391,158542,0,                       0,158538,158538,0,                       0,158542
2392,158541,0,                       0,158539,158539,0,                       0,158541
2393,158540,0,                       0,158540,158540,0,                       0,158540
2394,158541,0,                       0,158539,158539,0,                       0,158541
2395,158540,0,                       0,158540,158540,0,                       0,158540
2396,158541,0,                       0,158539,158539,0,                       0,158541
2397,158542,0,                       0,158538,158538,0,                       0,158542
2398,158541,0,                       0,158539,158539,0,                       0,158541
2399,158540,0,                       0,158540,158540,0,                       0,158540
2400,158539,0,                       0,158541,158541,0,                       0,158539
2401,158538,0,                       0,158542,158542,0,                       0,158538
2402,158539,0,                       0,158541,158541,0,                       0,158539
2403,158540,0,                       0,158540,158540,0,                       0,158540
2404,158539,0,                       0,158541,158541,0,                       0,158539
2405,158538,0,                       0,158542,158542,0,                       0,158538
2406,158539,0,                       0,158541,158541,0,                       0,158539
2407,158540,0,                       0,158540,158540,0,                       0,158540
2408,158541,0,                       0,158539,158539,0,                       0,158541
2409,158542,0,                       0,158538,158538,0,                       0,158542
2410,158541,0,                       0,158539,158539,0,                       0,158541
2411,158540,0,                       0,158540,158540,0,                       0,158540
2412,158541,0,                       0,158539,158539,0,                       0,158541
2413,158542,0,                       0,158538,158538,0,                       0,158542
2414,158541,0,                       0,158539,158539,0,                       0,158541
2415,158540,0,                       0,158540,158540,0,                       0,158540
2416,158539,0,                       0,158541,158541,0,                       0,158539
2417,158540,0,                       0,158540,158540,0,                       0,158540
2418,158541,0,                       0,158539,158539,0,                       0,158541
2419,158540,0,                       0,158540,158540,0,                       0,158540
2420,158541,0,                       0,158539,158539,0,                       0,158541
2421,158542,0,                       0,158538,158538,0,                       0,158542
2422,158541,0,                       0,158539,158539,0,                       0,158541
2423,158540,0,                       0,158540,158540,0,                       0,158540
2424,158539,0,                       0,158541,158541,0,                       0,158539
2425,158538,0,                       0,158542,158542,0,                       0,158538
2426,158539,0,                       0,158541,158541,0,                       0,158539
2427,158538,0,                       0,158542,158542,0,                       0,158538
2428,158539,0,                       0,158541,158541,0,                       0,158539
2429,158538,0,                       0,158542,158542,0,                       0,158538
2430,158537,0,                       0,158543,158543,0,                       0,158537
2431,158536,0,                       0,158544,158544,0,                       0,158536
2432,158537,0,                       0,158543,158543,0,                       0,158537
2433,158538,0,                       0,158542,158542,0,                       0,158538
2434,158539,0,                       0,158541,158541,0,                       0,158539
2435,158538,0,                       0,158542,158542,0,                       0,158538
2436,158539,0,                       0,158541,158541,0,                       0,158539
2437,158540,0,                       0,158540,158540,0,                       0,158540
2438,158541,0,                       0,158539,158539,0,                       0,158541
2439,158540,0,                       0,158540,158540,0,                       0,158540
2440,158539,0,                       0,158541,158541,0,                       0,158539
2441,158540,0,                       0,158540,158540,0,                       0,158540
2442,158541,0,                       0,158539,158539,0,                       0,158541
2443,158540,0,                       0,158540,158540,0,                       0,158540
2444,158541,0,                       0,158539,158539,0,                       0,158541
2445,158542,0,                       0,158538,158538,0,                       0,158542
2446,158541,0,                       0,158539,158539,0,                       0,158541
2447,158542,0,                       0,158538,158538,0,                       0,158542
2448,158541,0,                       0,158539,158539,0,                       0,158541
2449,158540,0,                       0,158540,158540,0,                       0,158540
2450,158541,0,                       0,158539,158539,0,                       0,158541
2451,158542,0,                       0,158538,158538,0,                       0,158542
2452,158543,0,                       0,158537,158537,0,                       0,158543
2453,158544,0,                       0,158536,158536,0,                       0,158544
2454,158543,0,                       0,158537,158537,0,                       0,158543
2455,158542,0,                       0,158538,158538,0,                       0,158542
2456,158541,0,                       0,158539,158539,0,                       0,158541
2457,158540,0,                       0,158540,158540,0,                       0,158540
2458,158539,0,                       0,158541,158541,0,                       0,158539
2459,158540,0,                       0,158540,158540,0,                       0,158540
2460,158541,0,                       0,158539,158539,0,                       0,158541
2461,158540,0,                       0,158540,158540,0,                       0,158540
2462,158539,0,                       0,158541,158541,0,                       0,158539
2463,158540,0,                       0,158540,158540,0,                       0,158540
2464,158539,0,                       0,158541,158541,0,                       0,158539
2465,158540,0,                       0,158540,158540,0,                       0,158540
2466,158539,0,                       0,158541,158541,0,                       0,158539
2467,158540,0,                       0,158540,158540,0,                       0,158540
2468,158539,0,                       0,158541,158541,0,                       0,158539
2469,158538,0,                       0,158542,158542,0,                       0,158538
2470,158537,0,                       0,158543,158543,0,                       0,158537
2471,158538,0,                       0,158542,158542,0,                       0,158538
2472,158537,0,                       0,158543,158543,0,                       0,158537
2473,158536,0,                       0,158544,158544,0,                       0,158536
2474,158535,0,                       0,158545,158545,0,                       0,158535
2475,158536,0,                       0,158544,158544,0,                       0,158536
2476,158535,0,                       0,158545,158545,0,                       0,158535
2477,158534,0,                       0,158546,158546,0,                       0,158534
2478,158535,0,                       0,158545,158545,0,                       0,158535
2479,158536,0,                       0,158544,158544,0,                       0,158536
2480,158537,0,                       0,158543,158543,0,                       0,158537
2481,158538,0,                       0,158542,158542,0,                       0,158538
2482,158539,0,                       0,158541,158541,0,                       0,158539
2483,158540,0,                       0,158540,158540,0,                       0,158540
2484,158541,0,                       0,158539,158539,0,                       0,158541
2485,158540,0,                       0,158540,158540,0,                       0,158540
2486,158541,0,                       0,158539,158539,0,                       0,158541
2487,158540,0,                       0,158540,158540,0,                       0,158540
2488,158539,0,                       0,158541,158541,0,                       0,158539
2489,158540,0,                       0,158540,158540,0,                       0,158540
2490,158541,0,                       0,158539,158539,0,                       0,158541
2491,158542,0,                       0,158538,158538,0,                       0,158542
2492,158541,0,                       0,158539,158539,0,                       0,158541
2493,158542,0,                       0,158538,158538,0,                       0,158542
2494,158541,0,                       0,158539,158539,0,                       0,158541
2495,158540,0,                       0,158540,158540,0,                       0,158540
2496,158539,0,                       0,158541,158541,0,                       0,158539
2497,158540,0,                       0,158540,158540,0,                       0,158540
2498,158541,0,                       0,158539,158539,0,                       0,158541
2499,158542,0,                       0,158538,158538,0,                       0,158542
2500,158541,0,                       0,158539,158539,0,                       0,158541
2501,158542,0,                       0,158538,158538,0,                       0,158542
2502,158543,0,                       0,158537,158537,0,                       0,158543
2503,158544,0,                       0,158536,158536,0,                       0,158544
2504,158545,0,                       0,158535,158535,0,                       0,158545
2505,158544,0,                       0,158536,158536,0,                       0,158544
2506,158543,0,                       0,158537,158537,0,                       0,158543
2507,158542,0,                       0,158538,158538,0,                       0,158542
2508,158541,0,                       0,158539,158539,0,                       0,158541
2509,158540,0,                       0,158540,158540,0,                       0,158540
2510,158541,0,                       0,158539,158539,0,                       0,158541
2511,158542,0,                       0,158538,158538,0,                       0,158542
2512,158541,0,                       0,158539,158539,0,                       0,158541
2513,158542,0,                       0,158538,158538,0,                       0,158542
2514,158541,0,                       0,158539,158539,0,                       0,158541
2515,158540,0,                       0,158540,158540,0,                       0,158540
2516,158539,0,                       0,158541,158541,0,                       0,158539
2517,158540,0,                       0,158540,158540,0,                       0,158540
2518,158539,0,                       0,158541,158541,0,                       0,158539
2519,158540,0,                       0,158540,158540,0,                       0,158540
2520,158539,0,                       0,158541,158541,0,                       0,158539
2521,158540,0,                       0,158540,158540,0,                       0,158540
2522,158541,0,                       0,158539,158539,0,                       0,158541
2523,158542,0,                       0,158538,158538,0,                       0,158542
2524,158541,0,                       0,158539,158539,0,                       0,158541
2525,158540,0,                       0,158540,158540,0,                       0,158540
2526,158539,0,                       0,158541,158541,0,                       0,158539
2527,158540,0,                       0,158540,158540,0,                       0,158540
2528,158539,0,                       0,158541,158541,0,                       0,158539
2529,158540,0,                       0,158540,158540,0,                       0,158540
2530,158539,0,                       0,158541,158541,0,                       0,158539
2531,158540,0,                       0,158540,158540,0,                       0,158540
2532,158541,0,                       0,158539,158539,0,                       0,158541
2533,158542,0,                       0,158538,158538,0,                       0,158542
2534,158543,0,                       0,158537,158537,0,                       0,158543
2535,158542,0,                       0,158538,158538,0,                       0,158542
2536,158541,0,                       0,158539,158539,0,                       0,158541
2537,158542,0,                       0,158538,158538,0,                       0,158542
2538,158541,0,                       0,158539,158539,0,                       0,158541
2539,158540,0,                       0,158540,158540,0,                       0,158540
2540,158539,0,                       0,158541,158541,0,                       0,158539
2541,158540,0,                       0,158540,158540,0,                       0,158540
2542,158539,0,                       0,158541,158541,0,                       0,158539
2543,158540,0,                       0,158540,158540,0,                       0,158540
2544,158541,0,                       0,158539,158539,0,                       0,158541
2545,158540,0,                       0,158540,158540,0,                       0,158540
2546,158539,0,                       0,158541,158541,0,                       0,158539
2547,158540,0,                       0,158540,158540,0,                       0,158540
2548,158541,0,                       0,158539,158539,0,                       0,158541
2549,158540,0,                       0,158540,158540,0,                       0,158540
2550,158541,0,                       0,158539,158539,0,                       0,158541
2551,158540,0,                       0,158540,158540,0,                       0,158540
2552,158539,0,                       0,158541,158541,0,                       0,158539
2553,158538,0,                       0,158542,158542,0,                       0,158538
2554,158539,0,                       0,158541,158541,0,                       0,158539
2555,158540,0,                       0,158540,158540,0,                       0,158540
2556,158541,0,                       0,158539,158539,0,                       0,158541
2557,158542,0,                       0,158538,158538,0,                       0,158542
2558,158541,0,                       0,158539,158539,0,                       0,158541
2559,158540,0,                       0,158540,158540,0,                       0,158540
2560,158541,0,                       0,158539,158539,0,                       0,158541
2561,158540,0,                       0,158540,158540,0,                       0,158540
2562,158539,0,                       0,158541,158541,0,                       0,158539
2563,158540,0,                       0,158540,158540,0,                       0,158540
2564,158539,0,                       0,158541,158541,0,                       0,158539
2565,158540,0,                       0,158540,158540,0,                       0,158540
2566,158541,0,                       0,158539,158539,0,                       0,158541
2567,158540,0,                       0,158540,158540,0,                       0,158540
2568,158539,0,                       0,158541,158541,0,                       0,158539
2569,158540,0,                       0,158540,158540,0,                       0,158540
2570,158541,0,                       0,158539,158539,0,                       0,158541
2571,158540,0,                       0,158540,158540,0,                       0,158540
2572,158539,0,                       0,158541,158541,0,                       0,158539
2573,158538,0,                       0,158542,158542,0,                       0,158538
2574,158539,0,                       0,158541,158541,0,                       0,158539
2575,158538,0,                       0,158542,158542,0,                       0,158538
2576,158539,0,                       0,158541,158541,0,                       0,158539
2577,158540,0,                       0,158540,158540,0,                       0,158540
2578,158539,0,                       0,158541,158541,0,                       0,158539
2579,158538,0,                       0,158542,158542,0,                       0,158538
2580,158537,0,                       0,158543,158543,0,                       0,158537
2581,158538,0,                       0,158542,158542,0,                       0,158538
2582,158537,0,                       0,158543,158543,0,                       0,158537
2583,158538,0,                       0,158542,158542,0,                       0,158538
2584,158539,0,                       0,158541,158541,0,                       0,158539
2585,158540,0,                       0,158540,158540,0,                       0,158540
2586,158541,0,                       0,158539,158539,0,                       0,158541
2587,158542,0,                       0,158538,158538,0,                       0,158542
2588,158541,0,                       0,158539,158539,0,                       0,158541
2589,158542,0,                       0,158538,158538,0,                       0,158542
2590,158541,0,                       0,158539,158539,0,                       0,158541
2591,158540,0,                       0,158540,158540,0,                       0,158540
2592,158541,0,                       0,158539,158539,0,                       0,158541
2593,158542,0,                       0,158538,158538,0,                       0,158542
2594,158541,0,                       0,158539,158539,0,                       0,158541
2595,158540,0,                       0,158540,158540,0,                       0,158540
2596,158541,0,                       0,158539,158539,0,                       0,158541
2597,158540,0,                       0,158540,158540,0,                       0,158540
2598,158541,0,                       0,158539,158539,0,                       0,158541
2599,158540,0,                       0,158540,158540,0,                       0,158540
2600,158539,0,                       0,158541,158541,0,                       0,158539
2601,158540,0,                       0,158540,158540,0,                       0,158540
2602,158541,0,                       0,158539,158539,0,                       0,158541
2603,158540,0,                       0,158540,158540,0,                       0,158540
2604,158539,0,                       0,158541,158541,0,                       0,158539
2605,158538,0,                       0,158542,158542,0,                       0,158538
2606,158539,0,                       0,158541,158541,0,                       0,158539
2607,158538,0,                       0,158542,158542,0,                       0,158538
2608,158539,0,                       0,158541,158541,0,                       0,158539
2609,158540,0,                       0,158540,158540,0,                       0,158540
2610,158541,0,                       0,158539,158539,0,                       0,158541
2611,158542,0,                       0,158538,158538,0,                       0,158542
2612,158543,0,                       0,158537,158537,0,                       0,158543
2613,158544,0,                       0,158536,158536,0,                       0,158544
2614,158543,0,                       0,158537,158537,0,                       0,158543
2615,158544,0,                       0,158536,158536,0,                       0,158544
2616,158543,0,                       0,158537,158537,0,                       0,158543
2617,158542,0,                       0,158538,158538,0,                       0,158542
2618,158541,0,                       0,158539,158539,0,                       0,158541
2619,158540,0,                       0,158540,158540,0,                       0,158540
2620,158541,0,                       0,158539,158539,0,                       0,158541
2621,158540,0,                       0,158540,158540,0,                       0,158540
2622,158539,0,                       0,158541,158541,0,                       0,158539
2623,158540,0,                       0,158540,158540,0,                       0,158540
2624,158541,0,                       0,158539,158539,0,                       0,158541
2625,158542,0,                       0,158538,158538,0,                       0,158542
2626,158541,0,                       0,158539,158539,0,                       0,158541
2627,158540,0,                       0,158540,158540,0,                       0,158540
2628,158541,0,                       0,158539,158539,0,                       0,158541
2629,158540,0,                       0,158540,158540,0,                       0,158540
2630,158539,0,                       0,158541,158541,0,                       0,158539
2631,158540,0,                       0,158540,158540,0,                       0,158540
2632,158541,0,                       0,158539,158539,0,                       0,158541
2633,158540,0,                       0,158540,158540,0,                       0,158540
2634,158541,0,                       0,158539,158539,0,                       0,158541
2635,158540,0,                       0,158540,158540,0,                       0,158540
2636,158539,0,                       0,158541,158541,0,                       0,158539
2637,158540,0,                       0,158540,158540,0,                       0,158540
2638,158541,0,                       0,158539,158539,0,                       0,158541
2639,158540,0,                       0,158540,158540,0,                       0,158540
2640,158539,0,                       0,158541,158541,0,                       0,158539
2641,158540,0,                       0,158540,158540,0,                       0,158540
2642,158539,0,                       0,158541,158541,0,                       0,158539
2643,158540,0,                       0,158540,158540,0,                       0,158540
2644,158541,0,                       0,158539,158539,0,                       0,158541
2645,158542,0,                       0,158538,158538,0,                       0,158542
2646,158541,0,                       0,158539,158539,0,                       0,158541
2647,158542,0,                       0,158538,158538,0,                       0,158542
2648,158541,0,                       0,158539,158539,0,                       0,158541
2649,158540,0,                       0,158540,158540,0,                       0,158540
2650,158539,0,                       0,158541,158541,0,                       0,158539
2651,158538,0,                       0,158542,158542,0,                       0,158538
2652,158539,0,                       0,158541,158541,0,                       0,158539
2653,158540,0,                       0,158540,158540,0,                       0,158540
2654,158539,0,                       0,158541,158541,0,                       0,158539
2655,158540,0,                       0,158540,158540,0,                       0,158540
2656,158539,0,                       0,158541,158541,0,                       0,158539
2657,158540,0,                       0,158540,158540,0,                       0,158540
2658,158541,0,                       0,158539,158539,0,                       0,158541
2659,158540,0,                       0,158540,158540,0,                       0,158540
2660,158539,0,                       0,158541,158541,0,                       0,158539
2661,158540,0,                       0,158540,158540,0,                       0,158540
2662,158539,0,                       0,158541,158541,0,                       0,158539
2663,158538,0,                       0,158542,158542,0,                       0,158538
2664,158539,0,                       0,158541,158541,0,                       0,158539
2665,158540,0,                       0,158540,158540,0,                       0,158540
2666,158539,0,                       0,158541,158541,0,                       0,158539
2667,158538,0,                       0,158542,158542,0,                       0,158538
2668,158539,0,                       0,158541,158541,0,                       0,158539
2669,158540,0,                       0,158540,158540,0,                       0,158540
2670,158539,0,                       0,158541,158541,0,                       0,158539
2671,158540,0,                       0,158540,158540,0,                       0,158540
2672,158541,0,                       0,158539,158539,0,                       0,158541
2673,158540,0,                       0,158540,158540,0,                       0,158540
2674,158541,0,                       0,158539,158539,0,                       0,158541
2675,158542,0,                       0,158538,158538,0,                       0,158542
2676,158541,0,                       0,158539,158539,0,                       0,158541
2677,158540,0,                       0,158540,158540,0,                       0,158540
2678,158541,0,                       0,158539,158539,0,                       0,158541
2679,158540,0,                       0,158540,158540,0,                       0,158540
2680,158541,0,                       0,158539,158539,0,                       0,158541
2681,158542,0,                       0,158538,158538,0,                       0,158542
2682,158541,0,                       0,158539,158539,0,                       0,158541
2683,158540,0,                       0,158540,158540,0,                       0,158540
2684,158539,0,                       0,158541,158541,0,                       0,158539
2685,158540,0,                       0,158540,158540,0,                       0,158540
2686,158541,0,                       0,158539,158539,0,                       0,158541
2687,158540,0,                       0,158540,158540,0,                       0,158540
2688,158541,0,                       0,158539,158539,0,                       0,158541
2689,158542,0,                       0,158538,158538,0,                       0,158542
2690,158543,0,                       0,158537,158537,0,                       0,158543
2691,158542,0,                       0,158538,158538,0,                       0,158542
2692,158543,0,                       0,158537,158537,0,                       0,158543
2693,158542,0,                       0,158538,158538,0,                       0,158542
2694,158541,0,                       0,158539,158539,0,                       0,158541
2695,158540,0,                       0,158540,158540,0,                       0,158540
2696,158539,0,                       0,158541,158541,0,                       0,158539
2697,158538,0,                       0,158542,158542,0,                       0,158538
2698,158537,0,                       0,158543,158543,0,                       0,158537
2699,158536,0,                       0,158544,158544,0,                       0,158536
2700,158535,0,                       0,158545,158545,0,                       0,158535
2701,158536,0,                       0,158544,158544,0,                       0,158536
2702,158535,0,                       0,158545,158545,0,                       0,158535
2703,158534,0,                       0,158546,158546,0,                       0,158534
2704,158533,0,                       0,158547,158547,0,                       0,158533
2705,158534,0,                       0,158546,158546,0,                       0,158534
2706,158535,0,                       0,158545,158545,0,                       0,158535
2707,158536,0,                       0,158544,158544,0,                       0,158536
2708,158537,0,                       0,158543,158543,0,                       0,158537
2709,158538,0,                       0,158542,158542,0,                       0,158538
2710,158539,0,                       0,158541,158541,0,                       0,158539
2711,158538,0,                       0,158542,158542,0,                       0,158538
2712,158539,0,                       0,158541,158541,0,                       0,158539
2713,158540,0,                       0,158540,158540,0,                       0,158540
2714,158541,0,                       0,158539,158539,0,                       0,158541
2715,158542,0,                       0,158538,158538,0,                       0,158542
2716,158541,0,                       0,158539,158539,0,                       0,158541
2717,158540,0,                       0,158540,158540,0,                       0,158540
2718,158541,0,                       0,158539,158539,0,                       0,158541
2719,158542,0,                       0,158538,158538,0,                       0,158542
2720,158541,0,                       0,158539,158539,0,                       0,158541
2721,158542,0,                       0,158538,158538,0,                       0,158542
2722,158541,0,                       0,158539,158539,0,                       0,158541
2723,158540,0,                       0,158540,158540,0,                       0,158540
2724,158539,0,                       0,158541,158541,0,                       0,158539
2725,158540,0,                       0,158540,158540,0,                       0,158540
2726,158539,0,                       0,158541,158541,0,                       0,158539
2727,158540,0,                       0,158540,158540,0,                       0,158540
2728,158539,0,                       0,158541,158541,0,                       0,158539
2729,158538,0,                       0,158542,158542,0,                       0,158538
2730,158537,0,                       0,158543,158543,0,                       0,158537
2731,158538,0,                       0,158542,158542,0,                       0,158538
2732,158539,0,                       0,158541,158541,0,                       0,158539
2733,158540,0,                       0,158540,158540,0,                       0,158540
2734,158541,0,                       0,158539,158539,0,                       0,158541
2735,158540,0,                       0,158540,158540,0,                       0,158540
2736,158539,0,                       0,158541,158541,0,                       0,158539
2737,158540,0,                       0,158540,158540,0,                       0,158540
2738,158539,0,                       0,158541,158541,0,                       0,158539
2739,158540,0,                       0,158540,158540,0,                       0,158540
2740,158541,0,                       0,158539,158539,0,                       0,158541
2741,158540,0,                       0,158540,158540,0,                       0,158540
2742,158541,0,                       0,158539,158539,0,                       0,158541
2743,158540,0,                       0,158540,158540,0,                       0,158540
2744,158539,0,                       0,158541,158541,0,                       0,158539
2745,158540,0,                       0,158540,158540,0,                       0,158540
2746,158541,0,                       0,158539,158539,0,                       0,158541
2747,158542,0,                       0,158538,158538,0,                       0,158542
2748,158541,0,                       0,158539,158539,0,                       0,158541
2749,158542,0,                       0,158538,158538,0,                       0,158542
2750,158541,0,                       0,158539,158539,0,                       0,158541
2751,158540,0,                       0,158540,158540,0,                       0,158540
2752,158539,0,                       0,158541,158541,0,                       0,158539
2753,158538,0,                       0,158542,158542,0,                       0,158538
2754,158539,0,                       0,158541,158541,0,                       0,158539
2755,158538,0,                       0,158542,158542,0,                       0,158538
2756,158539,0,                       0,158541,158541,0,                       0,158539
2757,158540,0,                       0,158540,158540,0,                       0,158540
2758,158541,0,                       0,158539,158539,0,                       0,158541
2759,158542,0,                       0,158538,158538,0,                       0,158542
2760,158541,0,                       0,158539,158539,0,                       0,158541
2761,158540,0,                       0,158540,158540,0,                       0,158540
2762,158541,0,                       0,158539,158539,0,                       0,158541
2763,158540,0,                       0,158540,158540,0,                       0,158540
2764,158541,0,                       0,158539,158539,0,                       0,158541
2765,158540,0,                       0,158540,158540,0,                       0,158540
2766,158541,0,                       0,158539,158539,0,                       0,158541
2767,158540,0,                       0,158540,158540,0,                       0,158540
2768,158541,0,                       0,158539,158539,0,                       0,158541
2769,158540,0,                       0,158540,158540,0,                       0,158540
2770,158541,0,                       0,158539,158539,0,                       0,158541
2771,158540,0,                       0,158540,158540,0,                       0,158540
2772,158541,0,                       0,158539,158539,0,                       0,158541
2773,158540,0,                       0,158540,158540,0,                       0,158540
2774,158539,0,                       0,158541,158541,0,                       0,158539
2775,158538,0,                       0,158542,158542,0,                       0,158538
2776,158539,0,                       0,158541,158541,0,                       0,158539
2777,158540,0,                       0,158540,158540,0,                       0,158540
2778,158541,0,                       0,158539,158539,0,                       0,158541
2779,158542,0,                       0,158538,158538,0,                       0,158542
2780,158541,0,                       0,158539,158539,0,                       0,158541
2781,158540,0,                       0,158540,158540,0,                       0,158540
2782,158541,0,                       0,158539,158539,0,                       0,158541
2783,158542,0,                       0,158538,158538,0,                       0,158542
2784,158541,0,                       0,158539,158539,0,                       0,158541
2785,158542,0,                       0,158538,158538,0,                       0,158542
2786,158541,0,                       0,158539,158539,0,                       0,158541
2787,158542,0,                       0,158538,158538,0,                       0,158542
2788,158541,0,                       0,158539,158539,0,                       0,158541
2789,158542,0,                       0,158538,158538,0,                       0,158542
2790,158543,0,                       0,158537,158537,0,                       0,158543
2791,158542,0,                       0,158538,158538,0,                       0,158542
2792,158541,0,                       0,158539,158539,0,                       0,158541
2793,158540,0,                       0,158540,158540,0,                       0,158540
2794,158539,0,                       0,158541,158541,0,                       0,158539
2795,158538,0,                       0,158542,158542,0,                       0,158538
2796,158539,0,                       0,158541,158541,0,                       0,158539
2797,158540,0,                       0,158540,158540,0,                       0,158540
2798,158539,0,                       0,158541,158541,0,                       0,158539
2799,158540,0,                       0,158540,158540,0,                       0,158540
2800,158541,0,                       0,158539,158539,0,                       0,158541
2801,158540,0,                       0,158540,158540,0,                       0,158540
2802,158539,0,                       0,158541,158541,0,                       0,158539
2803,158540,0,                       0,158540,158540,0,                       0,158540
2804,158539,0,                       0,158541,158541,0,                       0,158539
2805,158540,0,                       0,158540,158540,0,                       0,158540
2806,158541,0,                       0,158539,158539,0,                       0,158541
2807,158540,0,                       0,158540,158540,0,                       0,158540
2808,158541,0,                       0,158539,158539,0,                       0,158541
2809,158540,0,                       0,158540,158540,0,                       0,158540
2810,158541,0,                       0,158539,158539,0,                       0,158541
2811,158542,0,                       0,158538,158538,0,                       0,158542
2812,158541,0,                       0,158539,158539,0,                       0,158541
2813,158540,0,                       0,158540,158540,0,                       0,158540
2814,158541,0,                       0,158539,158539,0,                       0,158541
2815,158542,0,                       0,158538,158538,0,                       0,158542
2816,158541,0,                       0,158539,158539,0,                       0,158541
2817,158542,0,                       0,158538,158538,0,                       0,158542
2818,158543,0,                       0,158537,158537,0,                       0,158543
2819,158542,0,                       0,158538,158538,0,                       0,158542
2820,158541,0,                       0,158539,158539,0,                       0,158541
2821,158540,0,                       0,158540,158540,0,                       0,158540
2822,158539,0,                       0,158541,158541,0,                       0,158539
2823,158540,0,                       0,158540,158540,0,                       0,158540
2824,158541,0,                       0,158539,158539,0,                       0,158541
2825,158540,0,                       0,158540,158540,0,                       0,158540
2826,158541,0,                       0,158539,158539,0,                       0,158541
2827,158542,0,                       0,158538,158538,0,                       0,158542
2828,158541,0,                       0,158539,158539,0,                       0,158541
2829,158540,0,                       0,158540,158540,0,                       0,158540
2830,158541,0,                       0,158539,158539,0,                       0,158541
2831,158540,0,                       0,158540,158540,0,                       0,158540
2832,158539,0,                       0,158541,158541,0,                       0,158539
2833,158538,0,                       0,158542,158542,0,                       0,158538
2834,158539,0,                       0,158541,158541,0,                       0,158539
2835,158540,0,                       0,158540,158540,0,                       0,158540
2836,158539,0,                       0,158541,158541,0,                       0,158539
2837,158538,0,                       0,158542,158542,0,                       0,158538
2838,158539,0,                       0,158541,158541,0,                       0,158539
2839,158540,0,                       0,158540,158540,0,                       0,158540
2840,158539,0,                       0,158541,158541,0,                       0,158539
2841,158540,0,                       0,158540,158540,0,                       0,158540
2842,158541,0,                       0,158539,158539,0,                       0,158541
2843,158540,0,                       0,158540,158540,0,                       0,158540
2844,158541,0,                       0,158539,158539,0,                       0,158541
2845,158540,0,                       0,158540,158540,0,                       0,158540
2846,158539,0,                       0,158541,158541,0,                       0,158539
2847,158538,0,                       0,158542,158542,0,                       0,158538
2848,158539,0,                       0,158541,158541,0,                       0,158539
2849,158540,0,                       0,158540,158540,0,                       0,158540
2850,158541,0,                       0,158539,158539,0,                       0,158541
2851,158542,0,                       0,158538,158538,0,                       0,158542
2852,158543,0,                       0,158537,158537,0,                       0,158543
2853,158542,0,                       0,158538,158538,0,                       0,158542
2854,158543,0,                       0,158537,158537,0,                       0,158543
2855,158542,0,                       0,158538,158538,0,                       0,158542
2856,158541,0,                       0,158539,158539,0,                       0,158541
2857,158540,0,                       0,158540,158540,0,                       0,158540
2858,158541,0,                       0,158539,158539,0,                       0,158541
2859,158542,0,                       0,158538,158538,0,                       0,158542
2860,158541,0,                       0,158539,158539,0,                       0,158541
2861,158542,0,                       0,158538,158538,0,                       0,158542
2862,158541,0,                       0,158539,158539,0,                       0,158541
2863,158540,0,                       0,158540,158540,0,                       0,158540
2864,158541,0,                       0,158539,158539,0,                       0,158541
2865,158542,0,                       0,158538,158538,0,                       0,158542
2866,158541,0,                       0,158539,158539,0,                       0,158541
2867,158540,0,                       0,158540,158540,0,                       0,158540
2868,158541,0,                       0,158539,158539,0,                       0,158541
2869,158540,0,                       0,158540,158540,0,                       0,158540
2870,158539,0,                       0,158541,158541,0,                       0,158539
2871,158540,0,                       0,158540,158540,0,                       0,158540
2872,158541,0,                       0,158539,158539,0,                       0,158541
2873,158542,0,                       0,158538,158538,0,                       0,158542
2874,158541,0,                       0,158539,158539,0,                       0,158541
2875,158540,0,                       0,158540,158540,0,                       0,158540
2876,158539,0,                       0,158541,158541,0,                       0,158539
2877,158540,0,                       0,158540,158540,0,                       0,158540
2878,158541,0,                       0,158539,158539,0,                       0,158541
2879,158540,0,                       0,158540,158540,0,                       0,158540
2880,158539,0,                       0,158541,158541,0,                       0,158539
2881,158540,0,                       0,158540,158540,0,                       0,158540
2882,158539,0,                       0,158541,158541,0,                       0,158539
2883,158540,0,                       0,158540,158540,0,                       0,158540
2884,158539,0,                       0,158541,158541,0,                       0,158539
2885,158540,0,                       0,158540,158540,0,                       0,158540
2886,158539,0,                       0,158541,158541,0,                       0,158539
2887,158538,0,                       0,158542,158542,0,                       0,158538
2888,158539,0,                       0,158541,158541,0,                       0,158539
2889,158540,0,                       0,158540,158540,0,                       0,158540
2890,158541,0,                       0,158539,158539,0,                       0,158541
2891,158540,0,                       0,158540,158540,0,                       0,158540
2892,158539,0,                       0,158541,158541,0,                       0,158539
2893,158540,0,                       0,158540,158540,0,                       0,158540
2894,158539,0,                       0,158541,158541,0,                       0,158539
2895,158540,0,                       0,158540,158540,0,                       0,158540
2896,158539,0,                       0,158541,158541,0,                       0,158539
2897,158540,0,                       0,158540,158540,0,                       0,158540
2898,158541,0,                       0,158539,158539,0,                       0,158541
2899,158542,0,                       0,158538,158538,0,                       0,158542
2900,158541,0,                       0,158539,158539,0,                       0,158541
2901,158540,0,                       0,158540,158540,0,                       0,158540
2902,158539,0,                       0,158541,158541,0,                       0,158539
2903,158538,0,                       0,158542,158542,0,                       0,158538
2904,158537,0,                       0,158543,158543,0,                       0,158537
2905,158536,0,                       0,158544,158544,0,                       0,158536
2906,158535,0,                       0,158545,158545,0,                       0,158535
2907,158534,0,                       0,158546,158546,0,                       0,158534
2908,158533,0,                       0,158547,158547,0,                       0,158533
2909,158534,0,                       0,158546,158546,0,                       0,158534
2910,158535,0,                       0,158545,158545,0,                       0,158535
2911,158536,0,                       0,158544,158544,0,                       0,158536
2912,158537,0,                       0,158543,158543,0,                       0,158537
2913,158538,0,                       0,158542,158542,0,                       0,158538
2914,158539,0,                       0,158541,158541,0,                       0,158539
2915,158540,0,                       0,158540,158540,0,                       0,158540
2916,158541,0,                       0,158539,158539,0,                       0,158541
2917,158542,0,                       0,158538,158538,0,                       0,158542
2918,158541,0,                       0,158539,158539,0,                       0,158541
2919,158540,0,                       0,158540,158540,0,                       0,158540
2920,158539,0,                       0,158541,158541,0,                       0,158539
2921,158540,0,                       0,158540,158540,0,                       0,158540
2922,158541,0,                       0,158539,158539,0,                       0,158541
2923,158542,0,                       0,158538,158538,0,                       0,158542
2924,158541,0,                       0,158539,158539,0,                       0,158541
2925,158542,0,                       0,158538,158538,0,                       0,158542
2926,158543,0,                       0,158537,158537,0,                       0,158543
2927,158542,0,                       0,158538,158538,0,                       0,158542
2928,158543,0,                       0,158537,158537,0,                       0,158543
2929,158542,0,                       0,158538,158538,0,                       0,158542
2930,158543,0,                       0,158537,158537,0,                       0,158543
2931,158544,0,                       0,158536,158536,0,                       0,158544
2932,158545,0,                       0,158535,158535,0,                       0,158545
2933,158546,0,                       0,158534,158534,0,                       0,158546
2934,158547,0,                       0,158533,158533,0,                       0,158547
2935,158548,0,                       0,158532,158532,0,                       0,158548
2936,158549,0,                       0,158531,158531,0,                       0,158549
2937,158548,0,                       0,158532,158532,0,                       0,158548
2938,158547,0,                       0,158533,158533,0,                       0,158547
2939,158546,0,                       0,158534,158534,0,                       0,158546
2940,158545,0,                       0,158535,158535,0,                       0,158545
2941,158544,0,                       0,158536,158536,0,                       0,158544
2942,158543,0,                       0,158537,158537,0,                       0,158543
2943,158542,0,                       0,158538,158538,0,                       0,158542
2944,158541,0,                       0,158539,158539,0,                       0,158541
2945,158540,0,                       0,158540,158540,0,                       0,158540
2946,158541,0,                       0,158539,158539,0,                       0,158541
2947,158540,0,                       0,158540,158540,0,                       0,158540
2948,158541,0,                       0,158539,158539,0,                       0,158541
2949,158540,0,                       0,158540,158540,0,                       0,158540
2950,158541,0,                       0,158539,158539,0,                       0,158541
2951,158540,0,                       0,158540,158540,0,                       0,158540
2952,158541,0,                       0,158539,158539,0,                       0,158541
2953,158540,0,                       0,158540,158540,0,                       0,158540
2954,158541,0,                       0,158539,158539,0,                       0,158541
2955,158540,0,                       0,158540,158540,0,                       0,158540
2956,158539,0,                       0,158541,158541,0,                       0,158539
2957,158538,0,                       0,158542,158542,0,                       0,158538
2958,158539,0,                       0,158541,158541,0,                       0,158539
2959,158540,0,                       0,158540,158540,0,                       0,158540
2960,158539,0,                       0,158541,158541,0,                       0,158539
2961,158540,0,                       0,158540,158540,0,                       0,158540
2962,158539,0,                       0,158541,158541,0,                       0,158539
2963,158540,0,                       0,158540,158540,0,                       0,158540
2964,158539,0,                       0,158541,158541,0,                       0,158539
2965,158540,0,                       0,158540,158540,0,                       0,158540
2966,158539,0,                       0,158541,158541,0,                       0,158539
2967,158540,0,                       0,158540,158540,0,                       0,158540
2968,158539,0,                       0,158541,158541,0,                       0,158539
2969,158538,0,                       0,158542,158542,0,                       0,158538
2970,158539,0,                       0,158541,158541,0,                       0,158539
2971,158540,0,                       0,158540,158540,0,                       0,158540
2972,158541,0,                       0,158539,158539,0,                       0,158541
2973,158540,0,                       0,158540,158540,0,                       0,158540
2974,158539,0,                       0,158541,158541,0,                       0,158539
2975,158540,0,                       0,158540,158540,0,                       0,158540
2976,158539,0,                       0,158541,158541,0,                       0,158539
2977,158538,0,                       0,158542,158542,0,                       0,158538
2978,158539,0,                       0,158541,158541,0,                       0,158539
2979,158540,0,                       0,158540,158540,0,                       0,158540
2980,158539,0,                       0,158541,158541,0,                       0,158539
2981,158540,0,                       0,158540,158540,0,                       0,158540
2982,158539,0,                       0,158541,158541,0,                       0,158539
2983,158538,0,                       0,158542,158542,0,                       0,158538
2984,158539,0,                       0,158541,158541,0,                       0,158539
2985,158540,0,                       0,158540,158540,0,                       0,158540
2986,158539,0,                       0,158541,158541,0,                       0,158539
2987,158540,0,                       0,158540,158540,0,                       0,158540
2988,158541,0,                       0,158539,158539,0,                       0,158541
2989,158540,0,                       0,158540,158540,0,                       0,158540
2990,158539,0,                       0,158541,158541,0,                       0,158539
2991,158540,0,                       0,158540,158540,0,                       0,158540
2992,158539,0,                       0,158541,158541,0,                       0,158539
2993,158540,0,                       0,158540,158540,0,                       0,158540
2994,158539,0,                       0,158541,158541,0,                       0,158539
2995,158540,0,                       0,158540,158540,0,                       0,158540
2996,158539,0,                       0,158541,158541,0,                       0,158539
2997,158540,0,                       0,158540,158540,0,                       0,158540
2998,158539,0,                       0,158541,158541,0,                       0,158539
2999,158540,0,                       0,158540,158540,0,                       0,158540
3000,158539,0,                       0,158541,158541,0,                       0,158539
3001,158540,0,                       0,158540,158540,0,                       0,158540
3002,158541,0,                       0,158539,158539,0,                       0,158541
3003,158542,0,                       0,158538,158538,0,                       0,158542
3004,158541,0,                       0,158539,158539,0,                       0,158541
3005,158540,0,                       0,158540,158540,0,                       0,158540
3006,158539,0,                       0,158541,158541,0,                       0,158539
3007,158540,0,                       0,158540,158540,0,                       0,158540
3008,158539,0,                       0,158541,158541,0,                       0,158539
3009,158540,0,                       0,158540,158540,0,                       0,158540
3010,158541,0,                       0,158539,158539,0,                       0,158541
3011,158542,0,                       0,158538,158538,0,                       0,158542
3012,158541,0,                       0,158539,158539,0,                       0,158541
3013,158542,0,                       0,158538,158538,0,                       0,158542
3014,158541,0,                       0,158539,158539,0,                       0,158541
3015,158542,0,                       0,158538,158538,0,                       0,158542
3016,158543,0,                       0,158537,158537,0,                       0,158543
3017,158544,0,                       0,158536,158536,0,                       0,158544
3018,158545,0,                       0,158535,158535,0,                       0,158545
3019,158544,0,                       0,158536,158536,0,                       0,158544
3020,158543,0,                       0,158537,158537,0,                       0,158543
3021,158542,0,                       0,158538,158538,0,                       0,158542
3022,158541,0,                       0,158539,158539,0,                       0,158541
3023,158540,0,                       0,158540,158540,0,                       0,158540
3024,158541,0,                       0,158539,158539,0,                       0,158541
3025,158540,0,                       0,158540,158540,0,                       0,158540
3026,158539,0,                       0,158541,158541,0,                       0,158539
3027,158540,0,                       0,158540,158540,0,                       0,158540
3028,158539,0,                       0,158541,158541,0,                       0,158539
3029,158540,0,                       0,158540,158540,0,                       0,158540
3030,158539,0,                       0,158541,158541,0,                       0,158539
3031,158540,0,                       0,158540,158540,0,                       0,158540
3032,158541,0,                       0,158539,158539,0,                       0,158541
3033,158540,0,                       0,158540,158540,0,                       0,158540
3034,158541,0,                       0,158539,158539,0,                       0,158541
3035,158540,0,                       0,158540,158540,0,                       0,158540
3036,158539,0,                       0,158541,158541,0,                       0,158539
3037,158540,0,                       0,158540,158540,0,                       0,158540
3038,158541,0,                       0,158539,158539,0,                       0,158541
3039,158540,0,                       0,158540,158540,0,                       0,158540
3040,158541,0,                       0,158539,158539,0,                       0,158541
3041,158540,0,                       0,158540,158540,0,                       0,158540
3042,158539,0,                       0,158541,158541,0,                       0,158539
3043,158540,0,                       0,158540,158540,0,                       0,158540
3044,158541,0,                       0,158539,158539,0,                       0,158541
3045,158540,0,                       0,158540,158540,0,                       0,158540
3046,158539,0,                       0,158541,158541,0,                       0,158539
3047,158540,0,                       0,158540,158540,0,                       0,158540
3048,158541,0,                       0,158539,158539,0,                       0,158541
3049,158540,0,                       0,158540,158540,0,                       0,158540
3050,158541,0,                       0,158539,158539,0,                       0,158541
3051,158540,0,                       0,158540,158540,0,                       0,158540
3052,158539,0,                       0,158541,158541,0,                       0,158539
3053,158540,0,                       0,158540,158540,0,                       0,158540
3054,158539,0,                       0,158541,158541,0,                       0,158539
3055,158538,0,                       0,158542,158542,0,                       0,158538
3056,158539,0,                       0,158541,158541,0,                       0,158539
3057,158540,0,                       0,158540,158540,0,                       0,158540
3058,158541,0,                       0,158539,158539,0,                       0,158541
3059,158540,0,                       0,158540,158540,0,                       0,158540
3060,158541,0,                       0,158539,158539,0,                       0,158541
3061,158542,0,                       0,158538,158538,0,                       0,158542
3062,158541,0,                       0,158539,158539,0,                       0,158541
3063,158540,0,                       0,158540,158540,0,                       0,158540
3064,158539,0,                       0,158541,158541,0,                       0,158539
3065,158540,0,                       0,158540,158540,0,                       0,158540
3066,158541,0,                       0,158539,158539,0,                       0,158541
3067,158540,0,                       0,158540,158540,0,                       0,158540
3068,158541,0,                       0,158539,158539,0,                       0,158541
3069,158540,0,                       0,158540,158540,0,                       0,158540
3070,158539,0,                       0,158541,158541,0,                       0,158539
3071,158540,0,                       0,158540,158540,0,                       0,158540
3072,158539,0,                       0,158541,158541,0,                       0,158539
3073,158540,0,                       0,158540,158540,0,                       0,158540
3074,158541,0,                       0,158539,158539,0,                       0,158541
3075,158542,0,                       0,158538,158538,0,                       0,158542
3076,158543,0,                       0,158537,158537,0,                       0,158543
3077,158542,0,                       0,158538,158538,0,                       0,158542
3078,158541,0,                       0,158539,158539,0,                       0,158541
3079,158540,0,                       0,158540,158540,0,                       0,158540
3080,158539,0,                       0,158541,158541,0,                       0,158539
3081,158538,0,                       0,158542,158542,0,                       0,158538
3082,158539,0,                       0,158541,158541,0,                       0,158539
3083,158540,0,                       0,158540,158540,0,                       0,158540
3084,158539,0,                       0,158541,158541,0,                       0,158539
3085,158540,0,                       0,158540,158540,0,                       0,158540
3086,158539,0,                       0,158541,158541,0,                       0,158539
3087,158540,0,                       0,158540,158540,0,                       0,158540
3088,158541,0,                       0,158539,158539,0,                       0,158541
3089,158542,0,                       0,158538,158538,0,                       0,158542
3090,158541,0,                       0,158539,158539,0,                       0,158541
3091,158542,0,                       0,158538,158538,0,                       0,158542
3092,158541,0,                       0,158539,158539,0,                       0,158541
3093,158540,0,                       0,158540,158540,0,                       0,158540
3094,158541,0,                       0,158539,158539,0,                       0,158541
3095,158540,0,                       0,158540,158540,0,                       0,158540
3096,158539,0,                       0,158541,158541,0,                       0,158539
3097,158540,0,                       0,158540,158540,0,                       0,158540
3098,158539,0,                       0,158541,158541,0,                       0,158539
3099,158540,0,                       0,158540,158540,0,                       0,158540
3100,158541,0,                       0,158539,158539,0,                       0,158541
3101,158540,0,                       0,158540,158540,0,                       0,158540
3102,158539,0,                       0,158541,158541,0,                       0,158539
3103,158538,0,                       0,158542,158542,0,                       0,158538
3104,158539,0,                       0,158541,158541,0,                       0,158539
3105,158538,0,                       0,158542,158542,0,                       0,158538
3106,158539,0,                       0,158541,158541,0,                       0,158539
3107,158540,0,                       0,158540,158540,0,                       0,158540
3108,158541,0,                       0,158539,158539,0,                       0,158541
3109,158540,0,                       0,158540,158540,0,                       0,158540
3110,158541,0,                       0,158539,158539,0,                       0,158541
3111,158540,0,                       0,158540,158540,0,                       0,158540
3112,158539,0,                       0,158541,158541,0,                       0,158539
3113,158538,0,                       0,158542,158542,0,                       0,158538
3114,158539,0,                       0,158541,158541,0,                       0,158539
3115,158540,0,                       0,158540,158540,0,                       0,158540
3116,158541,0,                       0,158539,158539,0,                       0,158541
3117,158540,0,                       0,158540,158540,0,                       0,158540
3118,158541,0,                       0,158539,158539,0,                       0,158541
3119,158542,0,                       0,158538,158538,0,                       0,158542
3120,158541,0,                       0,158539,158539,0,                       0,158541
3121,158540,0,                       0,158540,158540,0,                       0,158540
3122,158541,0,                       0,158539,158539,0,                       0,158541
3123,158542,0,                       0,158538,158538,0,                       0,158542
3124,158541,0,                       0,158539,158539,0,                       0,158541
3125,158542,0,                       0,158538,158538,0,                       0,158542
3126,158541,0,                       0,158539,158539,0,                       0,158541
3127,158540,0,                       0,158540,158540,0,                       0,158540
3128,158539,0,                       0,158541,158541,0,                       0,158539
3129,158540,0,                       0,158540,158540,0,                       0,158540
3130,158541,0,                       0,158539,158539,0,                       0,158541
3131,158540,0,                       0,158540,158540,0,                       0,158540
3132,158541,0,                       0,158539,158539,0,                       0,158541
3133,158540,0,                       0,158540,158540,0,                       0,158540
3134,158541,0,                       0,158539,158539,0,                       0,158541
3135,158540,0,                       0,158540,158540,0,                       0,158540
3136,158541,0,                       0,158539,158539,0,                       0,158541
3137,158540,0,                       0,158540,158540,0,                       0,158540
3138,158539,0,                       0,158541,158541,0,                       0,158539
3139,158540,0,                       0,158540,158540,0,                       0,158540
3140,158541,0,                       0,158539,158539,0,                       0,158541
3141,158540,0,                       0,158540,158540,0,                       0,158540
3142,158539,0,                       0,158541,158541,0,                       0,158539
3143,158538,0,                       0,158542,158542,0,                       0,158538
3144,158537,0,                       0,158543,158543,0,                       0,158537
3145,158538,0,                       0,158542,158542,0,                       0,158538
3146,158539,0,                       0,158541,158541,0,                       0,158539
3147,158538,0,                       0,158542,158542,0,                       0,158538
3148,158539,0,                       0,158541,158541,0,                       0,158539
3149,158540,0,                       0,158540,158540,0,                       0,158540
3150,158541,0,                       0,158539,158539,0,                       0,158541
3151,158540,0,                       0,158540,158540,0,                       0,158540
3152,158539,0,                       0,158541,158541,0,                       0,158539
3153,158540,0,                       0,158540,158540,0,                       0,158540
3154,158541,0,                       0,158539,158539,0,                       0,158541
3155,158542,0,                       0,158538,158538,0,                       0,158542
3156,158541,0,                       0,158539,158539,0,                       0,158541
3157,158540,0,                       0,158540,158540,0,                       0,158540
3158,158539,0,                       0,158541,158541,0,                       0,158539
3159,158540,0,                       0,158540,158540,0,                       0,158540
3160,158541,0,                       0,158539,158539,0,                       0,158541
3161,158540,0,                       0,158540,158540,0,                       0,158540
3162,158541,0,                       0,158539,158539,0,                       0,158541
3163,158540,0,                       0,158540,158540,0,                       0,158540
3164,158539,0,                       0,158541,158541,0,                       0,158539
3165,158538,0,                       0,158542,158542,0,                       0,158538
3166,158539,0,                       0,158541,158541,0,                       0,158539
3167,158540,0,                       0,158540,158540,0,                       0,158540
3168,158539,0,                       0,158541,158541,0,                       0,158539
3169,158540,0,                       0,158540,158540,0,                       0,158540
3170,158541,0,                       0,158539,158539,0,                       0,158541
3171,158540,0,                       0,158540,158540,0,                       0,158540
3172,158539,0,                       0,158541,158541,0,                       0,158539
3173,158540,0,                       0,158540,158540,0,                       0,158540
3174,158539,0,                       0,158541,158541,0,                       0,158539
3175,158540,0,                       0,158540,158540,0,                       0,158540
3176,158541,0,                       0,158539,158539,0,                       0,158541
3177,158540,0,                       0,158540,158540,0,                       0,158540
3178,158539,0,                       0,158541,158541,0,                       0,158539
3179,158538,0,                       0,158542,158542,0,                       0,158538
3180,158539,0,                       0,158541,158541,0,                       0,158539
3181,158538,0,                       0,158542,158542,0,                       0,158538
3182,158539,0,                       0,158541,158541,0,                       0,158539
3183,158538,0,                       0,158542,158542,0,                       0,158538
3184,158537,0,                       0,158543,158543,0,                       0,158537
3185,158536,0,                       0,158544,158544,0,                       0,158536
3186,158535,0,                       0,158545,158545,0,                       0,158535
3187,158536,0,                       0,158544,158544,0,                       0,158536
3188,158537,0,                       0,158543,158543,0,                       0,158537
3189,158538,0,                       0,158542,158542,0,                       0,158538
3190,158539,0,                       0,158541,158541,0,                       0,158539
3191,158538,0,                       0,158542,158542,0,                       0,158538
3192,158539,0,                       0,158541,158541,0,                       0,158539
3193,158540,0,                       0,158540,158540,0,                       0,158540
3194,158541,0,                       0,158539,158539,0,                       0,158541
3195,158542,0,                       0,158538,158538,0,                       0,158542
3196,158541,0,                       0,158539,158539,0,                       0,158541
3197,158540,0,                       0,158540,158540,0,                       0,158540
3198,158539,0,                       0,158541,158541,0,                       0,158539
3199,158540,0,                       0,158540,158540,0,                       0,158540
3200,158539,0,                       0,158541,158541,0,                       0,158539
3201,158538,0,                       0,158542,158542,0,                       0,158538
3202,158539,0,                       0,158541,158541,0,                       0,158539
3203,158540,0,                       0,158540,158540,0,                       0,158540
3204,158541,0,                       0,158539,158539,0,                       0,158541
3205,158542,0,                       0,158538,158538,0,                       0,158542
3206,158541,0,                       0,158539,158539,0,                       0,158541
3207,158540,0,                       0,158540,158540,0,                       0,158540
3208,158541,0,                       0,158539,158539,0,                       0,158541
3209,158540,0,                       0,158540,158540,0,                       0,158540
3210,158539,0,                       0,158541,158541,0,                       0,158539
3211,158540,0,                       0,158540,158540,0,                       0,158540
3212,158541,0,                       0,158539,158539,0,                       0,158541
3213,158540,0,                       0,158540,158540,0,                       0,158540
3214,158541,0,                       0,158539,158539,0,                       0,158541
3215,158540,0,                       0,158540,158540,0,                       0,158540
3216,158541,0,                       0,158539,158539,0,                       0,158541
3217,158542,0,                       0,158538,158538,0,                       0,158542
3218,158541,0,                       0,158539,158539,0,                       0,158541
3219,158542,0,                       0,158538,158538,0,                       0,158542
3220,158541,0,                       0,158539,158539,0,                       0,158541
3221,158540,0,                       0,158540,158540,0,                       0,158540
3222,158539,0,                       0,158541,158541,0,                       0,158539
3223,158538,0,                       0,158542,158542,0,                       0,158538
3224,158539,0,                       0,158541,158541,0,                       0,158539
3225,158538,0,                       0,158542,158542,0,                       0,158538
3226,158539,0,                       0,158541,158541,0,                       0,158539
3227,158540,0,                       0,158540,158540,0,                       0,158540
3228,158539,0,                       0,158541,158541,0,                       0,158539
3229,158540,0,                       0,158540,158540,0,                       0,158540
3230,158539,0,                       0,158541,158541,0,                       0,158539
3231,158540,0,                       0,158540,158540,0,                       0,158540
3232,158541,0,                       0,158539,158539,0,                       0,158541
3233,158540,0,                       0,158540,158540,0,                       0,158540
3234,158541,0,                       0,158539,158539,0,                       0,158541
3235,158542,0,                       0,158538,158538,0,                       0,158542
3236,158541,0,                       0,158539,158539,0,                       0,158541
3237,158540,0,                       0,158540,158540,0,                       0,158540
3238,158541,0,                       0,158539,158539,0,                       0,158541
3239,158540,0,                       0,158540,158540,0,                       0,158540
3240,158539,0,                       0,158541,158541,0,                       0,158539
3241,158538,0,                       0,158542,158542,0,                       0,158538
3242,158537,0,                       0,158543,158543,0,                       0,158537
3243,158538,0,                       0,158542,158542,0,                       0,158538
3244,158539,0,                       0,158541,158541,0,                       0,158539
3245,158540,0,                       0,158540,158540,0,                       0,158540
3246,158539,0,                       0,158541,158541,0,                       0,158539
3247,158538,0,                       0,158542,158542,0,                       0,158538
3248,158537,0,                       0,158543,158543,0,                       0,158537
3249,158538,0,                       0,158542,158542,0,                       0,158538
3250,158539,0,                       0,158541,158541,0,                       0,158539
3251,158540,0,                       0,158540,158540,0,                       0,158540
3252,158541,0,                       0,158539,158539,0,                       0,158541
3253,158542,0,                       0,158538,158538,0,                       0,158542
3254,158541,0,                       0,158539,158539,0,                       0,158541
3255,158540,0,                       0,158540,158540,0,                       0,158540
3256,158541,0,                       0,158539,158539,0,                       0,158541
3257,158540,0,                       0,158540,158540,0,                       0,158540
3258,158541,0,                       0,158539,158539,0,                       0,158541
3259,158542,0,                       0,158538,158538,0,                       0,158542
3260,158541,0,                       0,158539,158539,0,                       0,158541
3261,158540,0,                       0,158540,158540,0,                       0,158540
3262,158539,0,                       0,158541,158541,0,                       0,158539
3263,158538,0,                       0,158542,158542,0,                       0,158538
3264,158539,0,                       0,158541,158541,0,                       0,158539
3265,158540,0,                       0,158540,158540,0,                       0,158540
3266,158541,0,                       0,158539,158539,0,                       0,158541
3267,158540,0,                       0,158540,158540,0,                       0,158540
3268,158541,0,                       0,158539,158539,0,                       0,158541
3269,158540,0,                       0,158540,158540,0,                       0,158540
3270,158539,0,                       0,158541,158541,0,                       0,158539
3271,158540,0,                       0,158540,158540,0,                       0,158540
3272,158541,0,                       0,158539,158539,0,                       0,158541
3273,158540,0,                       0,158540,158540,0,                       0,158540
3274,158541,0,                       0,158539,158539,0,                       0,158541
3275,158542,0,                       0,158538,158538,0,                       0,158542
3276,158541,0,                       0,158539,158539,0,                       0,158541
3277,158542,0,                       0,158538,158538,0,                       0,158542
3278,158541,0,                       0,158539,158539,0,                       0,158541
3279,158540,0,                       0,158540,158540,0,                       0,158540
3280,158541,0,                       0,158539,158539,0,                       0,158541
3281,158540,0,                       0,158540,158540,0,                       0,158540
3282,158539,0,                       0,158541,158541,0,                       0,158539
3283,158540,0,                       0,158540,158540,0,                       0,158540
3284,158539,0,                       0,158541,158541,0,                       0,158539
3285,158538,0,                       0,158542,158542,0,                       0,158538
3286,158539,0,                       0,158541,158541,0,                       0,158539
3287,158540,0,                       0,158540,158540,0,                       0,158540
3288,158539,0,                       0,158541,158541,0,                       0,158539
3289,158540,0,                       0,158540,158540,0,                       0,158540
3290,158539,0,                       0,158541,158541,0,                       0,158539
3291,158538,0,                       0,158542,158542,0,                       0,158538
3292,158537,0,                       0,158543,158543,0,                       0,158537
3293,158538,0,                       0,158542,158542,0,                       0,158538
3294,158539,0,                       0,158541,158541,0,                       0,158539
3295,158540,0,                       0,158540,158540,0,                       0,158540
3296,158541,0,                       0,158539,158539,0,                       0,158541
3297,158540,0,                       0,158540,158540,0,                       0,158540
3298,158539,0,                       0,158541,158541,0,                       0,158539
3299,158540,0,                       0,158540,158540,0,                       0,158540
3300,158539,0,                       0,158541,158541,0,                       0,158539
3301,158540,0,                       0,158540,158540,0,                       0,158540
3302,158541,0,                       0,158539,158539,0,                       0,158541
3303,158542,0,                       0,158538,158538,0,                       0,158542
3304,158543,0,                       0,158537,158537,0,                       0,158543
3305,158544,0,                       0,158536,158536,0,                       0,158544
3306,158545,0,                       0,158535,158535,0,                       0,158545
3307,158546,0,                       0,158534,158534,0,                       0,158546
3308,158545,0,                       0,158535,158535,0,                       0,158545
3309,158544,0,                       0,158536,158536,0,                       0,158544
3310,158543,0,                       0,158537,158537,0,                       0,158543
3311,158542,0,                       0,158538,158538,0,                       0,158542
3312,158541,0,                       0,158539,158539,0,                       0,158541
3313,158540,0,                       0,158540,158540,0,                       0,158540
3314,158539,0,                       0,158541,158541,0,                       0,158539
3315,158538,0,                       0,158542,158542,0,                       0,158538
3316,158539,0,                       0,158541,158541,0,                       0,158539
3317,158540,0,                       0,158540,158540,0,                       0,158540
3318,158541,0,                       0,158539,158539,0,                       0,158541
3319,158540,0,                       0,158540,158540,0,                       0,158540
3320,158541,0,                       0,158539,158539,0,                       0,158541
3321,158542,0,                       0,158538,158538,0,                       0,158542
3322,158541,0,                       0,158539,158539,0,                       0,158541
3323,158540,0,                       0,158540,158540,0,                       0,158540
3324,158539,0,                       0,158541,158541,0,                       0,158539
3325,158538,0,                       0,158542,158542,0,                       0,158538
3326,158539,0,                       0,158541,158541,0,                       0,158539
3327,158540,0,                       0,158540,158540,0,                       0,158540
3328,158539,0,                       0,158541,158541,0,                       0,158539
3329,158540,0,                       0,158540,158540,0,                       0,158540
3330,158541,0,                       0,158539,158539,0,                       0,158541
3331,158540,0,                       0,158540,158540,0,                       0,158540
3332,158539,0,                       0,158541,158541,0,                       0,158539
3333,158540,0,                       0,158540,158540,0,                       0,158540
3334,158539,0,                       0,158541,158541,0,                       0,158539
3335,158540,0,                       0,158540,158540,0,                       0,158540
3336,158541,0,                       0,158539,158539,0,                       0,158541
3337,158542,0,                       0,158538,158538,0,                       0,158542
3338,158541,0,                       0,158539,158539,0,                       0,158541
3339,158540,0,                       0,158540,158540,0,                       0,158540
3340,158541,0,                       0,158539,158539,0,                       0,158541
3341,158540,0,                       0,158540,158540,0,                       0,158540
3342,158541,0,                       0,158539,158539,0,                       0,158541
3343,158540,0,                       0,158540,158540,0,                       0,158540
3344,158539,0,                       0,158541,158541,0,                       0,158539
3345,158540,0,                       0,158540,158540,0,                       0,158540
3346,158539,0,                       0,158541,158541,0,                       0,158539
3347,158538,0,                       0,158542,158542,0,                       0,158538
3348,158537,0,                       0,158543,158543,0,                       0,158537
3349,158536,0,                       0,158544,158544,0,                       0,158536
3350,158537,0,                       0,158543,158543,0,                       0,158537
3351,158538,0,                       0,158542,158542,0,                       0,158538
3352,158539,0,                       0,158541,158541,0,                       0,158539
3353,158540,0,                       0,158540,158540,0,                       0,158540
3354,158541,0,                       0,158539,158539,0,                       0,158541
3355,158540,0,                       0,158540,158540,0,                       0,158540
3356,158541,0,                       0,158539,158539,0,                       0,158541
3357,158542,0,                       0,158538,158538,0,                       0,158542
3358,158543,0,                       0,158537,158537,0,                       0,158543
3359,158542,0,                       0,158538,158538,0,                       0,158542
3360,158543,0,                       0,158537,158537,0,                       0,158543
3361,158542,0,                       0,158538,158538,0,                       0,158542
3362,158541,0,                       0,158539,158539,0,                       0,158541
3363,158540,0,                       0,158540,158540,0,                       0,158540
3364,158541,0,                       0,158539,158539,0,                       0,158541
3365,158540,0,                       0,158540,158540,0,                       0,158540
3366,158541,0,                       0,158539,158539,0,                       0,158541
3367,158540,0,                       0,158540,158540,0,                       0,158540
3368,158539,0,                       0,158541,158541,0,                       0,158539
3369,158540,0,                       0,158540,158540,0,                       0,158540
3370,158539,0,                       0,158541,158541,0,                       0,158539
3371,158540,0,                       0,158540,158540,0,                       0,158540
3372,158541,0,                       0,158539,158539,0,                       0,158541
3373,158540,0,                       0,158540,158540,0,                       0,158540
3374,158539,0,                       0,158541,158541,0,                       0,158539
3375,158540,0,                       0,158540,158540,0,                       0,158540
3376,158541,0,                       0,158539,158539,0,                       0,158541
3377,158542,0,                       0,158538,158538,0,                       0,158542
3378,158541,0,                       0,158539,158539,0,                       0,158541
3379,158540,0,                       0,158540,158540,0,                       0,158540
3380,158539,0,                       0,158541,158541,0,                       0,158539
3381,158540,0,                       0,158540,158540,0,                       0,158540
3382,158539,0,                       0,158541,158541,0,                       0,158539
3383,158540,0,                       0,158540,158540,0,                       0,158540
3384,158539,0,                       0,158541,158541,0,                       0,158539
3385,158538,0,                       0,158542,158542,0,                       0,158538
3386,158539,0,                       0,158541,158541,0,                       0,158539
3387,158540,0,                       0,158540,158540,0,                       0,158540
3388,158541,0,                       0,158539,158539,0,                       0,158541
3389,158540,0,                       0,158540,158540,0,                       0,158540
3390,158541,0,                       0,158539,158539,0,                       0,158541
3391,158540,0,                       0,158540,158540,0,                       0,158540
3392,158539,0,                       0,158541,158541,0,                       0,158539
3393,158540,0,                       0,158540,158540,0,                       0,158540
3394,158539,0,                       0,158541,158541,0,                       0,158539
3395,158540,0,                       0,158540,158540,0,                       0,158540
3396,158539,0,                       0,158541,158541,0,                       0,158539
3397,158540,0,                       0,158540,158540,0,                       0,158540
3398,158541,0,                       0,158539,158539,0,                       0,158541
3399,158540,0,                       0,158540,158540,0,                       0,158540
3400,158541,0,                       0,158539,158539,0,                       0,158541
3401,158542,0,                       0,158538,158538,0,                       0,158542
3402,158541,0,                       0,158539,158539,0,                       0,158541
3403,158540,0,                       0,158540,158540,0,                       0,158540
3404,158539,0,                       0,158541,158541,0,                       0,158539
3405,158540,0,                       0,158540,158540,0,                       0,158540
3406,158541,0,                       0,158539,158539,0,                       0,158541
3407,158540,0,                       0,158540,158540,0,                       0,158540
3408,158539,0,                       0,158541,158541,0,                       0,158539
3409,158538,0,                       0,158542,158542,0,                       0,158538
3410,158539,0,                       0,158541,158541,0,                       0,158539
3411,158540,0,                       0,158540,158540,0,                       0,158540
3412,158539,0,                       0,158541,158541,0,                       0,158539
3413,158538,0,                       0,158542,158542,0,                       0,158538
3414,158539,0,                       0,158541,158541,0,                       0,158539
3415,158540,0,                       0,158540,158540,0,                       0,158540
3416,158539,0,                       0,158541,158541,0,                       0,158539
3417,158540,0,                       0,158540,158540,0,                       0,158540
3418,158541,0,                       0,158539,158539,0,                       0,158541
3419,158542,0,                       0,158538,158538,0,                       0,158542
3420,158541,0,                       0,158539,158539,0,                       0,158541
3421,158540,0,                       0,158540,158540,0,                       0,158540
3422,158541,0,                       0,158539,158539,0,                       0,158541
3423,158540,0,                       0,158540,158540,0,                       0,158540
3424,158539,0,                       0,158541,158541,0,                       0,158539
3425,158540,0,                       0,158540,158540,0,                       0,158540
3426,158541,0,                       0,158539,158539,0,                       0,158541
3427,158542,0,                       0,158538,158538,0,                       0,158542
3428,158541,0,                       0,158539,158539,0,                       0,158541
3429,158542,0,                       0,158538,158538,0,                       0,158542
3430,158541,0,                       0,158539,158539,0,                       0,158541
3431,158540,0,                       0,158540,158540,0,                       0,158540
3432,158539,0,                       0,158541,158541,0,                       0,158539
3433,158540,0,                       0,158540,158540,0,                       0,158540
3434,158541,0,                       0,158539,158539,0,                       0,158541
3435,158540,0,                       0,158540,158540,0,                       0,158540
3436,158541,0,                       0,158539,158539,0,                       0,158541
3437,158540,0,                       0,158540,158540,0,                       0,158540
3438,158539,0,                       0,158541,158541,0,                       0,158539
3439,158540,0,                       0,158540,158540,0,                       0,158540
3440,158539,0,                       0,158541,158541,0,                       0,158539
3441,158538,0,                       0,158542,158542,0,                       0,158538
3442,158539,0,                       0,158541,158541,0,                       0,158539
3443,158540,0,                       0,158540,158540,0,                       0,158540
3444,158541,0,                       0,158539,158539,0,                       0,158541
3445,158542,0,                       0,158538,158538,0,                       0,158542
3446,158541,0,                       0,158539,158539,0,                       0,158541
3447,158540,0,                       0,158540,158540,0,                       0,158540
3448,158541,0,                       0,158539,158539,0,                       0,158541
3449,158540,0,                       0,158540,158540,0,                       0,158540
3450,158539,0,                       0,158541,158541,0,                       0,158539
3451,158538,0,                       0,158542,158542,0,                       0,158538
3452,158537,0,                       0,158543,158543,0,                       0,158537
3453,158536,0,                       0,158544,158544,0,                       0,158536
3454,158537,0,                       0,158543,158543,0,                       0,158537
3455,158538,0,                       0,158542,158542,0,                       0,158538
3456,158539,0,                       0,158541,158541,0,                       0,158539
3457,158540,0,                       0,158540,158540,0,                       0,158540
3458,158539,0,                       0,158541,158541,0,                       0,158539
3459,158538,0,                       0,158542,158542,0,                       0,158538
3460,158537,0,                       0,158543,158543,0,                       0,158537
3461,158536,0,                       0,158544,158544,0,                       0,158536
3462,158535,0,                       0,158545,158545,0,                       0,158535
3463,158536,0,                       0,158544,158544,0,                       0,158536
3464,158535,0,                       0,158545,158545,0,                       0,158535
3465,158536,0,                       0,158544,158544,0,                       0,158536
3466,158537,0,                       0,158543,158543,0,                       0,158537
3467,158538,0,                       0,158542,158542,0,                       0,158538
3468,158539,0,                       0,158541,158541,0,                       0,158539
3469,158540,0,                       0,158540,158540,0,                       0,158540
3470,158539,0,                       0,158541,158541,0,                       0,158539
3471,158540,0,                       0,158540,158540,0,                       0,158540
3472,158539,0,                       0,158541,158541,0,                       0,158539
3473,158540,0,                       0,158540,158540,0,                       0,158540
3474,158539,0,                       0,158541,158541,0,                       0,158539
3475,158538,0,                       0,158542,158542,0,                       0,158538
3476,158539,0,                       0,158541,158541,0,                       0,158539
3477,158538,0,                       0,158542,158542,0,                       0,158538
3478,158539,0,                       0,158541,158541,0,                       0,158539
3479,158540,0,                       0,158540,158540,0,                       0,158540
3480,158539,0,                       0,158541,158541,0,                       0,158539
3481,158540,0,                       0,158540,158540,0,                       0,158540
3482,158539,0,                       0,158541,158541,0,                       0,158539
3483,158540,0,                       0,158540,158540,0,                       0,158540
3484,158539,0,                       0,158541,158541,0,                       0,158539
3485,158540,0,                       0,158540,158540,0,                       0,158540
3486,158539,0,                       0,158541,158541,0,                       0,158539
3487,158540,0,                       0,158540,158540,0,                       0,158540
3488,158541,0,                       0,158539,158539,0,                       0,158541
3489,158542,0,                       0,158538,158538,0,                       0,158542
3490,158543,0,                       0,158537,158537,0,                       0,158543
3491,158542,0,                       0,158538,158538,0,                       0,158542
3492,158543,0,                       0,158537,158537,0,                       0,158543
3493,158544,0,                       0,158536,158536,0,                       0,158544
3494,158543,0,                       0,158537,158537,0,                       0,158543
3495,158542,0,                       0,158538,158538,0,                       0,158542
3496,158541,0,                       0,158539,158539,0,                       0,158541
3497,158540,0,                       0,158540,158540,0,                       0,158540
3498,158539,0,                       0,158541,158541,0,                       0,158539
3499,158540,0,                       0,158540,158540,0,                       0,158540
3500,158541,0,                       0,158539,158539,0,                       0,158541
3501,158540,0,                       0,158540,158540,0,                       0,158540
3502,158541,0,                       0,158539,158539,0,                       0,158541
3503,158540,0,                       0,158540,158540,0,                       0,158540
3504,158541,0,                       0,158539,158539,0,                       0,158541
3505,158540,0,                       0,158540,158540,0,                       0,158540
3506,158541,0,                       0,158539,158539,0,                       0,158541
3507,158542,0,                       0,158538,158538,0,                       0,158542
3508,158541,0,                       0,158539,158539,0,                       0,158541
3509,158540,0,                       0,158540,158540,0,                       0,158540
3510,158541,0,                       0,158539,158539,0,                       0,158541
3511,158540,0,                       0,158540,158540,0,                       0,158540
3512,158541,0,                       0,158539,158539,0,                       0,158541
3513,158542,0,                       0,158538,158538,0,                       0,158542
3514,158541,0,                       0,158539,158539,0,                       0,158541
3515,158540,0,                       0,158540,158540,0,                       0,158540
3516,158539,0,                       0,158541,158541,0,                       0,158539
3517,158538,0,                       0,158542,158542,0,                       0,158538
3518,158539,0,                       0,158541,158541,0,                       0,158539
3519,158540,0,                       0,158540,158540,0,                       0,158540
3520,158539,0,                       0,158541,158541,0,                       0,158539
3521,158538,0,                       0,158542,158542,0,                       0,158538
3522,158539,0,                       0,158541,158541,0,                       0,158539
3523,158540,0,                       0,158540,158540,0,                       0,158540
3524,158541,0,                       0,158539,158539,0,                       0,158541
3525,158540,0,                       0,158540,158540,0,                       0,158540
3526,158541,0,                       0,158539,158539,0,                       0,158541
3527,158540,0,                       0,158540,158540,0,                       0,158540
3528,158539,0,                       0,158541,158541,0,                       0,158539
3529,158540,0,                       0,158540,158540,0,                       0,158540
3530,158541,0,                       0,158539,158539,0,                       0,158541
3531,158540,0,                       0,158540,158540,0,                       0,158540
3532,158541,0,                       0,158539,158539,0,                       0,158541
3533,158540,0,                       0,158540,158540,0,                       0,158540
3534,158541,0,                       0,158539,158539,0,                       0,158541
3535,158542,0,                       0,158538,158538,0,                       0,158542
3536,158541,0,                       0,158539,158539,0,                       0,158541
3537,158540,0,                       0,158540,158540,0,                       0,158540
3538,158539,0,                       0,158541,158541,0,                       0,158539
3539,158540,0,                       0,158540,158540,0,                       0,158540
3540,158541,0,                       0,158539,158539,0,                       0,158541
3541,158540,0,                       0,158540,158540,0,                       0,158540
3542,158541,0,                       0,158539,158539,0,                       0,158541
3543,158542,0,                       0,158538,158538,0,                       0,158542
3544,158541,0,                       0,158539,158539,0,                       0,158541
3545,158540,0,                       0,158540,158540,0,                       0,158540
3546,158539,0,                       0,158541,158541,0,                       0,158539
3547,158540,0,                       0,158540,158540,0,                       0,158540
3548,158541,0,                       0,158539,158539,0,                       0,158541
3549,158542,0,                       0,158538,158538,0,                       0,158542
3550,158543,0,                       0,158537,158537,0,                       0,158543
3551,158542,0,                       0,158538,158538,0,                       0,158542
3552,158541,0,                       0,158539,158539,0,                       0,158541
3553,158542,0,                       0,158538,158538,0,                       0,158542
3554,158541,0,                       0,158539,158539,0,                       0,158541
3555,158540,0,                       0,158540,158540,0,                       0,158540
3556,158539,0,                       0,158541,158541,0,                       0,158539
3557,158540,0,                       0,158540,158540,0,                       0,158540
3558,158541,0,                       0,158539,158539,0,                       0,158541
3559,158540,0,                       0,158540,158540,0,                       0,158540
3560,158541,0,                       0,158539,158539,0,                       0,158541
3561,158540,0,                       0,158540,158540,0,                       0,158540
3562,158541,0,                       0,158539,158539,0,                       0,158541
3563,158540,0,                       0,158540,158540,0,                       0,158540
3564,158539,0,                       0,158541,158541,0,                       0,158539
3565,158540,0,                       0,158540,158540,0,                       0,158540
3566,158539,0,                       0,158541,158541,0,                       0,158539
3567,158540,0,                       0,158540,158540,0,                       0,158540
3568,158539,0,                       0,158541,158541,0,                       0,158539
3569,158540,0,                       0,158540,158540,0,                       0,158540
3570,158541,0,                       0,158539,158539,0,                       0,158541
3571,158542,0,                       0,158538,158538,0,                       0,158542
3572,158541,0,                       0,158539,158539,0,                       0,158541
3573,158540,0,                       0,158540,158540,0,                       0,158540
3574,158541,0,                       0,158539,158539,0,                       0,158541
3575,158540,0,                       0,158540,158540,0,                       0,158540
3576,158539,0,                       0,158541,158541,0,                       0,158539
3577,158540,0,                       0,158540,158540,0,                       0,158540
3578,158541,0,                       0,158539,158539,0,                       0,158541
3579,158540,0,                       0,158540,158540,0,                       0,158540
3580,158539,0,                       0,158541,158541,0,                       0,158539
3581,158540,0,                       0,158540,158540,0,                       0,158540
3582,158541,0,                       0,158539,158539,0,                       0,158541
3583,158542,0,                       0,158538,158538,0,                       0,158542
3584,158541,0,                       0,158539,158539,0,                       0,158541
3585,158540,0,                       0,158540,158540,0,                       0,158540
3586,158539,0,                       0,158541,158541,0,                       0,158539
3587,158538,0,                       0,158542,158542,0,                       0,158538
3588,158539,0,                       0,158541,158541,0,                       0,158539
3589,158538,0,                       0,158542,158542,0,                       0,158538
3590,158539,0,                       0,158541,158541,0,                       0,158539
3591,158540,0,                       0,158540,158540,0,                       0,158540
3592,158541,0,                       0,158539,158539,0,                       0,158541
3593,158540,0,                       0,158540,158540,0,                       0,158540
3594,158539,0,                       0,158541,158541,0,                       0,158539
3595,158540,0,                       0,158540,158540,0,                       0,158540
3596,158541,0,                       0,158539,158539,0,                       0,158541
3597,158540,0,                       0,158540,158540,0,                       0,158540
3598,158539,0,                       0,158541,158541,0,                       0,158539
3599,158540,0,                       0,158540,158540,0,                       0,158540
3600,158541,0,                       0,158539,158539,0,                       0,158541
3601,158540,0,                       0,158540,158540,0,                       0,158540
3602,158541,0,                       0,158539,158539,0,                       0,158541
3603,158540,0,                       0,158540,158540,0,                       0,158540
3604,158541,0,                       0,158539,158539,0,                       0,158541
3605,158540,0,                       0,158540,158540,0,                       0,158540
3606,158541,0,                       0,158539,158539,0,                       0,158541
3607,158542,0,                       0,158538,158538,0,                       0,158542
3608,158541,0,                       0,158539,158539,0,                       0,158541
3609,158540,0,                       0,158540,158540,0,                       0,158540
3610,158539,0,                       0,158541,158541,0,                       0,158539
3611,158540,0,                       0,158540,158540,0,                       0,158540
3612,158541,0,                       0,158539,158539,0,                       0,158541
3613,158542,0,                       0,158538,158538,0,                       0,158542
3614,158541,0,                       0,158539,158539,0,                       0,158541
3615,158540,0,                       0,158540,158540,0,                       0,158540
3616,158541,0,                       0,158539,158539,0,                       0,158541
3617,158542,0,                       0,158538,158538,0,                       0,158542
3618,158543,0,                       0,158537,158537,0,                       0,158543
3619,158542,0,                       0,158538,158538,0,                       0,158542
3620,158541,0,                       0,158539,158539,0,                       0,158541
3621,158540,0,                       0,158540,158540,0,                       0,158540
3622,158539,0,                       0,158541,158541,0,                       0,158539
3623,158538,0,                       0,158542,158542,0,                       0,158538
3624,158537,0,                       0,158543,158543,0,                       0,158537
3625,158538,0,                       0,158542,158542,0,                       0,158538
3626,158539,0,                       0,158541,158541,0,                       0,158539
3627,158538,0,                       0,158542,158542,0,                       0,158538
3628,158537,0,                       0,158543,158543,0,                       0,158537
3629,158538,0,                       0,158542,158542,0,                       0,158538
3630,158537,0,                       0,158543,158543,0,                       0,158537
3631,158538,0,                       0,158542,158542,0,                       0,158538
3632,158539,0,                       0,158541,158541,0,                       0,158539
3633,158540,0,                       0,158540,158540,0,                       0,158540
3634,158541,0,                       0,158539,158539,0,                       0,158541
3635,158540,0,                       0,158540,158540,0,                       0,158540
3636,158541,0,                       0,158539,158539,0,                       0,158541
3637,158542,0,                       0,158538,158538,0,                       0,158542
3638,158541,0,                       0,158539,158539,0,                       0,158541
3639,158540,0,                       0,158540,158540,0,                       0,158540
3640,158541,0,                       0,158539,158539,0,                       0,158541
3641,158540,0,                       0,158540,158540,0,                       0,158540
3642,158541,0,                       0,158539,158539,0,                       0,158541
3643,158542,0,                       0,158538,158538,0,                       0,158542
3644,158543,0,                       0,158537,158537,0,                       0,158543
3645,158542,0,                       0,158538,158538,0,                       0,158542
3646,158541,0,                       0,158539,158539,0,                       0,158541
3647,158540,0,                       0,158540,158540,0,                       0,158540
3648,158539,0,                       0,158541,158541,0,                       0,158539
3649,158538,0,                       0,158542,158542,0,                       0,158538
3650,158537,0,                       0,158543,158543,0,                       0,158537
3651,158538,0,                       0,158542,158542,0,                       0,158538
3652,158539,0,                       0,158541,158541,0,                       0,158539
3653,158538,0,                       0,158542,158542,0,                       0,158538
3654,158539,0,                       0,158541,158541,0,                       0,158539
3655,158540,0,                       0,158540,158540,0,                       0,158540
3656,158541,0,                       0,158539,158539,0,                       0,158541
3657,158540,0,                       0,158540,158540,0,                       0,158540
3658,158539,0,                       0,158541,158541,0,                       0,158539
3659,158540,0,                       0,158540,158540,0,                       0,158540
3660,158541,0,                       0,158539,158539,0,                       0,158541
3661,158540,0,                       0,158540,158540,0,                       0,158540
3662,158541,0,                       0,158539,158539,0,                       0,158541
3663,158540,0,                       0,158540,158540,0,                       0,158540
3664,158541,0,                       0,158539,158539,0,                       0,158541
3665,158540,0,                       0,158540,158540,0,                       0,158540
3666,158539,0,                       0,158541,158541,0,                       0,158539
3667,158540,0,                       0,158540,158540,0,                       0,158540
3668,158539,0,                       0,158541,158541,0,                       0,158539
3669,158538,0,                       0,158542,158542,0,                       0,158538
3670,158539,0,                       0,158541,158541,0,                       0,158539
3671,158540,0,                       0,158540,158540,0,                       0,158540
3672,158541,0,                       0,158539,158539,0,                       0,158541
3673,158542,0,                       0,158538,158538,0,                       0,158542
3674,158541,0,                       0,158539,158539,0,                       0,158541
3675,158542,0,                       0,158538,158538,0,                       0,158542
3676,158541,0,                       0,158539,158539,0,                       0,158541
3677,158540,0,                       0,158540,158540,0,                       0,158540
3678,158541,0,                       0,158539,158539,0,                       0,158541
3679,158542,0,                       0,158538,158538,0,                       0,158542
3680,158541,0,                       0,158539,158539,0,                       0,158541
3681,158540,0,                       0,158540,158540,0,                       0,158540
3682,158539,0,                       0,158541,158541,0,                       0,158539
3683,158540,0,                       0,158540,158540,0,                       0,158540
3684,158541,0,                       0,158539,158539,0,                       0,158541
3685,158542,0,                       0,158538,158538,0,                       0,158542
3686,158543,0,                       0,158537,158537,0,                       0,158543
3687,158542,0,                       0,158538,158538,0,                       0,158542
3688,158541,0,                       0,158539,158539,0,                       0,158541
3689,158540,0,                       0,158540,158540,0,                       0,158540
3690,158541,0,                       0,158539,158539,0,                       0,158541
3691,158542,0,                       0,158538,158538,0,                       0,158542
3692,158543,0,                       0,158537,158537,0,                       0,158543
3693,158542,0,                       0,158538,158538,0,                       0,158542
3694,158543,0,                       0,158537,158537,0,                       0,158543
3695,158542,0,                       0,158538,158538,0,                       0,158542
3696,158541,0,                       0,158539,158539,0,                       0,158541
3697,158542,0,                       0,158538,158538,0,                       0,158542
3698,158541,0,                       0,158539,158539,0,                       0,158541
3699,158540,0,                       0,158540,158540,0,                       0,158540
3700,158539,0,                       0,158541,158541,0,                       0,158539
3701,158540,0,                       0,158540,158540,0,                       0,158540
3702,158539,0,                       0,158541,158541,0,                       0,158539
3703,158538,0,                       0,158542,158542,0,                       0,158538
3704,158539,0,                       0,158541,158541,0,                       0,158539
3705,158540,0,                       0,158540,158540,0,                       0,158540
3706,158539,0,                       0,158541,158541,0,                       0,158539
3707,158540,0,                       0,158540,158540,0,                       0,158540
3708,158541,0,                       0,158539,158539,0,                       0,158541
3709,158542,0,                       0,158538,158538,0,                       0,158542
3710,158541,0,                       0,158539,158539,0,                       0,158541
3711,158540,0,                       0,158540,158540,0,                       0,158540
3712,158541,0,                       0,158539,158539,0,                       0,158541
3713,158542,0,                       0,158538,158538,0,                       0,158542
3714,158541,0,                       0,158539,158539,0,                       0,158541
3715,158540,0,                       0,158540,158540,0,                       0,158540
3716,158539,0,                       0,158541,158541,0,                       0,158539
3717,158538,0,                       0,158542,158542,0,                       0,158538
3718,158539,0,                       0,158541,158541,0,                       0,158539
3719,158540,0,                       0,158540,158540,0,                       0,158540
3720,158539,0,                       0,158541,158541,0,                       0,158539
3721,158538,0,                       0,158542,158542,0,                       0,158538
3722,158537,0,                       0,158543,158543,0,                       0,158537
3723,158538,0,                       0,158542,158542,0,                       0,158538
3724,158539,0,                       0,158541,158541,0,                       0,158539
3725,158540,0,                       0,158540,158540,0,                       0,158540
3726,158541,0,                       0,158539,158539,0,                       0,158541
3727,158542,0,                       0,158538,158538,0,                       0,158542
3728,158541,0,                       0,158539,158539,0,                       0,158541
3729,158540,0,                       0,158540,158540,0,                       0,158540
3730,158539,0,                       0,158541,158541,0,                       0,158539
3731,158538,0,                       0,158542,158542,0,                       0,158538
3732,158539,0,                       0,158541,158541,0,                       0,158539
3733,158538,0,                       0,158542,158542,0,                       0,158538
3734,158539,0,                       0,158541,158541,0,                       0,158539
3735,158538,0,                       0,158542,158542,0,                       0,158538
3736,158539,0,                       0,158541,158541,0,                       0,158539
3737,158540,0,                       0,158540,158540,0,                       0,158540
3738,158541,0,                       0,158539,158539,0,                       0,158541
3739,158540,0,                       0,158540,158540,0,                       0,158540
3740,158539,0,                       0,158541,158541,0,                       0,158539
3741,158538,0,                       0,158542,158542,0,                       0,158538
3742,158537,0,                       0,158543,158543,0,                       0,158537
3743,158538,0,                       0,158542,158542,0,                       0,158538
3744,158539,0,                       0,158541,158541,0,                       0,158539
3745,158538,0,                       0,158542,158542,0,                       0,158538
3746,158539,0,                       0,158541,158541,0,                       0,158539
3747,158540,0,                       0,158540,158540,0,                       0,158540
3748,158541,0,                       0,158539,158539,0,                       0,158541
3749,158540,0,                       0,158540,158540,0,                       0,158540
3750,158539,0,                       0,158541,158541,0,                       0,158539
3751,158540,0,                       0,158540,158540,0,                       0,158540
3752,158539,0,                       0,158541,158541,0,                       0,158539
3753,158540,0,                       0,158540,158540,0,                       0,158540
3754,158539,0,                       0,158541,158541,0,                       0,158539
3755,158538,0,                       0,158542,158542,0,                       0,158538
3756,158539,0,                       0,158541,158541,0,                       0,158539
3757,158538,0,                       0,158542,158542,0,                       0,158538
3758,158539,0,                       0,158541,158541,0,                       0,158539
3759,158538,0,                       0,158542,158542,0,                       0,158538
3760,158539,0,                       0,158541,158541,0,                       0,158539
3761,158538,0,                       0,158542,158542,0,                       0,158538
3762,158537,0,                       0,158543,158543,0,                       0,158537
3763,158536,0,                       0,158544,158544,0,                       0,158536
3764,158535,0,                       0,158545,158545,0,                       0,158535
3765,158536,0,                       0,158544,158544,0,                       0,158536
3766,158537,0,                       0,158543,158543,0,                       0,158537
3767,158538,0,                       0,158542,158542,0,                       0,158538
3768,158539,0,                       0,158541,158541,0,                       0,158539
3769,158540,0,                       0,158540,158540,0,                       0,158540
3770,158539,0,                       0,158541,158541,0,                       0,158539
3771,158540,0,                       0,158540,158540,0,                       0,158540
3772,158541,0,                       0,158539,158539,0,                       0,158541
3773,158540,0,                       0,158540,158540,0,                       0,158540
3774,158539,0,                       0,158541,158541,0,                       0,158539
3775,158540,0,                       0,158540,158540,0,                       0,158540
3776,158539,0,                       0,158541,158541,0,                       0,158539
3777,158538,0,                       0,158542,158542,0,                       0,158538
3778,158537,0,                       0,158543,158543,0,                       0,158537
3779,158538,0,                       0,158542,158542,0,                       0,158538
3780,158539,0,                       0,158541,158541,0,                       0,158539
3781,158540,0,                       0,158540,158540,0,                       0,158540
3782,158541,0,                       0,158539,158539,0,                       0,158541
3783,158540,0,                       0,158540,158540,0,                       0,158540
3784,158539,0,                       0,158541,158541,0,                       0,158539
3785,158540,0,                       0,158540,158540,0,                       0,158540
3786,158541,0,                       0,158539,158539,0,                       0,158541
3787,158540,0,                       0,158540,158540,0,                       0,158540
3788,158539,0,                       0,158541,158541,0,                       0,158539
3789,158540,0,                       0,158540,158540,0,                       0,158540
3790,158539,0,                       0,158541,158541,0,                       0,158539
3791,158538,0,                       0,158542,158542,0,                       0,158538
3792,158537,0,                       0,158543,158543,0,                       0,158537
3793,158536,0,                       0,158544,158544,0,                       0,158536
3794,158535,0,                       0,158545,158545,0,                       0,158535
3795,158536,0,                       0,158544,158544,0,                       0,158536
3796,158537,0,                       0,158543,158543,0,                       0,158537
3797,158538,0,                       0,158542,158542,0,                       0,158538
3798,158539,0,                       0,158541,158541,0,                       0,158539
3799,158538,0,                       0,158542,158542,0,                       0,158538
3800,158539,0,                       0,158541,158541,0,                       0,158539
3801,158540,0,                       0,158540,158540,0,                       0,158540
3802,158541,0,                       0,158539,158539,0,                       0,158541
3803,158540,0,                       0,158540,158540,0,                       0,158540
3804,158539,0,                       0,158541,158541,0,                       0,158539
3805,158538,0,                       0,158542,158542,0,                       0,158538
3806,158539,0,                       0,158541,158541,0,                       0,158539
3807,158540,0,                       0,158540,158540,0,                       0,158540
3808,158539,0,                       0,158541,158541,0,                       0,158539
3809,158540,0,                       0,158540,158540,0,                       0,158540
3810,158541,0,                       0,158539,158539,0,                       0,158541
3811,158540,0,                       0,158540,158540,0,                       0,158540
3812,158541,0,                       0,158539,158539,0,                       0,158541
3813,158542,0,                       0,158538,158538,0,                       0,158542
3814,158541,0,                       0,158539,158539,0,                       0,158541
3815,158542,0,                       0,158538,158538,0,                       0,158542
3816,158541,0,                       0,158539,158539,0,                       0,158541
3817,158542,0,                       0,158538,158538,0,                       0,158542
3818,158541,0,                       0,158539,158539,0,                       0,158541
3819,158542,0,                       0,158538,158538,0,                       0,158542
3820,158541,0,                       0,158539,158539,0,                       0,158541
3821,158540,0,                       0,158540,158540,0,                       0,158540
3822,158539,0,                       0,158541,158541,0,                       0,158539
3823,158540,0,                       0,158540,158540,0,                       0,158540
3824,158541,0,                       0,158539,158539,0,                       0,158541
3825,158542,0,                       0,158538,158538,0,                       0,158542
3826,158543,0,                       0,158537,158537,0,                       0,158543
3827,158542,0,                       0,158538,158538,0,                       0,158542
3828,158541,0,                       0,158539,158539,0,                       0,158541
3829,158540,0,                       0,158540,158540,0,                       0,158540
3830,158541,0,                       0,158539,158539,0,                       0,158541
3831,158540,0,                       0,158540,158540,0,                       0,158540
3832,158539,0,                       0,158541,158541,0,                       0,158539
3833,158540,0,                       0,158540,158540,0,                       0,158540
3834,158541,0,                       0,158539,158539,0,                       0,158541
3835,158540,0,                       0,158540,158540,0,                       0,158540
3836,158541,0,                       0,158539,158539,0,                       0,158541
3837,158542,0,                       0,158538,158538,0,                       0,158542
3838,158541,0,                       0,158539,158539,0,                       0,158541
3839,158540,0,                       0,158540,158540,0,                       0,158540
3840,158539,0,                       0,158541,158541,0,                       0,158539
3841,158540,0,                       0,158540,158540,0,                       0,158540
3842,158539,0,                       0,158541,158541,0,                       0,158539
3843,158540,0,                       0,158540,158540,0,                       0,158540
3844,158539,0,                       0,158541,158541,0,                       0,158539
3845,158538,0,                       0,158542,158542,0,                       0,158538
3846,158539,0,                       0,158541,158541,0,                       0,158539
3847,158540,0,                       0,158540,158540,0,                       0,158540
3848,158539,0,                       0,158541,158541,0,                       0,158539
3849,158540,0,                       0,158540,158540,0,                       0,158540
3850,158539,0,                       0,158541,158541,0,                       0,158539
3851,158540,0,                       0,158540,158540,0,                       0,158540
3852,158539,0,                       0,158541,158541,0,                       0,158539
3853,158540,0,                       0,158540,158540,0,                       0,158540
3854,158541,0,                       0,158539,158539,0,                       0,158541
3855,158540,0,                       0,158540,158540,0,                       0,158540
3856,158541,0,                       0,158539,158539,0,                       0,158541
3857,158540,0,                       0,158540,158540,0,                       0,158540
3858,158541,0,                       0,158539,158539,0,                       0,158541
3859,158540,0,                       0,158540,158540,0,                       0,158540
3860,158541,0,                       0,158539,158539,0,                       0,158541
3861,158540,0,                       0,158540,158540,0,                       0,158540
3862,158539,0,                       0,158541,158541,0,                       0,158539
3863,158538,0,                       0,158542,158542,0,                       0,158538
3864,158539,0,                       0,158541,158541,0,                       0,158539
3865,158538,0,                       0,158542,158542,0,                       0,158538
3866,158539,0,                       0,158541,158541,0,                       0,158539
3867,158540,0,                       0,158540,158540,0,                       0,158540
3868,158541,0,                       0,158539,158539,0,                       0,158541
3869,158542,0,                       0,158538,158538,0,                       0,158542
3870,158541,0,                       0,158539,158539,0,                       0,158541
3871,158540,0,                       0,158540,158540,0,                       0,158540
3872,158541,0,                       0,158539,158539,0,                       0,158541
3873,158540,0,                       0,158540,158540,0,                       0,158540
3874,158541,0,                       0,158539,158539,0,                       0,158541
3875,158542,0,                       0,158538,158538,0,                       0,158542
3876,158541,0,                       0,158539,158539,0,                       0,158541
3877,158540,0,                       0,158540,158540,0,                       0,158540
3878,158539,0,                       0,158541,158541,0,                       0,158539
3879,158538,0,                       0,158542,158542,0,                       0,158538
3880,158539,0,                       0,158541,158541,0,                       0,158539
3881,158540,0,                       0,158540,158540,0,                       0,158540
3882,158541,0,                       0,158539,158539,0,                       0,158541
3883,158542,0,                       0,158538,158538,0,                       0,158542
3884,158541,0,                       0,158539,158539,0,                       0,158541
3885,158540,0,                       0,158540,158540,0,                       0,158540
3886,158541,0,                       0,158539,158539,0,                       0,158541
3887,158540,0,                       0,158540,158540,0,                       0,158540
3888,158539,0,                       0,158541,158541,0,                       0,158539
3889,158540,0,                       0,158540,158540,0,                       0,158540
3890,158541,0,                       0,158539,158539,0,                       0,158541
3891,158540,0,                       0,158540,158540,0,                       0,158540
3892,158541,0,                       0,158539,158539,0,                       0,158541
3893,158542,0,                       0,158538,158538,0,                       0,158542
3894,158541,0,                       0,158539,158539,0,                       0,158541
3895,158542,0,                       0,158538,158538,0,                       0,158542
3896,158541,0,                       0,158539,158539,0,                       0,158541
3897,158542,0,                       0,158538,158538,0,                       0,158542
3898,158541,0,                       0,158539,158539,0,                       0,158541
3899,158540,0,                       0,158540,158540,0,                       0,158540
3900,158539,0,                       0,158541,158541,0,                       0,158539
3901,158538,0,                       0,158542,158542,0,                       0,158538
3902,158539,0,                       0,158541,158541,0,                       0,158539
3903,158540,0,                       0,158540,158540,0,                       0,158540
3904,158539,0,                       0,158541,158541,0,                       0,158539
3905,158538,0,                       0,158542,158542,0,                       0,158538
3906,158539,0,                       0,158541,158541,0,                       0,158539
3907,158538,0,                       0,158542,158542,0,                       0,158538
3908,158539,0,                       0,158541,158541,0,                       0,158539
3909,158540,0,                       0,158540,158540,0,                       0,158540
3910,158539,0,                       0,158541,158541,0,                       0,158539
3911,158538,0,                       0,158542,158542,0,                       0,158538
3912,158539,0,                       0,158541,158541,0,                       0,158539
3913,158538,0,                       0,158542,158542,0,                       0,158538
3914,158539,0,                       0,158541,158541,0,                       0,158539
3915,158540,0,                       0,158540,158540,0,                       0,158540
3916,158539,0,                       0,158541,158541,0,                       0,158539
3917,158538,0,                       0,158542,158542,0,                       0,158538
3918,158539,0,                       0,158541,158541,0,                       0,158539
3919,158540,0,                       0,158540,158540,0,                       0,158540
3920,158539,0,                       0,158541,158541,0,                       0,158539
3921,158540,0,                       0,158540,158540,0,                       0,158540
3922,158539,0,                       0,158541,158541,0,                       0,158539
3923,158538,0,                       0,158542,158542,0,                       0,158538
3924,158537,0,                       0,158543,158543,0,                       0,158537
3925,158538,0,                       0,158542,158542,0,                       0,158538
3926,158539,0,                       0,158541,158541,0,                       0,158539
3927,158538,0,                       0,158542,158542,0,                       0,158538
3928,158537,0,                       0,158543,158543,0,                       0,158537
3929,158538,0,                       0,158542,158542,0,                       0,158538
3930,158537,0,                       0,158543,158543,0,                       0,158537
3931,158538,0,                       0,158542,158542,0,                       0,158538
3932,158539,0,                       0,158541,158541,0,                       0,158539
3933,158540,0,                       0,158540,158540,0,                       0,158540
3934,158539,0,                       0,158541,158541,0,                       0,158539
3935,158540,0,                       0,158540,158540,0,                       0,158540
3936,158541,0,                       0,158539,158539,0,                       0,158541
3937,158540,0,                       0,158540,158540,0,                       0,158540
3938,158541,0,                       0,158539,158539,0,                       0,158541
3939,158540,0,                       0,158540,158540,0,                       0,158540
3940,158539,0,                       0,158541,158541,0,                       0,158539
3941,158540,0,                       0,158540,158540,0,                       0,158540
3942,158541,0,                       0,158539,158539,0,                       0,158541
3943,158540,0,                       0,158540,158540,0,                       0,158540
3944,158539,0,                       0,158541,158541,0,                       0,158539
3945,158540,0,                       0,158540,158540,0,                       0,158540
3946,158539,0,                       0,158541,158541,0,                       0,158539
3947,158538,0,                       0,158542,158542,0,                       0,158538
3948,158539,0,                       0,158541,158541,0,                       0,158539
3949,158540,0,                       0,158540,158540,0,                       0,158540
3950,158539,0,                       0,158541,158541,0,                       0,158539
3951,158538,0,                       0,158542,158542,0,                       0,158538
3952,158539,0,                       0,158541,158541,0,                       0,158539
3953,158540,0,                       0,158540,158540,0,                       0,158540
3954,158541,0,                       0,158539,158539,0,                       0,158541
3955,158540,0,                       0,158540,158540,0,                       0,158540
3956,158541,0,                       0,158539,158539,0,                       0,158541
3957,158540,0,                       0,158540,158540,0,                       0,158540
3958,158539,0,                       0,158541,158541,0,                       0,158539
3959,158540,0,                       0,158540,158540,0,                       0,158540
3960,158539,0,                       0,158541,158541,0,                       0,158539
3961,158540,0,                       0,158540,158540,0,                       0,158540
3962,158541,0,                       0,158539,158539,0,                       0,158541
3963,158542,0,                       0,158538,158538,0,                       0,158542
3964,158541,0,                       0,158539,158539,0,                       0,158541
3965,158542,0,                       0,158538,158538,0,                       0,158542
3966,158543,0,                       0,158537,158537,0,                       0,158543
3967,158542,0,                       0,158538,158538,0,                       0,158542
3968,158541,0,                       0,158539,158539,0,                       0,158541
3969,158540,0,                       0,158540,158540,0,                       0,158540
3970,158541,0,                       0,158539,158539,0,                       0,158541
3971,158542,0,                       0,158538,158538,0,                       0,158542
3972,158541,0,                       0,158539,158539,0,                       0,158541
3973,158540,0,                       0,158540,158540,0,                       0,158540
3974,158539,0,                       0,158541,158541,0,                       0,158539
3975,158540,0,                       0,158540,158540,0,                       0,158540
3976,158541,0,                       0,158539,158539,0,                       0,158541
3977,158540,0,                       0,158540,158540,0,                       0,158540
3978,158541,0,                       0,158539,158539,0,                       0,158541
3979,158540,0,                       0,158540,158540,0,                       0,158540
3980,158541,0,                       0,158539,158539,0,                       0,158541
3981,158540,0,                       0,158540,158540,0,                       0,158540
3982,158541,0,                       0,158539,158539,0,                       0,158541
3983,158540,0,                       0,158540,158540,0,                       0,158540
3984,158539,0,                       0,158541,158541,0,                       0,158539
3985,158540,0,                       0,158540,158540,0,                       0,158540
3986,158541,0,                       0,158539,158539,0,                       0,158541
3987,158540,0,                       0,158540,158540,0,                       0,158540
3988,158539,0,                       0,158541,158541,0,                       0,158539
3989,158540,0,                       0,158540,158540,0,                       0,158540
3990,158539,0,                       0,158541,158541,0,                       0,158539
3991,158538,0,                       0,158542,158542,0,                       0,158538
3992,158539,0,                       0,158541,158541,0,                       0,158539
3993,158540,0,                       0,158540,158540,0,                       0,158540
3994,158539,0,                       0,158541,158541,0,                       0,158539
3995,158540,0,                       0,158540,158540,0,                       0,158540
3996,158539,0,                       0,158541,158541,0,                       0,158539
3997,158540,0,                       0,158540,158540,0,                       0,158540
3998,158541,0,                       0,158539,158539,0,                       0,158541
3999,158540,0,                       0,158540,158540,0,                       0,158540
4000,158539,0,                       0,158541,158541,0,                       0,158539
4001,158538,0,                       0,158542,158542,0,                       0,158538
4002,158537,0,                       0,158543,158543,0,                       0,158537
4003,158538,0,                       0,158542,158542,0,                       0,158538
4004,158539,0,                       0,158541,158541,0,                       0,158539
4005,158538,0,                       0,158542,158542,0,                       0,158538
4006,158539,0,                       0,158541,158541,0,                       0,158539
4007,158540,0,                       0,158540,158540,0,                       0,158540
4008,158541,0,                       0,158539,158539,0,                       0,158541
4009,158542,0,                       0,158538,158538,0,                       0,158542
4010,158543,0,                       0,158537,158537,0,                       0,158543
4011,158542,0,                       0,158538,158538,0,                       0,158542
4012,158541,0,                       0,158539,158539,0,                       0,158541
4013,158542,0,                       0,158538,158538,0,                       0,158542
4014,158543,0,                       0,158537,158537,0,                       0,158543
4015,158542,0,                       0,158538,158538,0,                       0,158542
4016,158541,0,                       0,158539,158539,0,                       0,158541
4017,158540,0,                       0,158540,158540,0,                       0,158540
4018,158539,0,                       0,158541,158541,0,                       0,158539
4019,158540,0,                       0,158540,158540,0,                       0,158540
4020,158539,0,                       0,158541,158541,0,                       0,158539
4021,158540,0,                       0,158540,158540,0,                       0,158540
4022,158539,0,                       0,158541,158541,0,                       0,158539
4023,158540,0,                       0,158540,158540,0,                       0,158540
4024,158541,0,                       0,158539,158539,0,                       0,158541
4025,158540,0,                       0,158540,158540,0,                       0,158540
4026,158539,0,                       0,158541,158541,0,                       0,158539
4027,158540,0,                       0,158540,158540,0,                       0,158540
4028,158541,0,                       0,158539,158539,0,                       0,158541
4029,158540,0,                       0,158540,158540,0,                       0,158540
4030,158541,0,                       0,158539,158539,0,                       0,158541
4031,158540,0,                       0,158540,158540,0,                       0,158540
4032,158541,0,                       0,158539,158539,0,                       0,158541
4033,158540,0,                       0,158540,158540,0,                       0,158540
4034,158541,0,                       0,158539,158539,0,                       0,158541
4035,158540,0,                       0,158540,158540,0,                       0,158540
4036,158539,0,                       0,158541,158541,0,                       0,158539
4037,158538,0,                       0,158542,158542,0,                       0,158538
4038,158539,0,                       0,158541,158541,0,                       0,158539
4039,158540,0,                       0,158540,158540,0,                       0,158540
4040,158539,0,                       0,158541,158541,0,                       0,158539
4041,158538,0,                       0,158542,158542,0,                       0,158538
4042,158539,0,                       0,158541,158541,0,                       0,158539
4043,158538,0,                       0,158542,158542,0,                       0,158538
4044,158537,0,                       0,158543,158543,0,                       0,158537
4045,158538,0,                       0,158542,158542,0,                       0,158538
4046,158539,0,                       0,158541,158541,0,                       0,158539
4047,158540,0,                       0,158540,158540,0,                       0,158540
4048,158539,0,                       0,158541,158541,0,                       0,158539
4049,158540,0,                       0,158540,158540,0,                       0,158540
4050,158539,0,                       0,158541,158541,0,                       0,158539
4051,158540,0,                       0,158540,158540,0,                       0,158540
4052,158539,0,                       0,158541,158541,0,                       0,158539
4053,158540,0,                       0,158540,158540,0,                       0,158540
4054,158539,0,                       0,158541,158541,0,                       0,158539
4055,158540,0,                       0,158540,158540,0,                       0,158540
4056,158541,0,                       0,158539,158539,0,                       0,158541
4057,158540,0,                       0,158540,158540,0,                       0,158540
4058,158541,0,                       0,158539,158539,0,                       0,158541
4059,158542,0,                       0,158538,158538,0,                       0,158542
4060,158541,0,                       0,158539,158539,0,                       0,158541
4061,158542,0,                       0,158538,158538,0,                       0,158542
4062,158543,0,                       0,158537,158537,0,                       0,158543
4063,158542,0,                       0,158538,158538,0,                       0,158542
4064,158541,0,                       0,158539,158539,0,                       0,158541
4065,158540,0,                       0,158540,158540,0,                       0,158540
4066,158541,0,                       0,158539,158539,0,                       0,158541
4067,158542,0,                       0,158538,158538,0,                       0,158542
4068,158541,0,                       0,158539,158539,0,                       0,158541
4069,158540,0,                       0,158540,158540,0,                       0,158540
4070,158539,0,                       0,158541,158541,0,                       0,158539
4071,158540,0,                       0,158540,158540,0,                       0,158540
4072,158541,0,                       0,158539,158539,0,                       0,158541
4073,158540,0,                       0,158540,158540,0,                       0,158540
4074,158539,0,                       0,158541,158541,0,                       0,158539
4075,158540,0,                       0,158540,158540,0,                       0,158540
4076,158541,0,                       0,158539,158539,0,                       0,158541
4077,158542,0,                       0,158538,158538,0,                       0,158542
4078,158543,0,                       0,158537,158537,0,                       0,158543
4079,158542,0,                       0,158538,158538,0,                       0,158542
4080,158541,0,                       0,158539,158539,0,                       0,158541
4081,158540,0,                       0,158540,158540,0,                       0,158540
4082,158539,0,                       0,158541,158541,0,                       0,158539
4083,158540,0,                       0,158540,158540,0,                       0,158540
4084,158539,0,                       0,158541,158541,0,                       0,158539
4085,158540,0,                       0,158540,158540,0,                       0,158540
4086,158541,0,                       0,158539,158539,0,                       0,158541
4087,158540,0,                       0,158540,158540,0,                       0,158540
4088,158539,0,                       0,158541,158541,0,                       0,158539
4089,158540,0,                       0,158540,158540,0,                       0,158540
4090,158541,0,                       0,158539,158539,0,                       0,158541
4091,158540,0,                       0,158540,158540,0,                       0,158540
4092,158539,0,                       0,158541,158541,0,                       0,158539
4093,158538,0,                       0,158542,158542,0,                       0,158538
4094,158537,0,                       0,158543,158543,0,                       0,158537
4095,158538,0,                       0,158542,158542,0,                       0,158538
4096,158539,0,                       0,158541,158541,0,                       0,158539
4097,158540,0,                       0,158540,158540,0,                       0,158540
4098,158541,0,                       0,158539,158539,0,                       0,158541
4099,158542,0,                       0,158538,158538,0,                       0,158542
4100,158543,0,                       0,158537,158537,0,                       0,158543
4101,158542,0,                       0,158538,158538,0,                       0,158542
4102,158541,0,                       0,158539,158539,0,                       0,158541
4103,158542,0,                       0,158538,158538,0,                       0,158542
4104,158543,0,                       0,158537,158537,0,                       0,158543
4105,158542,0,                       0,158538,158538,0,                       0,158542
4106,158541,0,                       0,158539,158539,0,                       0,158541
4107,158540,0,                       0,158540,158540,0,                       0,158540
4108,158541,0,                       0,158539,158539,0,                       0,158541
4109,158542,0,                       0,158538,158538,0,                       0,158542
4110,158541,0,                       0,158539,158539,0,                       0,158541
4111,158540,0,                       0,158540,158540,0,                       0,158540
4112,158539,0,                       0,158541,158541,0,                       0,158539
4113,158540,0,                       0,158540,158540,0,                       0,158540
4114,158541,0,                       0,158539,158539,0,                       0,158541
4115,158542,0,                       0,158538,158538,0,                       0,158542
4116,158541,0,                       0,158539,158539,0,                       0,158541
4117,158542,0,                       0,158538,158538,0,                       0,158542
4118,158541,0,                       0,158539,158539,0,                       0,158541
4119,158540,0,                       0,158540,158540,0,                       0,158540
4120,158541,0,                       0,158539,158539,0,                       0,158541
4121,158542,0,                       0,158538,158538,0,                       0,158542
4122,158541,0,                       0,158539,158539,0,                       0,158541
4123,158540,0,                       0,158540,158540,0,                       0,158540
4124,158541,0,                       0,158539,158539,0,                       0,158541
4125,158542,0,                       0,158538,158538,0,                       0,158542
4126,158541,0,                       0,158539,158539,0,                       0,158541
4127,158542,0,                       0,158538,158538,0,                       0,158542
4128,158543,0,                       0,158537,158537,0,                       0,158543
4129,158542,0,                       0,158538,158538,0,                       0,158542
4130,158541,0,                       0,158539,158539,0,                       0,158541
4131,158540,0,                       0,158540,158540,0,                       0,158540
4132,158539,0,                       0,158541,158541,0,                       0,158539
4133,158540,0,                       0,158540,158540,0,                       0,158540
4134,158539,0,                       0,158541,158541,0,                       0,158539
4135,158540,0,                       0,158540,158540,0,                       0,158540
4136,158541,0,                       0,158539,158539,0,                       0,158541
4137,158542,0,                       0,158538,158538,0,                       0,158542
4138,158543,0,                       0,158537,158537,0,                       0,158543
4139,158542,0,                       0,158538,158538,0,                       0,158542
4140,158543,0,                       0,158537,158537,0,                       0,158543
4141,158542,0,                       0,158538,158538,0,                       0,158542
4142,158541,0,                       0,158539,158539,0,                       0,158541
4143,158540,0,                       0,158540,158540,0,                       0,158540
4144,158539,0,                       0,158541,158541,0,                       0,158539
4145,158538,0,                       0,158542,158542,0,                       0,158538
4146,158537,0,                       0,158543,158543,0,                       0,158537
4147,158538,0,                       0,158542,158542,0,                       0,158538
4148,158539,0,                       0,158541,158541,0,                       0,158539
4149,158540,0,                       0,158540,158540,0,                       0,158540
4150,158539,0,                       0,158541,158541,0,                       0,158539
4151,158538,0,                       0,158542,158542,0,                       0,158538
4152,158539,0,                       0,158541,158541,0,                       0,158539
4153,158540,0,                       0,158540,158540,0,                       0,158540
4154,158539,0,                       0,158541,158541,0,                       0,158539
4155,158540,0,                       0,158540,158540,0,                       0,158540
4156,158539,0,                       0,158541,158541,0,                       0,158539
4157,158540,0,                       0,158540,158540,0,                       0,158540
4158,158541,0,                       0,158539,158539,0,                       0,158541
4159,158542,0,                       0,158538,158538,0,                       0,158542
4160,158541,0,                       0,158539,158539,0,                       0,158541
4161,158542,0,                       0,158538,158538,0,                       0,158542
4162,158541,0,                       0,158539,158539,0,                       0,158541
4163,158540,0,                       0,158540,158540,0,                       0,158540
4164,158541,0,                       0,158539,158539,0,                       0,158541
4165,158540,0,                       0,158540,158540,0,                       0,158540
4166,158541,0,                       0,158539,158539,0,                       0,158541
4167,158542,0,                       0,158538,158538,0,                       0,158542
4168,158541,0,                       0,158539,158539,0,                       0,158541
4169,158542,0,                       0,158538,158538,0,                       0,158542
4170,158543,0,                       0,158537,158537,0,                       0,158543
4171,158542,0,                       0,158538,158538,0,                       0,158542
4172,158543,0,                       0,158537,158537,0,                       0,158543
4173,158542,0,                       0,158538,158538,0,                       0,158542
4174,158541,0,                       0,158539,158539,0,                       0,158541
4175,158540,0,                       0,158540,158540,0,                       0,158540
4176,158539,0,                       0,158541,158541,0,                       0,158539
4177,158540,0,                       0,158540,158540,0,                       0,158540
4178,158541,0,                       0,158539,158539,0,                       0,158541
4179,158540,0,                       0,158540,158540,0,                       0,158540
4180,158539,0,                       0,158541,158541,0,                       0,158539
4181,158538,0,                       0,158542,158542,0,                       0,158538
4182,158539,0,                       0,158541,158541,0,                       0,158539
4183,158540,0,                       0,158540,158540,0,                       0,158540
4184,158541,0,                       0,158539,158539,0,                       0,158541
4185,158542,0,                       0,158538,158538,0,                       0,158542
4186,158541,0,                       0,158539,158539,0,                       0,158541
4187,158540,0,                       0,158540,158540,0,                       0,158540
4188,158541,0,                       0,158539,158539,0,                       0,158541
4189,158540,0,                       0,158540,158540,0,                       0,158540
4190,158539,0,                       0,158541,158541,0,                       0,158539
4191,158540,0,                       0,158540,158540,0,                       0,158540
4192,158539,0,                       0,158541,158541,0,                       0,158539
4193,158538,0,                       0,158542,158542,0,                       0,158538
4194,158537,0,                       0,158543,158543,0,                       0,158537
4195,158538,0,                       0,158542,158542,0,                       0,158538
4196,158539,0,                       0,158541,158541,0,                       0,158539
4197,158538,0,                       0,158542,158542,0,                       0,158538
4198,158539,0,                       0,158541,158541,0,                       0,158539
4199,158540,0,                       0,158540,158540,0,                       0,158540
4200,158539,0,                       0,158541,158541,0,                       0,158539
4201,158540,0,                       0,158540,158540,0,                       0,158540
4202,158541,0,                       0,158539,158539,0,                       0,158541
4203,158542,0,                       0,158538,158538,0,                       0,158542
4204,158541,0,                       0,158539,158539,0,                       0,158541
4205,158540,0,                       0,158540,158540,0,                       0,158540
4206,158539,0,                       0,158541,158541,0,                       0,158539
4207,158538,0,                       0,158542,158542,0,                       0,158538
4208,158539,0,                       0,158541,158541,0,                       0,158539
4209,158540,0,                       0,158540,158540,0,                       0,158540
4210,158539,0,                       0,158541,158541,0,                       0,158539
4211,158540,0,                       0,158540,158540,0,                       0,158540
4212,158539,0,                       0,158541,158541,0,                       0,158539
4213,158540,0,                       0,158540,158540,0,                       0,158540
4214,158541,0,                       0,158539,158539,0,                       0,158541
4215,158542,0,                       0,158538,158538,0,                       0,158542
4216,158541,0,                       0,158539,158539,0,                       0,158541
4217,158540,0,                       0,158540,158540,0,                       0,158540
4218,158541,0,                       0,158539,158539,0,                       0,158541
4219,158540,0,                       0,158540,158540,0,                       0,158540
4220,158539,0,                       0,158541,158541,0,                       0,158539
4221,158540,0,                       0,158540,158540,0,                       0,158540
4222,158539,0,                       0,158541,158541,0,                       0,158539
4223,158538,0,                       0,158542,158542,0,                       0,158538
4224,158539,0,                       0,158541,158541,0,                       0,158539
4225,158540,0,                       0,158540,158540,0,                       0,158540
4226,158541,0,                       0,158539,158539,0,                       0,158541
4227,158540,0,                       0,158540,158540,0,                       0,158540
4228,158539,0,                       0,158541,158541,0,                       0,158539
4229,158540,0,                       0,158540,158540,0,                       0,158540
4230,158539,0,                       0,158541,158541,0,                       0,158539
4231,158540,0,                       0,158540,158540,0,                       0,158540
4232,158541,0,                       0,158539,158539,0,                       0,158541
4233,158540,0,                       0,158540,158540,0,                       0,158540
4234,158541,0,                       0,158539,158539,0,                       0,158541
4235,158542,0,                       0,158538,158538,0,                       0,158542
4236,158541,0,                       0,158539,158539,0,                       0,158541
4237,158540,0,                       0,158540,158540,0,                       0,158540
4238,158539,0,                       0,158541,158541,0,                       0,158539
4239,158538,0,                       0,158542,158542,0,                       0,158538
4240,158539,0,                       0,158541,158541,0,                       0,158539
4241,158540,0,                       0,158540,158540,0,                       0,158540
4242,158541,0,                       0,158539,158539,0,                       0,158541
4243,158540,0,                       0,158540,158540,0,                       0,158540
4244,158539,0,                       0,158541,158541,0,                       0,158539
4245,158540,0,                       0,158540,158540,0,                       0,158540
4246,158539,0,                       0,158541,158541,0,                       0,158539
4247,158540,0,                       0,158540,158540,0,                       0,158540
4248,158541,0,                       0,158539,158539,0,                       0,158541
4249,158540,0,                       0,158540,158540,0,                       0,158540
4250,158541,0,                       0,158539,158539,0,                       0,158541
4251,158540,0,                       0,158540,158540,0,                       0,158540
4252,158539,0,                       0,158541,158541,0,                       0,158539
4253,158540,0,                       0,158540,158540,0,                       0,158540
4254,158541,0,                       0,158539,158539,0,                       0,158541
4255,158540,0,                       0,158540,158540,0,                       0,158540
4256,158539,0,                       0,158541,158541,0,                       0,158539
4257,158540,0,                       0,158540,158540,0,                       0,158540
4258,158541,0,                       0,158539,158539,0,                       0,158541
4259,158540,0,                       0,158540,158540,0,                       0,158540
4260,158539,0,                       0,158541,158541,0,                       0,158539
4261,158540,0,                       0,158540,158540,0,                       0,158540
4262,158541,0,                       0,158539,158539,0,                       0,158541
4263,158540,0,                       0,158540,158540,0,                       0,158540
4264,158539,0,                       0,158541,158541,0,                       0,158539
4265,158540,0,                       0,158540,158540,0,                       0,158540
4266,158539,0,                       0,158541,158541,0,                       0,158539
4267,158540,0,                       0,158540,158540,0,                       0,158540
4268,158539,0,                       0,158541,158541,0,                       0,158539
4269,158540,0,                       0,158540,158540,0,                       0,158540
4270,158539,0,                       0,158541,158541,0,                       0,158539
4271,158540,0,                       0,158540,158540,0,                       0,158540
4272,158541,0,                       0,158539,158539,0,                       0,158541
4273,158540,0,                       0,158540,158540,0,                       0,158540
4274,158539,0,                       0,158541,158541,0,                       0,158539
4275,158540,0,                       0,158540,158540,0,                       0,158540
4276,158539,0,                       0,158541,158541,0,                       0,158539
4277,158540,0,                       0,158540,158540,0,                       0,158540
4278,158539,0,                       0,158541,158541,0,                       0,158539
4279,158540,0,                       0,158540,158540,0,                       0,158540
4280,158541,0,                       0,158539,158539,0,                       0,158541
4281,158540,0,                       0,158540,158540,0,                       0,158540
4282,158541,0,                       0,158539,158539,0,                       0,158541
4283,158542,0,                       0,158538,158538,0,                       0,158542
4284,158541,0,                       0,158539,158539,0,                       0,158541
4285,158542,0,                       0,158538,158538,0,                       0,158542
4286,158541,0,                       0,158539,158539,0,                       0,158541
4287,158540,0,                       0,158540,158540,0,                       0,158540
4288,158539,0,                       0,158541,158541,0,                       0,158539
4289,158540,0,                       0,158540,158540,0,                       0,158540
4290,158541,0,                       0,158539,158539,0,                       0,158541
4291,158540,0,                       0,158540,158540,0,                       0,158540
4292,158541,0,                       0,158539,158539,0,                       0,158541
4293,158542,0,                       0,158538,158538,0,                       0,158542
4294,158541,0,                       0,158539,158539,0,                       0,158541
4295,158542,0,                       0,158538,158538,0,                       0,158542
4296,158541,0,                       0,158539,158539,0,                       0,158541
4297,158540,0,                       0,158540,158540,0,                       0,158540
4298,158541,0,                       0,158539,158539,0,                       0,158541
4299,158540,0,                       0,158540,158540,0,                       0,158540
4300,158539,0,                       0,158541,158541,0,                       0,158539
4301,158540,0,                       0,158540,158540,0,                       0,158540
4302,158539,0,                       0,158541,158541,0,                       0,158539
4303,158540,0,                       0,158540,158540,0,                       0,158540
4304,158541,0,                       0,158539,158539,0,                       0,158541
4305,158540,0,                       0,158540,158540,0,                       0,158540
4306,158541,0,                       0,158539,158539,0,                       0,158541
4307,158540,0,                       0,158540,158540,0,                       0,158540
4308,158539,0,                       0,158541,158541,0,                       0,158539
4309,158538,0,                       0,158542,158542,0,                       0,158538
4310,158537,0,                       0,158543,158543,0,                       0,158537
4311,158538,0,                       0,158542,158542,0,                       0,158538
4312,158537,0,                       0,158543,158543,0,                       0,158537
4313,158538,0,                       0,158542,158542,0,                       0,158538
4314,158539,0,                       0,158541,158541,0,                       0,158539
4315,158538,0,                       0,158542,158542,0,                       0,158538
4316,158539,0,                       0,158541,158541,0,                       0,158539
4317,158540,0,                       0,158540,158540,0,                       0,158540
4318,158539,0,                       0,158541,158541,0,                       0,158539
4319,158540,0,                       0,158540,158540,0,                       0,158540
4320,158539,0,                       0,158541,158541,0,                       0,158539
4321,158538,0,                       0,158542,158542,0,                       0,158538
4322,158539,0,                       0,158541,158541,0,                       0,158539
4323,158540,0,                       0,158540,158540,0,                       0,158540
4324,158541,0,                       0,158539,158539,0,                       0,158541
4325,158540,0,                       0,158540,158540,0,                       0,158540
4326,158539,0,                       0,158541,158541,0,                       0,158539
4327,158538,0,                       0,158542,158542,0,                       0,158538
4328,158537,0,                       0,158543,158543,0,                       0,158537
4329,158538,0,                       0,158542,158542,0,                       0,158538
4330,158539,0,                       0,158541,158541,0,                       0,158539
4331,158538,0,                       0,158542,158542,0,                       0,158538
4332,158537,0,                       0,158543,158543,0,                       0,158537
4333,158538,0,                       0,158542,158542,0,                       0,158538
4334,158539,0,                       0,158541,158541,0,                       0,158539
4335,158538,0,                       0,158542,158542,0,                       0,158538
4336,158539,0,                       0,158541,158541,0,                       0,158539
4337,158540,0,                       0,158540,158540,0,                       0,158540
4338,158539,0,                       0,158541,158541,0,                       0,158539
4339,158540,0,                       0,158540,158540,0,                       0,158540
4340,158539,0,                       0,158541,158541,0,                       0,158539
4341,158540,0,                       0,158540,158540,0,                       0,158540
4342,158539,0,                       0,158541,158541,0,                       0,158539
4343,158540,0,                       0,158540,158540,0,                       0,158540
4344,158539,0,                       0,158541,158541,0,                       0,158539
4345,158538,0,                       0,158542,158542,0,                       0,158538
4346,158539,0,                       0,158541,158541,0,                       0,158539
4347,158538,0,                       0,158542,158542,0,                       0,158538
4348,158539,0,                       0,158541,158541,0,                       0,158539
4349,158540,0,                       0,158540,158540,0,                       0,158540
4350,158539,0,                       0,158541,158541,0,                       0,158539
4351,158538,0,                       0,158542,158542,0,                       0,158538
4352,158537,0,                       0,158543,158543,0,                       0,158537
4353,158538,0,                       0,158542,158542,0,                       0,158538
4354,158539,0,                       0,158541,158541,0,                       0,158539
4355,158540,0,                       0,158540,158540,0,                       0,158540
4356,158539,0,                       0,158541,158541,0,                       0,158539
4357,158540,0,                       0,158540,158540,0,                       0,158540
4358,158541,0,                       0,158539,158539,0,                       0,158541
4359,158540,0,                       0,158540,158540,0,                       0,158540
4360,158539,0,                       0,158541,158541,0,                       0,158539
4361,158540,0,                       0,158540,158540,0,                       0,158540
4362,158539,0,                       0,158541,158541,0,                       0,158539
4363,158540,0,                       0,158540,158540,0,                       0,158540
4364,158539,0,                       0,158541,158541,0,                       0,158539
4365,158538,0,                       0,158542,158542,0,                       0,158538
4366,158537,0,                       0,158543,158543,0,                       0,158537
4367,158538,0,                       0,158542,158542,0,                       0,158538
4368,158539,0,                       0,158541,158541,0,                       0,158539
4369,158538,0,                       0,158542,158542,0,                       0,158538
4370,158539,0,                       0,158541,158541,0,                       0,158539
4371,158540,0,                       0,158540,158540,0,                       0,158540
4372,158539,0,                       0,158541,158541,0,                       0,158539
4373,158540,0,                       0,158540,158540,0,                       0,158540
4374,158539,0,                       0,158541,158541,0,                       0,158539
4375,158540,0,                       0,158540,158540,0,                       0,158540
4376,158541,0,                       0,158539,158539,0,                       0,158541
4377,158540,0,                       0,158540,158540,0,                       0,158540
4378,158539,0,                       0,158541,158541,0,                       0,158539
4379,158538,0,                       0,158542,158542,0,                       0,158538
4380,158537,0,                       0,158543,158543,0,                       0,158537
4381,158536,0,                       0,158544,158544,0,                       0,158536
4382,158537,0,                       0,158543,158543,0,                       0,158537
4383,158536,0,                       0,158544,158544,0,                       0,158536
4384,158537,0,                       0,158543,158543,0,                       0,158537
4385,158538,0,                       0,158542,158542,0,                       0,158538
4386,158539,0,                       0,158541,158541,0,                       0,158539
4387,158540,0,                       0,158540,158540,0,                       0,158540
4388,158541,0,                       0,158539,158539,0,                       0,158541
4389,158540,0,                       0,158540,158540,0,                       0,158540
4390,158541,0,                       0,158539,158539,0,                       0,158541
4391,158540,0,                       0,158540,158540,0,                       0,158540
4392,158539,0,                       0,158541,158541,0,                       0,158539
4393,158540,0,                       0,158540,158540,0,                       0,158540
4394,158539,0,                       0,158541,158541,0,                       0,158539
4395,158540,0,                       0,158540,158540,0,                       0,158540
4396,158539,0,                       0,158541,158541,0,                       0,158539
4397,158538,0,                       0,158542,158542,0,                       0,158538
4398,158539,0,                       0,158541,158541,0,                       0,158539
4399,158540,0,                       0,158540,158540,0,                       0,158540
4400,158541,0,                       0,158539,158539,0,                       0,158541
4401,158540,0,                       0,158540,158540,0,                       0,158540
4402,158541,0,                       0,158539,158539,0,                       0,158541
4403,158540,0,                       0,158540,158540,0,                       0,158540
4404,158541,0,                       0,158539,158539,0,                       0,158541
4405,158540,0,                       0,158540,158540,0,                       0,158540
4406,158541,0,                       0,158539,158539,0,                       0,158541
4407,158540,0,                       0,158540,158540,0,                       0,158540
4408,158541,0,                       0,158539,158539,0,                       0,158541
4409,158540,0,                       0,158540,158540,0,                       0,158540
4410,158541,0,                       0,158539,158539,0,                       0,158541
4411,158542,0,                       0,158538,158538,0,                       0,158542
4412,158541,0,                       0,158539,158539,0,                       0,158541
4413,158540,0,                       0,158540,158540,0,                       0,158540
4414,158541,0,                       0,158539,158539,0,                       0,158541
4415,158540,0,                       0,158540,158540,0,                       0,158540
4416,158541,0,                       0,158539,158539,0,                       0,158541
4417,158540,0,                       0,158540,158540,0,                       0,158540
4418,158541,0,                       0,158539,158539,0,                       0,158541
4419,158542,0,                       0,158538,158538,0,                       0,158542
4420,158543,0,                       0,158537,158537,0,                       0,158543
4421,158544,0,                       0,158536,158536,0,                       0,158544
4422,158543,0,                       0,158537,158537,0,                       0,158543
4423,158542,0,                       0,158538,158538,0,                       0,158542
4424,158541,0,                       0,158539,158539,0,                       0,158541
4425,158540,0,                       0,158540,158540,0,                       0,158540
4426,158541,0,                       0,158539,158539,0,                       0,158541
4427,158540,0,                       0,158540,158540,0,                       0,158540
4428,158541,0,                       0,158539,158539,0,                       0,158541
4429,158542,0,                       0,158538,158538,0,                       0,158542
4430,158541,0,                       0,158539,158539,0,                       0,158541
4431,158540,0,                       0,158540,158540,0,                       0,158540
4432,158541,0,                       0,158539,158539,0,                       0,158541
4433,158540,0,                       0,158540,158540,0,                       0,158540
4434,158539,0,                       0,158541,158541,0,                       0,158539
4435,158538,0,                       0,158542,158542,0,                       0,158538
4436,158539,0,                       0,158541,158541,0,                       0,158539
4437,158540,0,                       0,158540,158540,0,                       0,158540
4438,158541,0,                       0,158539,158539,0,                       0,158541
4439,158540,0,                       0,158540,158540,0,                       0,158540
4440,158539,0,                       0,158541,158541,0,                       0,158539
4441,158538,0,                       0,158542,158542,0,                       0,158538
4442,158539,0,                       0,158541,158541,0,                       0,158539
4443,158538,0,                       0,158542,158542,0,                       0,158538
4444,158537,0,                       0,158543,158543,0,                       0,158537
4445,158538,0,                       0,158542,158542,0,                       0,158538
4446,158539,0,                       0,158541,158541,0,                       0,158539
4447,158540,0,                       0,158540,158540,0,                       0,158540
4448,158539,0,                       0,158541,158541,0,                       0,158539
4449,158538,0,                       0,158542,158542,0,                       0,158538
4450,158539,0,                       0,158541,158541,0,                       0,158539
4451,158540,0,                       0,158540,158540,0,                       0,158540
4452,158539,0,                       0,158541,158541,0,                       0,158539
4453,158540,0,                       0,158540,158540,0,                       0,158540
4454,158539,0,                       0,158541,158541,0,                       0,158539
4455,158540,0,                       0,158540,158540,0,                       0,158540
4456,158539,0,                       0,158541,158541,0,                       0,158539
4457,158540,0,                       0,158540,158540,0,                       0,158540
4458,158541,0,                       0,158539,158539,0,                       0,158541
4459,158540,0,                       0,158540,158540,0,                       0,158540
4460,158539,0,                       0,158541,158541,0,                       0,158539
4461,158538,0,                       0,158542,158542,0,                       0,158538
4462,158537,0,                       0,158543,158543,0,                       0,158537
4463,158536,0,                       0,158544,158544,0,                       0,158536
4464,158537,0,                       0,158543,158543,0,                       0,158537
4465,158538,0,                       0,158542,158542,0,                       0,158538
4466,158539,0,                       0,158541,158541,0,                       0,158539
4467,158540,0,                       0,158540,158540,0,                       0,158540
4468,158541,0,                       0,158539,158539,0,                       0,158541
4469,158540,0,                       0,158540,158540,0,                       0,158540
4470,158539,0,                       0,158541,158541,0,                       0,158539
4471,158540,0,                       0,158540,158540,0,                       0,158540
4472,158541,0,                       0,158539,158539,0,                       0,158541
4473,158540,0,                       0,158540,158540,0,                       0,158540
4474,158539,0,                       0,158541,158541,0,                       0,158539
4475,158540,0,                       0,158540,158540,0,                       0,158540
4476,158541,0,                       0,158539,158539,0,                       0,158541
4477,158542,0,                       0,158538,158538,0,                       0,158542
4478,158541,0,                       0,158539,158539,0,                       0,158541
4479,158542,0,                       0,158538,158538,0,                       0,158542
4480,158541,0,                       0,158539,158539,0,                       0,158541
4481,158540,0,                       0,158540,158540,0,                       0,158540
4482,158539,0,                       0,158541,158541,0,                       0,158539
4483,158540,0,                       0,158540,158540,0,                       0,158540
4484,158541,0,                       0,158539,158539,0,                       0,158541
4485,158540,0,                       0,158540,158540,0,                       0,158540
4486,158541,0,                       0,158539,158539,0,                       0,158541
4487,158540,0,                       0,158540,158540,0,                       0,158540
4488,158539,0,                       0,158541,158541,0,                       0,158539
4489,158540,0,                       0,158540,158540,0,                       0,158540
4490,158541,0,                       0,158539,158539,0,                       0,158541
4491,158540,0,                       0,158540,158540,0,                       0,158540
4492,158539,0,                       0,158541,158541,0,                       0,158539
4493,158540,0,                       0,158540,158540,0,                       0,158540
4494,158541,0,                       0,158539,158539,0,                       0,158541
4495,158540,0,                       0,158540,158540,0,                       0,158540
4496,158541,0,                       0,158539,158539,0,                       0,158541
4497,158540,0,                       0,158540,158540,0,                       0,158540
4498,158541,0,                       0,158539,158539,0,                       0,158541
4499,158540,0,                       0,158540,158540,0,                       0,158540
4500,158541,0,                       0,158539,158539,0,                       0,158541
4501,158540,0,                       0,158540,158540,0,                       0,158540
4502,158539,0,                       0,158541,158541,0,                       0,158539
4503,158538,0,                       0,158542,158542,0,                       0,158538
4504,158539,0,                       0,158541,158541,0,                       0,158539
4505,158540,0,                       0,158540,158540,0,                       0,158540
4506,158539,0,                       0,158541,158541,0,                       0,158539
4507,158538,0,                       0,158542,158542,0,                       0,158538
4508,158539,0,                       0,158541,158541,0,                       0,158539
4509,158540,0,                       0,158540,158540,0,                       0,158540
4510,158541,0,                       0,158539,158539,0,                       0,158541
4511,158540,0,                       0,158540,158540,0,                       0,158540
4512,158539,0,                       0,158541,158541,0,                       0,158539
4513,158538,0,                       0,158542,158542,0,                       0,158538
4514,158539,0,                       0,158541,158541,0,                       0,158539
4515,158540,0,                       0,158540,158540,0,                       0,158540
4516,158539,0,                       0,158541,158541,0,                       0,158539
4517,158540,0,                       0,158540,158540,0,                       0,158540
4518,158541,0,                       0,158539,158539,0,                       0,158541
4519,158542,0,                       0,158538,158538,0,                       0,158542
4520,158541,0,                       0,158539,158539,0,                       0,158541
4521,158540,0,                       0,158540,158540,0,                       0,158540
4522,158539,0,                       0,158541,158541,0,                       0,158539
4523,158540,0,                       0,158540,158540,0,                       0,158540
4524,158541,0,                       0,158539,158539,0,                       0,158541
4525,158540,0,                       0,158540,158540,0,                       0,158540
4526,158541,0,                       0,158539,158539,0,                       0,158541
4527,158542,0,                       0,158538,158538,0,                       0,158542
4528,158541,0,                       0,158539,158539,0,                       0,158541
4529,158540,0,                       0,158540,158540,0,                       0,158540
4530,158541,0,                       0,158539,158539,0,                       0,158541
4531,158540,0,                       0,158540,158540,0,                       0,158540
4532,158541,0,                       0,158539,158539,0,                       0,158541
4533,158540,0,                       0,158540,158540,0,                       0,158540
4534,158539,0,                       0,158541,158541,0,                       0,158539
4535,158538,0,                       0,158542,158542,0,                       0,158538
4536,158539,0,                       0,158541,158541,0,                       0,158539
4537,158540,0,                       0,158540,158540,0,                       0,158540
4538,158541,0,                       0,158539,158539,0,                       0,158541
4539,158540,0,                       0,158540,158540,0,                       0,158540
4540,158541,0,                       0,158539,158539,0,                       0,158541
4541,158540,0,                       0,158540,158540,0,                       0,158540
4542,158541,0,                       0,158539,158539,0,                       0,158541
4543,158542,0,                       0,158538,158538,0,                       0,158542
4544,158541,0,                       0,158539,158539,0,                       0,158541
4545,158542,0,                       0,158538,158538,0,                       0,158542
4546,158541,0,                       0,158539,158539,0,                       0,158541
4547,158542,0,                       0,158538,158538,0,                       0,158542
4548,158543,0,                       0,158537,158537,0,                       0,158543
4549,158544,0,                       0,158536,158536,0,                       0,158544
4550,158543,0,                       0,158537,158537,0,                       0,158543
4551,158542,0,                       0,158538,158538,0,                       0,158542
4552,158541,0,                       0,158539,158539,0,                       0,158541
4553,158540,0,                       0,158540,158540,0,                       0,158540
4554,158541,0,                       0,158539,158539,0,                       0,158541
4555,158540,0,                       0,158540,158540,0,                       0,158540
4556,158539,0,                       0,158541,158541,0,                       0,158539
4557,158540,0,                       0,158540,158540,0,                       0,158540
4558,158541,0,                       0,158539,158539,0,                       0,158541
4559,158542,0,                       0,158538,158538,0,                       0,158542
4560,158541,0,                       0,158539,158539,0,                       0,158541
4561,158540,0,                       0,158540,158540,0,                       0,158540
4562,158541,0,                       0,158539,158539,0,                       0,158541
4563,158542,0,                       0,158538,158538,0,                       0,158542
4564,158541,0,                       0,158539,158539,0,                       0,158541
4565,158542,0,                       0,158538,158538,0,                       0,158542
4566,158541,0,                       0,158539,158539,0,                       0,158541
4567,158540,0,                       0,158540,158540,0,                       0,158540
4568,158541,0,                       0,158539,158539,0,                       0,158541
4569,158540,0,                       0,158540,158540,0,                       0,158540
4570,158541,0,                       0,158539,158539,0,                       0,158541
4571,158542,0,                       0,158538,158538,0,                       0,158542
4572,158541,0,                       0,158539,158539,0,                       0,158541
4573,158542,0,                       0,158538,158538,0,                       0,158542
4574,158541,0,                       0,158539,158539,0,                       0,158541
4575,158542,0,                       0,158538,158538,0,                       0,158542
4576,158541,0,                       0,158539,158539,0,                       0,158541
4577,158540,0,                       0,158540,158540,0,                       0,158540
4578,158539,0,                       0,158541,158541,0,                       0,158539
4579,158540,0,                       0,158540,158540,0,                       0,158540
4580,158541,0,                       0,158539,158539,0,                       0,158541
4581,158540,0,                       0,158540,158540,0,                       0,158540
4582,158539,0,                       0,158541,158541,0,                       0,158539
4583,158538,0,                       0,158542,158542,0,                       0,158538
4584,158539,0,                       0,158541,158541,0,                       0,158539
4585,158540,0,                       0,158540,158540,0,                       0,158540
4586,158541,0,                       0,158539,158539,0,                       0,158541
4587,158542,0,                       0,158538,158538,0,                       0,158542
4588,158543,0,                       0,158537,158537,0,                       0,158543
4589,158542,0,                       0,158538,158538,0,                       0,158542
4590,158541,0,                       0,158539,158539,0,                       0,158541
4591,158542,0,                       0,158538,158538,0,                       0,158542
4592,158541,0,                       0,158539,158539,0,                       0,158541
4593,158540,0,                       0,158540,158540,0,                       0,158540
4594,158539,0,                       0,158541,158541,0,                       0,158539
4595,158540,0,                       0,158540,158540,0,                       0,158540
4596,158539,0,                       0,158541,158541,0,                       0,158539
4597,158540,0,                       0,158540,158540,0,                       0,158540
4598,158541,0,                       0,158539,158539,0,                       0,158541
4599,158540,0,                       0,158540,158540,0,                       0,158540
4600,158539,0,                       0,158541,158541,0,                       0,158539
4601,158540,0,                       0,158540,158540,0,                       0,158540
4602,158541,0,                       0,158539,158539,0,                       0,158541
4603,158540,0,                       0,158540,158540,0,                       0,158540
4604,158539,0,                       0,158541,158541,0,                       0,158539
4605,158540,0,                       0,158540,158540,0,                       0,158540
4606,158541,0,                       0,158539,158539,0,                       0,158541
4607,158540,0,                       0,158540,158540,0,                       0,158540
4608,158539,0,                       0,158541,158541,0,                       0,158539
4609,158540,0,                       0,158540,158540,0,                       0,158540
4610,158539,0,                       0,158541,158541,0,                       0,158539
4611,158538,0,                       0,158542,158542,0,                       0,158538
4612,158539,0,                       0,158541,158541,0,                       0,158539
4613,158538,0,                       0,158542,158542,0,                       0,158538
4614,158539,0,                       0,158541,158541,0,                       0,158539
4615,158540,0,                       0,158540,158540,0,                       0,158540
4616,158539,0,                       0,158541,158541,0,                       0,158539
4617,158538,0,                       0,158542,158542,0,                       0,158538
4618,158539,0,                       0,158541,158541,0,                       0,158539
4619,158540,0,                       0,158540,158540,0,                       0,158540
4620,158541,0,                       0,158539,158539,0,                       0,158541
4621,158540,0,                       0,158540,158540,0,                       0,158540
4622,158541,0,                       0,158539,158539,0,                       0,158541
4623,158540,0,                       0,158540,158540,0,                       0,158540
4624,158541,0,                       0,158539,158539,0,                       0,158541
4625,158540,0,                       0,158540,158540,0,                       0,158540
4626,158539,0,                       0,158541,158541,0,                       0,158539
4627,158540,0,                       0,158540,158540,0,                       0,158540
4628,158539,0,                       0,158541,158541,0,                       0,158539
4629,158540,0,                       0,158540,158540,0,                       0,158540
4630,158539,0,                       0,158541,158541,0,                       0,158539
4631,158540,0,                       0,158540,158540,0,                       0,158540
4632,158539,0,                       0,158541,158541,0,                       0,158539
4633,158540,0,                       0,158540,158540,0,                       0,158540
4634,158541,0,                       0,158539,158539,0,                       0,158541
4635,158542,0,                       0,158538,158538,0,                       0,158542
4636,158543,0,                       0,158537,158537,0,                       0,158543
4637,158542,0,                       0,158538,158538,0,                       0,158542
4638,158541,0,                       0,158539,158539,0,                       0,158541
4639,158540,0,                       0,158540,158540,0,                       0,158540
4640,158539,0,                       0,158541,158541,0,                       0,158539
4641,158540,0,                       0,158540,158540,0,                       0,158540
4642,158539,0,                       0,158541,158541,0,                       0,158539
4643,158540,0,                       0,158540,158540,0,                       0,158540
4644,158541,0,                       0,158539,158539,0,                       0,158541
4645,158540,0,                       0,158540,158540,0,                       0,158540
4646,158541,0,                       0,158539,158539,0,                       0,158541
4647,158540,0,                       0,158540,158540,0,                       0,158540
4648,158541,0,                       0,158539,158539,0,                       0,158541
4649,158542,0,                       0,158538,158538,0,                       0,158542
4650,158541,0,                       0,158539,158539,0,                       0,158541
4651,158540,0,                       0,158540,158540,0,                       0,158540
4652,158541,0,                       0,158539,158539,0,                       0,158541
4653,158540,0,                       0,158540,158540,0,                       0,158540
4654,158541,0,                       0,158539,158539,0,                       0,158541
4655,158540,0,                       0,158540,158540,0,                       0,158540
4656,158539,0,                       0,158541,158541,0,                       0,158539
4657,158540,0,                       0,158540,158540,0,                       0,158540
4658,158539,0,                       0,158541,158541,0,                       0,158539
4659,158540,0,                       0,158540,158540,0,                       0,158540
4660,158541,0,                       0,158539,158539,0,                       0,158541
4661,158542,0,                       0,158538,158538,0,                       0,158542
4662,158541,0,                       0,158539,158539,0,                       0,158541
4663,158540,0,                       0,158540,158540,0,                       0,158540
4664,158541,0,                       0,158539,158539,0,                       0,158541
4665,158540,0,                       0,158540,158540,0,                       0,158540
4666,158539,0,                       0,158541,158541,0,                       0,158539
4667,158540,0,                       0,158540,158540,0,                       0,158540
4668,158539,0,                       0,158541,158541,0,                       0,158539
4669,158538,0,                       0,158542,158542,0,                       0,158538
4670,158539,0,                       0,158541,158541,0,                       0,158539
4671,158538,0,                       0,158542,158542,0,                       0,158538
4672,158539,0,                       0,158541,158541,0,                       0,158539
4673,158538,0,                       0,158542,158542,0,                       0,158538
4674,158537,0,                       0,158543,158543,0,                       0,158537
4675,158538,0,                       0,158542,158542,0,                       0,158538
4676,158539,0,                       0,158541,158541,0,                       0,158539
4677,158538,0,                       0,158542,158542,0,                       0,158538
4678,158539,0,                       0,158541,158541,0,                       0,158539
4679,158540,0,                       0,158540,158540,0,                       0,158540
4680,158539,0,                       0,158541,158541,0,                       0,158539
4681,158540,0,                       0,158540,158540,0,                       0,158540
4682,158539,0,                       0,158541,158541,0,                       0,158539
4683,158538,0,                       0,158542,158542,0,                       0,158538
4684,158537,0,                       0,158543,158543,0,                       0,158537
4685,158538,0,                       0,158542,158542,0,                       0,158538
4686,158539,0,                       0,158541,158541,0,                       0,158539
4687,158538,0,                       0,158542,158542,0,                       0,158538
4688,158539,0,                       0,158541,158541,0,                       0,158539
4689,158540,0,                       0,158540,158540,0,                       0,158540
4690,158539,0,                       0,158541,158541,0,                       0,158539
4691,158540,0,                       0,158540,158540,0,                       0,158540
4692,158541,0,                       0,158539,158539,0,                       0,158541
4693,158540,0,                       0,158540,158540,0,                       0,158540
4694,158539,0,                       0,158541,158541,0,                       0,158539
4695,158540,0,                       0,158540,158540,0,                       0,158540
4696,158539,0,                       0,158541,158541,0,                       0,158539
4697,158540,0,                       0,158540,158540,0,                       0,158540
4698,158541,0,                       0,158539,158539,0,                       0,158541
4699,158540,0,                       0,158540,158540,0,                       0,158540
4700,158541,0,                       0,158539,158539,0,                       0,158541
4701,158542,0,                       0,158538,158538,0,                       0,158542
4702,158541,0,                       0,158539,158539,0,                       0,158541
4703,158542,0,                       0,158538,158538,0,                       0,158542
4704,158541,0,                       0,158539,158539,0,                       0,158541
4705,158542,0,                       0,158538,158538,0,                       0,158542
4706,158541,0,                       0,158539,158539,0,                       0,158541
4707,158540,0,                       0,158540,158540,0,                       0,158540
4708,158539,0,                       0,158541,158541,0,                       0,158539
4709,158540,0,                       0,158540,158540,0,                       0,158540
4710,158541,0,                       0,158539,158539,0,                       0,158541
4711,158542,0,                       0,158538,158538,0,                       0,158542
4712,158541,0,                       0,158539,158539,0,                       0,158541
4713,158542,0,                       0,158538,158538,0,                       0,158542
4714,158541,0,                       0,158539,158539,0,                       0,158541
4715,158540,0,                       0,158540,158540,0,                       0,158540
4716,158541,0,                       0,158539,158539,0,                       0,158541
4717,158540,0,                       0,158540,158540,0,                       0,158540
4718,158541,0,                       0,158539,158539,0,                       0,158541
4719,158542,0,                       0,158538,158538,0,                       0,158542
4720,158541,0,                       0,158539,158539,0,                       0,158541
4721,158540,0,                       0,158540,158540,0,                       0,158540
4722,158541,0,                       0,158539,158539,0,                       0,158541
4723,158542,0,                       0,158538,158538,0,                       0,158542
4724,158541,0,                       0,158539,158539,0,                       0,158541
4725,158542,0,                       0,158538,158538,0,                       0,158542
4726,158541,0,                       0,158539,158539,0,                       0,158541
4727,158540,0,                       0,158540,158540,0,                       0,158540
4728,158541,0,                       0,158539,158539,0,                       0,158541
4729,158542,0,                       0,158538,158538,0,                       0,158542
4730,158543,0,                       0,158537,158537,0,                       0,158543
4731,158542,0,                       0,158538,158538,0,                       0,158542
4732,158541,0,                       0,158539,158539,0,                       0,158541
4733,158540,0,                       0,158540,158540,0,                       0,158540
4734,158541,0,                       0,158539,158539,0,                       0,158541
4735,158542,0,                       0,158538,158538,0,                       0,158542
4736,158541,0,                       0,158539,158539,0,                       0,158541
4737,158542,0,                       0,158538,158538,0,                       0,158542
4738,158541,0,                       0,158539,158539,0,                       0,158541
4739,158542,0,                       0,158538,158538,0,                       0,158542
4740,158543,0,                       0,158537,158537,0,                       0,158543
4741,158542,0,                       0,158538,158538,0,                       0,158542
4742,158541,0,                       0,158539,158539,0,                       0,158541
4743,158542,0,                       0,158538,158538,0,                       0,158542
4744,158543,0,                       0,158537,158537,0,                       0,158543
4745,158542,0,                       0,158538,158538,0,                       0,158542
4746,158541,0,                       0,158539,158539,0,                       0,158541
4747,158540,0,                       0,158540,158540,0,                       0,158540
4748,158541,0,                       0,158539,158539,0,                       0,158541
4749,158542,0,                       0,158538,158538,0,                       0,158542
4750,158541,0,                       0,158539,158539,0,                       0,158541
4751,158542,0,                       0,158538,158538,0,                       0,158542
4752,158541,0,                       0,158539,158539,0,                       0,158541
4753,158540,0,                       0,158540,158540,0,                       0,158540
4754,158539,0,                       0,158541,158541,0,                       0,158539
4755,158540,0,                       0,158540,158540,0,                       0,158540
4756,158539,0,                       0,158541,158541,0,                       0,158539
4757,158538,0,                       0,158542,158542,0,                       0,158538
4758,158539,0,                       0,158541,158541,0,                       0,158539
4759,158540,0,                       0,158540,158540,0,                       0,158540
4760,158539,0,                       0,158541,158541,0,                       0,158539
4761,158540,0,                       0,158540,158540,0,                       0,158540
4762,158541,0,                       0,158539,158539,0,                       0,158541
4763,158542,0,                       0,158538,158538,0,                       0,158542
4764,158541,0,                       0,158539,158539,0,                       0,158541
4765,158542,0,                       0,158538,158538,0,                       0,158542
4766,158543,0,                       0,158537,158537,0,                       0,158543
4767,158542,0,                       0,158538,158538,0,                       0,158542
4768,158541,0,                       0,158539,158539,0,                       0,158541
4769,158542,0,                       0,158538,158538,0,                       0,158542
4770,158541,0,                       0,158539,158539,0,                       0,158541
4771,158542,0,                       0,158538,158538,0,                       0,158542
4772,158541,0,                       0,158539,158539,0,                       0,158541
4773,158540,0,                       0,158540,158540,0,                       0,158540
4774,158539,0,                       0,158541,158541,0,                       0,158539
4775,158538,0,                       0,158542,158542,0,                       0,158538
4776,158539,0,                       0,158541,158541,0,                       0,158539
4777,158540,0,                       0,158540,158540,0,                       0,158540
4778,158539,0,                       0,158541,158541,0,                       0,158539
4779,158540,0,                       0,158540,158540,0,                       0,158540
4780,158539,0,                       0,158541,158541,0,                       0,158539
4781,158540,0,                       0,158540,158540,0,                       0,158540
4782,158539,0,                       0,158541,158541,0,                       0,158539
4783,158540,0,                       0,158540,158540,0,                       0,158540
4784,158539,0,                       0,158541,158541,0,                       0,158539
4785,158540,0,                       0,158540,158540,0,                       0,158540
4786,158541,0,                       0,158539,158539,0,                       0,158541
4787,158542,0,                       0,158538,158538,0,                       0,158542
4788,158543,0,                       0,158537,158537,0,                       0,158543
4789,158542,0,                       0,158538,158538,0,                       0,158542
4790,158543,0,                       0,158537,158537,0,                       0,158543
4791,158542,0,                       0,158538,158538,0,                       0,158542
4792,158541,0,                       0,158539,158539,0,                       0,158541
4793,158542,0,                       0,158538,158538,0,                       0,158542
4794,158541,0,                       0,158539,158539,0,                       0,158541
4795,158540,0,                       0,158540,158540,0,                       0,158540
4796,158539,0,                       0,158541,158541,0,                       0,158539
4797,158540,0,                       0,158540,158540,0,                       0,158540
4798,158541,0,                       0,158539,158539,0,                       0,158541
4799,158542,0,                       0,158538,158538,0,                       0,158542
4800,158541,0,                       0,158539,158539,0,                       0,158541
4801,158542,0,                       0,158538,158538,0,                       0,158542
4802,158541,0,                       0,158539,158539,0,                       0,158541
4803,158540,0,                       0,158540,158540,0,                       0,158540
4804,158541,0,                       0,158539,158539,0,                       0,158541
4805,158540,0,                       0,158540,158540,0,                       0,158540
4806,158541,0,                       0,158539,158539,0,                       0,158541
4807,158542,0,                       0,158538,158538,0,                       0,158542
4808,158541,0,                       0,158539,158539,0,                       0,158541
4809,158540,0,                       0,158540,158540,0,                       0,158540
4810,158539,0,                       0,158541,158541,0,                       0,158539
4811,158540,0,                       0,158540,158540,0,                       0,158540
4812,158541,0,                       0,158539,158539,0,                       0,158541
4813,158542,0,                       0,158538,158538,0,                       0,158542
4814,158541,0,                       0,158539,158539,0,                       0,158541
4815,158542,0,                       0,158538,158538,0,                       0,158542
4816,158541,0,                       0,158539,158539,0,                       0,158541
4817,158540,0,                       0,158540,158540,0,                       0,158540
4818,158541,0,                       0,158539,158539,0,                       0,158541
4819,158540,0,                       0,158540,158540,0,                       0,158540
4820,158541,0,                       0,158539,158539,0,                       0,158541
4821,158540,0,                       0,158540,158540,0,                       0,158540
4822,158541,0,                       0,158539,158539,0,                       0,158541
4823,158540,0,                       0,158540,158540,0,                       0,158540
4824,158539,0,                       0,158541,158541,0,                       0,158539
4825,158540,0,                       0,158540,158540,0,                       0,158540
4826,158541,0,                       0,158539,158539,0,                       0,158541
4827,158540,0,                       0,158540,158540,0,                       0,158540
4828,158541,0,                       0,158539,158539,0,                       0,158541
4829,158542,0,                       0,158538,158538,0,                       0,158542
4830,158541,0,                       0,158539,158539,0,                       0,158541
4831,158540,0,                       0,158540,158540,0,                       0,158540
4832,158539,0,                       0,158541,158541,0,                       0,158539
4833,158540,0,                       0,158540,158540,0,                       0,158540
4834,158539,0,                       0,158541,158541,0,                       0,158539
4835,158540,0,                       0,158540,158540,0,                       0,158540
4836,158541,0,                       0,158539,158539,0,                       0,158541
4837,158542,0,                       0,158538,158538,0,                       0,158542
4838,158541,0,                       0,158539,158539,0,                       0,158541
4839,158542,0,                       0,158538,158538,0,                       0,158542
4840,158541,0,                       0,158539,158539,0,                       0,158541
4841,158540,0,                       0,158540,158540,0,                       0,158540
4842,158539,0,                       0,158541,158541,0,                       0,158539
4843,158540,0,                       0,158540,158540,0,                       0,158540
4844,158541,0,                       0,158539,158539,0,                       0,158541
4845,158540,0,                       0,158540,158540,0,                       0,158540
4846,158539,0,                       0,158541,158541,0,                       0,158539
4847,158538,0,                       0,158542,158542,0,                       0,158538
4848,158539,0,                       0,158541,158541,0,                       0,158539
4849,158540,0,                       0,158540,158540,0,                       0,158540
4850,158539,0,                       0,158541,158541,0,                       0,158539
4851,158540,0,                       0,158540,158540,0,                       0,158540
4852,158541,0,                       0,158539,158539,0,                       0,158541
4853,158540,0,                       0,158540,158540,0,                       0,158540
4854,158541,0,                       0,158539,158539,0,                       0,158541
4855,158540,0,                       0,158540,158540,0,                       0,158540
4856,158539,0,                       0,158541,158541,0,                       0,158539
4857,158538,0,                       0,158542,158542,0,                       0,158538
4858,158539,0,                       0,158541,158541,0,                       0,158539
4859,158540,0,                       0,158540,158540,0,                       0,158540
4860,158541,0,                       0,158539,158539,0,                       0,158541
4861,158540,0,                       0,158540,158540,0,                       0,158540
4862,158539,0,                       0,158541,158541,0,                       0,158539
4863,158538,0,                       0,158542,158542,0,                       0,158538
4864,158539,0,                       0,158541,158541,0,                       0,158539
4865,158538,0,                       0,158542,158542,0,                       0,158538
4866,158539,0,                       0,158541,158541,0,                       0,158539
4867,158540,0,                       0,158540,158540,0,                       0,158540
4868,158541,0,                       0,158539,158539,0,                       0,158541
4869,158540,0,                       0,158540,158540,0,                       0,158540
4870,158541,0,                       0,158539,158539,0,                       0,158541
4871,158542,0,                       0,158538,158538,0,                       0,158542
4872,158541,0,                       0,158539,158539,0,                       0,158541
4873,158540,0,                       0,158540,158540,0,                       0,158540
4874,158539,0,                       0,158541,158541,0,                       0,158539
4875,158538,0,                       0,158542,158542,0,                       0,158538
4876,158539,0,                       0,158541,158541,0,                       0,158539
4877,158538,0,                       0,158542,158542,0,                       0,158538
4878,158537,0,                       0,158543,158543,0,                       0,158537
4879,158536,0,                       0,158544,158544,0,                       0,158536
4880,158537,0,                       0,158543,158543,0,                       0,158537
4881,158538,0,                       0,158542,158542,0,                       0,158538
4882,158539,0,                       0,158541,158541,0,                       0,158539
4883,158540,0,                       0,158540,158540,0,                       0,158540
4884,158541,0,                       0,158539,158539,0,                       0,158541
4885,158542,0,                       0,158538,158538,0,                       0,158542
4886,158541,0,                       0,158539,158539,0,                       0,158541
4887,158540,0,                       0,158540,158540,0,                       0,158540
4888,158539,0,                       0,158541,158541,0,                       0,158539
4889,158540,0,                       0,158540,158540,0,                       0,158540
4890,158541,0,                       0,158539,158539,0,                       0,158541
4891,158540,0,                       0,158540,158540,0,                       0,158540
4892,158539,0,                       0,158541,158541,0,                       0,158539
4893,158538,0,                       0,158542,158542,0,                       0,158538
4894,158539,0,                       0,158541,158541,0,                       0,158539
4895,158540,0,                       0,158540,158540,0,                       0,158540
4896,158539,0,                       0,158541,158541,0,                       0,158539
4897,158540,0,                       0,158540,158540,0,                       0,158540
4898,158541,0,                       0,158539,158539,0,                       0,158541
4899,158540,0,                       0,158540,158540,0,                       0,158540
4900,158539,0,                       0,158541,158541,0,                       0,158539
4901,158538,0,                       0,158542,158542,0,                       0,158538
4902,158539,0,                       0,158541,158541,0,                       0,158539
4903,158538,0,                       0,158542,158542,0,                       0,158538
4904,158539,0,                       0,158541,158541,0,                       0,158539
4905,158538,0,                       0,158542,158542,0,                       0,158538
4906,158539,0,                       0,158541,158541,0,                       0,158539
4907,158540,0,                       0,158540,158540,0,                       0,158540
4908,158539,0,                       0,158541,158541,0,                       0,158539
4909,158540,0,                       0,158540,158540,0,                       0,158540
4910,158541,0,                       0,158539,158539,0,                       0,158541
4911,158540,0,                       0,158540,158540,0,                       0,158540
4912,158541,0,                       0,158539,158539,0,                       0,158541
4913,158542,0,                       0,158538,158538,0,                       0,158542
4914,158541,0,                       0,158539,158539,0,                       0,158541
4915,158540,0,                       0,158540,158540,0,                       0,158540
4916,158539,0,                       0,158541,158541,0,                       0,158539
4917,158538,0,                       0,158542,158542,0,                       0,158538
4918,158539,0,                       0,158541,158541,0,                       0,158539
4919,158538,0,                       0,158542,158542,0,                       0,158538
4920,158539,0,                       0,158541,158541,0,                       0,158539
4921,158540,0,                       0,158540,158540,0,                       0,158540
4922,158539,0,                       0,158541,158541,0,                       0,158539
4923,158538,0,                       0,158542,158542,0,                       0,158538
4924,158539,0,                       0,158541,158541,0,                       0,158539
4925,158540,0,                       0,158540,158540,0,                       0,158540
4926,158539,0,                       0,158541,158541,0,                       0,158539
4927,158538,0,                       0,158542,158542,0,                       0,158538
4928,158539,0,                       0,158541,158541,0,                       0,158539
4929,158540,0,                       0,158540,158540,0,                       0,158540
4930,158539,0,                       0,158541,158541,0,                       0,158539
4931,158540,0,                       0,158540,158540,0,                       0,158540
4932,158541,0,                       0,158539,158539,0,                       0,158541
4933,158540,0,                       0,158540,158540,0,                       0,158540
4934,158541,0,                       0,158539,158539,0,                       0,158541
4935,158542,0,                       0,158538,158538,0,                       0,158542
4936,158541,0,                       0,158539,158539,0,                       0,158541
4937,158540,0,                       0,158540,158540,0,                       0,158540
4938,158541,0,                       0,158539,158539,0,                       0,158541
4939,158540,0,                       0,158540,158540,0,                       0,158540
4940,158539,0,                       0,158541,158541,0,                       0,158539
4941,158538,0,                       0,158542,158542,0,                       0,158538
4942,158539,0,                       0,158541,158541,0,                       0,158539
4943,158538,0,                       0,158542,158542,0,                       0,158538
4944,158539,0,                       0,158541,158541,0,                       0,158539
4945,158540,0,                       0,158540,158540,0,                       0,158540
4946,158541,0,                       0,158539,158539,0,                       0,158541
4947,158540,0,                       0,158540,158540,0,                       0,158540
4948,158541,0,                       0,158539,158539,0,                       0,158541
4949,158542,0,                       0,158538,158538,0,                       0,158542
4950,158541,0,                       0,158539,158539,0,                       0,158541
4951,158540,0,                       0,158540,158540,0,                       0,158540
4952,158539,0,                       0,158541,158541,0,                       0,158539
4953,158540,0,                       0,158540,158540,0,                       0,158540
4954,158539,0,                       0,158541,158541,0,                       0,158539
4955,158538,0,                       0,158542,158542,0,                       0,158538
4956,158539,0,                       0,158541,158541,0,                       0,158539
4957,158540,0,                       0,158540,158540,0,                       0,158540
4958,158539,0,                       0,158541,158541,0,                       0,158539
4959,158538,0,                       0,158542,158542,0,                       0,158538
4960,158539,0,                       0,158541,158541,0,                       0,158539
4961,158540,0,                       0,158540,158540,0,                       0,158540
4962,158541,0,                       0,158539,158539,0,                       0,158541
4963,158542,0,                       0,158538,158538,0,                       0,158542
4964,158541,0,                       0,158539,158539,0,                       0,158541
4965,158540,0,                       0,158540,158540,0,                       0,158540
4966,158541,0,                       0,158539,158539,0,                       0,158541
4967,158540,0,                       0,158540,158540,0,                       0,158540
4968,158539,0,                       0,158541,158541,0,                       0,158539
4969,158538,0,                       0,158542,158542,0,                       0,158538
4970,158537,0,                       0,158543,158543,0,                       0,158537
4971,158538,0,                       0,158542,158542,0,                       0,158538
4972,158539,0,                       0,158541,158541,0,                       0,158539
4973,158540,0,                       0,158540,158540,0,                       0,158540
4974,158541,0,                       0,158539,158539,0,                       0,158541
4975,158540,0,                       0,158540,158540,0,                       0,158540
4976,158539,0,                       0,158541,158541,0,                       0,158539
4977,158540,0,                       0,158540,158540,0,                       0,158540
4978,158541,0,                       0,158539,158539,0,                       0,158541
4979,158542,0,                       0,158538,158538,0,                       0,158542
4980,158543,0,                       0,158537,158537,0,                       0,158543
4981,158544,0,                       0,158536,158536,0,                       0,158544
4982,158543,0,                       0,158537,158537,0,                       0,158543
4983,158542,0,                       0,158538,158538,0,                       0,158542
4984,158541,0,                       0,158539,158539,0,                       0,158541
4985,158540,0,                       0,158540,158540,0,                       0,158540
4986,158539,0,                       0,158541,158541,0,                       0,158539
4987,158540,0,                       0,158540,158540,0,                       0,158540
4988,158539,0,                       0,158541,158541,0,                       0,158539
4989,158540,0,                       0,158540,158540,0,                       0,158540
4990,158539,0,                       0,158541,158541,0,                       0,158539
4991,158538,0,                       0,158542,158542,0,                       0,158538
4992,158539,0,                       0,158541,158541,0,                       0,158539
4993,158538,0,                       0,158542,158542,0,                       0,158538
4994,158537,0,                       0,158543,158543,0,                       0,158537
4995,158536,0,                       0,158544,158544,0,                       0,158536
4996,158537,0,                       0,158543,158543,0,                       0,158537
4997,158538,0,                       0,158542,158542,0,                       0,158538
4998,158539,0,                       0,158541,158541,0,                       0,158539
4999,158540,0,                       0,158540,158540,0,                       0,158540
5000,158541,0,                       0,158539,158539,0,                       0,158541
5001,158542,0,                       0,158538,158538,0,                       0,158542
5002,158541,0,                       0,158539,158539,0,                       0,158541
5003,158540,0,                       0,158540,158540,0,                       0,158540
5004,158539,0,                       0,158541,158541,0,                       0,158539
5005,158540,0,                       0,158540,158540,0,                       0,158540
5006,158541,0,                       0,158539,158539,0,                       0,158541
5007,158540,0,                       0,158540,158540,0,                       0,158540
5008,158541,0,                       0,158539,158539,0,                       0,158541
5009,158542,0,                       0,158538,158538,0,                       0,158542
5010,158541,0,                       0,158539,158539,0,                       0,158541
5011,158540,0,                       0,158540,158540,0,                       0,158540
5012,158541,0,                       0,158539,158539,0,                       0,158541
5013,158540,0,                       0,158540,158540,0,                       0,158540
5014,158541,0,                       0,158539,158539,0,                       0,158541
5015,158542,0,                       0,158538,158538,0,                       0,158542
5016,158541,0,                       0,158539,158539,0,                       0,158541
5017,158540,0,                       0,158540,158540,0,                       0,158540
5018,158541,0,                       0,158539,158539,0,                       0,158541
5019,158540,0,                       0,158540,158540,0,                       0,158540
5020,158541,0,                       0,158539,158539,0,                       0,158541
5021,158540,0,                       0,158540,158540,0,                       0,158540
5022,158541,0,                       0,158539,158539,0,                       0,158541
5023,158540,0,                       0,158540,158540,0,                       0,158540
5024,158539,0,                       0,158541,158541,0,                       0,158539
5025,158540,0,                       0,158540,158540,0,                       0,158540
5026,158541,0,                       0,158539,158539,0,                       0,158541
5027,158540,0,                       0,158540,158540,0,                       0,158540
5028,158539,0,                       0,158541,158541,0,                       0,158539
5029,158538,0,                       0,158542,158542,0,                       0,158538
5030,158539,0,                       0,158541,158541,0,                       0,158539
5031,158540,0,                       0,158540,158540,0,                       0,158540
5032,158541,0,                       0,158539,158539,0,                       0,158541
5033,158540,0,                       0,158540,158540,0,                       0,158540
5034,158539,0,                       0,158541,158541,0,                       0,158539
5035,158538,0,                       0,158542,158542,0,                       0,158538
5036,158539,0,                       0,158541,158541,0,                       0,158539
5037,158540,0,                       0,158540,158540,0,                       0,158540
5038,158539,0,                       0,158541,158541,0,                       0,158539
5039,158540,0,                       0,158540,158540,0,                       0,158540
5040,158539,0,                       0,158541,158541,0,                       0,158539
5041,158540,0,                       0,158540,158540,0,                       0,158540
5042,158541,0,                       0,158539,158539,0,                       0,158541
5043,158540,0,                       0,158540,158540,0,                       0,158540
5044,158541,0,                       0,158539,158539,0,                       0,158541
5045,158542,0,                       0,158538,158538,0,                       0,158542
5046,158541,0,                       0,158539,158539,0,                       0,158541
5047,158540,0,                       0,158540,158540,0,                       0,158540
5048,158539,0,                       0,158541,158541,0,                       0,158539
5049,158540,0,                       0,158540,158540,0,                       0,158540
5050,158541,0,                       0,158539,158539,0,                       0,158541
5051,158542,0,                       0,158538,158538,0,                       0,158542
5052,158543,0,                       0,158537,158537,0,                       0,158543
5053,158542,0,                       0,158538,158538,0,                       0,158542
5054,158543,0,                       0,158537,158537,0,                       0,158543
5055,158544,0,                       0,158536,158536,0,                       0,158544
5056,158543,0,                       0,158537,158537,0,                       0,158543
5057,158544,0,                       0,158536,158536,0,                       0,158544
5058,158545,0,                       0,158535,158535,0,                       0,158545
5059,158544,0,                       0,158536,158536,0,                       0,158544
5060,158543,0,                       0,158537,158537,0,                       0,158543
5061,158542,0,                       0,158538,158538,0,                       0,158542
5062,158541,0,                       0,158539,158539,0,                       0,158541
5063,158540,0,                       0,158540,158540,0,                       0,158540
5064,158539,0,                       0,158541,158541,0,                       0,158539
5065,158540,0,                       0,158540,158540,0,                       0,158540
5066,158541,0,                       0,158539,158539,0,                       0,158541
5067,158540,0,                       0,158540,158540,0,                       0,158540
5068,158539,0,                       0,158541,158541,0,                       0,158539
5069,158540,0,                       0,158540,158540,0,                       0,158540
5070,158541,0,                       0,158539,158539,0,                       0,158541
5071,158542,0,                       0,158538,158538,0,                       0,158542
5072,158541,0,                       0,158539,158539,0,                       0,158541
5073,158540,0,                       0,158540,158540,0,                       0,158540
5074,158541,0,                       0,158539,158539,0,                       0,158541
5075,158540,0,                       0,158540,158540,0,                       0,158540
5076,158539,0,                       0,158541,158541,0,                       0,158539
5077,158538,0,                       0,158542,158542,0,                       0,158538
5078,158539,0,                       0,158541,158541,0,                       0,158539
5079,158540,0,                       0,158540,158540,0,                       0,158540
5080,158541,0,                       0,158539,158539,0,                       0,158541
5081,158540,0,                       0,158540,158540,0,                       0,158540
5082,158541,0,                       0,158539,158539,0,                       0,158541
5083,158540,0,                       0,158540,158540,0,                       0,158540
5084,158539,0,                       0,158541,158541,0,                       0,158539
5085,158540,0,                       0,158540,158540,0,                       0,158540
5086,158541,0,                       0,158539,158539,0,                       0,158541
5087,158540,0,                       0,158540,158540,0,                       0,158540
5088,158539,0,                       0,158541,158541,0,                       0,158539
5089,158540,0,                       0,158540,158540,0,                       0,158540
5090,158539,0,                       0,158541,158541,0,                       0,158539
5091,158540,0,                       0,158540,158540,0,                       0,158540
5092,158541,0,                       0,158539,158539,0,                       0,158541
5093,158542,0,                       0,158538,158538,0,                       0,158542
5094,158541,0,                       0,158539,158539,0,                       0,158541
5095,158540,0,                       0,158540,158540,0,                       0,158540
5096,158539,0,                       0,158541,158541,0,                       0,158539
5097,158538,0,                       0,158542,158542,0,                       0,158538
5098,158539,0,                       0,158541,158541,0,                       0,158539
5099,158540,0,                       0,158540,158540,0,                       0,158540
5100,158541,0,                       0,158539,158539,0,                       0,158541
5101,158542,0,                       0,158538,158538,0,                       0,158542
5102,158541,0,                       0,158539,158539,0,                       0,158541
5103,158542,0,                       0,158538,158538,0,                       0,158542
5104,158543,0,                       0,158537,158537,0,                       0,158543
5105,158542,0,                       0,158538,158538,0,                       0,158542
5106,158543,0,                       0,158537,158537,0,                       0,158543
5107,158542,0,                       0,158538,158538,0,                       0,158542
5108,158543,0,                       0,158537,158537,0,                       0,158543
5109,158542,0,                       0,158538,158538,0,                       0,158542
5110,158541,0,                       0,158539,158539,0,                       0,158541
5111,158540,0,                       0,158540,158540,0,                       0,158540
5112,158541,0,                       0,158539,158539,0,                       0,158541
5113,158540,0,                       0,158540,158540,0,                       0,158540
5114,158539,0,                       0,158541,158541,0,                       0,158539
5115,158540,0,                       0,158540,158540,0,                       0,158540
5116,158541,0,                       0,158539,158539,0,                       0,158541
5117,158542,0,                       0,158538,158538,0,                       0,158542
5118,158543,0,                       0,158537,158537,0,                       0,158543
5119,158542,0,                       0,158538,158538,0,                       0,158542
5120,158541,0,                       0,158539,158539,0,                       0,158541
5121,158540,0,                       0,158540,158540,0,                       0,158540
5122,158541,0,                       0,158539,158539,0,                       0,158541
5123,158542,0,                       0,158538,158538,0,                       0,158542
5124,158541,0,                       0,158539,158539,0,                       0,158541
5125,158540,0,                       0,158540,158540,0,                       0,158540
5126,158539,0,                       0,158541,158541,0,                       0,158539
5127,158538,0,                       0,158542,158542,0,                       0,158538
5128,158539,0,                       0,158541,158541,0,                       0,158539
5129,158540,0,                       0,158540,158540,0,                       0,158540
5130,158539,0,                       0,158541,158541,0,                       0,158539
5131,158540,0,                       0,158540,158540,0,                       0,158540
5132,158541,0,                       0,158539,158539,0,                       0,158541
5133,158540,0,                       0,158540,158540,0,                       0,158540
5134,158541,0,                       0,158539,158539,0,                       0,158541
5135,158540,0,                       0,158540,158540,0,                       0,158540
5136,158539,0,                       0,158541,158541,0,                       0,158539
5137,158540,0,                       0,158540,158540,0,                       0,158540
5138,158539,0,                       0,158541,158541,0,                       0,158539
5139,158540,0,                       0,158540,158540,0,                       0,158540
5140,158539,0,                       0,158541,158541,0,                       0,158539
5141,158540,0,                       0,158540,158540,0,                       0,158540
5142,158539,0,                       0,158541,158541,0,                       0,158539
5143,158538,0,                       0,158542,158542,0,                       0,158538
5144,158539,0,                       0,158541,158541,0,                       0,158539
5145,158540,0,                       0,158540,158540,0,                       0,158540
5146,158539,0,                       0,158541,158541,0,                       0,158539
5147,158540,0,                       0,158540,158540,0,                       0,158540
5148,158539,0,                       0,158541,158541,0,                       0,158539
5149,158538,0,                       0,158542,158542,0,                       0,158538
5150,158539,0,                       0,158541,158541,0,                       0,158539
5151,158540,0,                       0,158540,158540,0,                       0,158540
5152,158539,0,                       0,158541,158541,0,                       0,158539
5153,158538,0,                       0,158542,158542,0,                       0,158538
5154,158537,0,                       0,158543,158543,0,                       0,158537
5155,158538,0,                       0,158542,158542,0,                       0,158538
5156,158539,0,                       0,158541,158541,0,                       0,158539
5157,158538,0,                       0,158542,158542,0,                       0,158538
5158,158539,0,                       0,158541,158541,0,                       0,158539
5159,158540,0,                       0,158540,158540,0,                       0,158540
5160,158539,0,                       0,158541,158541,0,                       0,158539
5161,158538,0,                       0,158542,158542,0,                       0,158538
5162,158539,0,                       0,158541,158541,0,                       0,158539
5163,158540,0,                       0,158540,158540,0,                       0,158540
5164,158539,0,                       0,158541,158541,0,                       0,158539
5165,158540,0,                       0,158540,158540,0,                       0,158540
5166,158541,0,                       0,158539,158539,0,                       0,158541
5167,158540,0,                       0,158540,158540,0,                       0,158540
5168,158539,0,                       0,158541,158541,0,                       0,158539
5169,158540,0,                       0,158540,158540,0,                       0,158540
5170,158539,0,                       0,158541,158541,0,                       0,158539
5171,158540,0,                       0,158540,158540,0,                       0,158540
5172,158541,0,                       0,158539,158539,0,                       0,158541
5173,158540,0,                       0,158540,158540,0,                       0,158540
5174,158539,0,                       0,158541,158541,0,                       0,158539
5175,158540,0,                       0,158540,158540,0,                       0,158540
5176,158541,0,                       0,158539,158539,0,                       0,158541
5177,158540,0,                       0,158540,158540,0,                       0,158540
5178,158541,0,                       0,158539,158539,0,                       0,158541
5179,158542,0,                       0,158538,158538,0,                       0,158542
5180,158541,0,                       0,158539,158539,0,                       0,158541
5181,158542,0,                       0,158538,158538,0,                       0,158542
5182,158541,0,                       0,158539,158539,0,                       0,158541
5183,158540,0,                       0,158540,158540,0,                       0,158540
5184,158539,0,                       0,158541,158541,0,                       0,158539
5185,158538,0,                       0,158542,158542,0,                       0,158538
5186,158537,0,                       0,158543,158543,0,                       0,158537
5187,158538,0,                       0,158542,158542,0,                       0,158538
5188,158539,0,                       0,158541,158541,0,                       0,158539
5189,158540,0,                       0,158540,158540,0,                       0,158540
5190,158541,0,                       0,158539,158539,0,                       0,158541
5191,158540,0,                       0,158540,158540,0,                       0,158540
5192,158541,0,                       0,158539,158539,0,                       0,158541
5193,158542,0,                       0,158538,158538,0,                       0,158542
5194,158541,0,                       0,158539,158539,0,                       0,158541
5195,158540,0,                       0,158540,158540,0,                       0,158540
5196,158539,0,                       0,158541,158541,0,                       0,158539
5197,158538,0,                       0,158542,158542,0,                       0,158538
5198,158537,0,                       0,158543,158543,0,                       0,158537
5199,158536,0,                       0,158544,158544,0,                       0,158536
5200,158537,0,                       0,158543,158543,0,                       0,158537
5201,158538,0,                       0,158542,158542,0,                       0,158538
5202,158539,0,                       0,158541,158541,0,                       0,158539
5203,158540,0,                       0,158540,158540,0,                       0,158540
5204,158541,0,                       0,158539,158539,0,                       0,158541
5205,158540,0,                       0,158540,158540,0,                       0,158540
5206,158539,0,                       0,158541,158541,0,                       0,158539
5207,158540,0,                       0,158540,158540,0,                       0,158540
5208,158539,0,                       0,158541,158541,0,                       0,158539
5209,158540,0,                       0,158540,158540,0,                       0,158540
5210,158539,0,                       0,158541,158541,0,                       0,158539
5211,158540,0,                       0,158540,158540,0,                       0,158540
5212,158539,0,                       0,158541,158541,0,                       0,158539
5213,158538,0,                       0,158542,158542,0,                       0,158538
5214,158539,0,                       0,158541,158541,0,                       0,158539
5215,158540,0,                       0,158540,158540,0,                       0,158540
5216,158541,0,                       0,158539,158539,0,                       0,158541
5217,158540,0,                       0,158540,158540,0,                       0,158540
5218,158539,0,                       0,158541,158541,0,                       0,158539
5219,158538,0,                       0,158542,158542,0,                       0,158538
5220,158539,0,                       0,158541,158541,0,                       0,158539
5221,158540,0,                       0,158540,158540,0,                       0,158540
5222,158539,0,                       0,158541,158541,0,                       0,158539
5223,158540,0,                       0,158540,158540,0,                       0,158540
5224,158541,0,                       0,158539,158539,0,                       0,158541
5225,158540,0,                       0,158540,158540,0,                       0,158540
5226,158539,0,                       0,158541,158541,0,                       0,158539
5227,158538,0,                       0,158542,158542,0,                       0,158538
5228,158539,0,                       0,158541,158541,0,                       0,158539
5229,158540,0,                       0,158540,158540,0,                       0,158540
5230,158541,0,                       0,158539,158539,0,                       0,158541
5231,158542,0,                       0,158538,158538,0,                       0,158542
5232,158541,0,                       0,158539,158539,0,                       0,158541
5233,158542,0,                       0,158538,158538,0,                       0,158542
5234,158541,0,                       0,158539,158539,0,                       0,158541
5235,158540,0,                       0,158540,158540,0,                       0,158540
5236,158541,0,                       0,158539,158539,0,                       0,158541
5237,158540,0,                       0,158540,158540,0,                       0,158540
5238,158541,0,                       0,158539,158539,0,                       0,158541
5239,158540,0,                       0,158540,158540,0,                       0,158540
5240,158539,0,                       0,158541,158541,0,                       0,158539
5241,158540,0,                       0,158540,158540,0,                       0,158540
5242,158539,0,                       0,158541,158541,0,                       0,158539
5243,158540,0,                       0,158540,158540,0,                       0,158540
5244,158539,0,                       0,158541,158541,0,                       0,158539
5245,158538,0,                       0,158542,158542,0,                       0,158538
5246,158537,0,                       0,158543,158543,0,                       0,158537
5247,158538,0,                       0,158542,158542,0,                       0,158538
5248,158537,0,                       0,158543,158543,0,                       0,158537
5249,158538,0,                       0,158542,158542,0,                       0,158538
5250,158537,0,                       0,158543,158543,0,                       0,158537
5251,158538,0,                       0,158542,158542,0,                       0,158538
5252,158539,0,                       0,158541,158541,0,                       0,158539
5253,158540,0,                       0,158540,158540,0,                       0,158540
5254,158541,0,                       0,158539,158539,0,                       0,158541
5255,158540,0,                       0,158540,158540,0,                       0,158540
5256,158541,0,                       0,158539,158539,0,                       0,158541
5257,158540,0,                       0,158540,158540,0,                       0,158540
5258,158539,0,                       0,158541,158541,0,                       0,158539
5259,158540,0,                       0,158540,158540,0,                       0,158540
5260,158541,0,                       0,158539,158539,0,                       0,158541
5261,158540,0,                       0,158540,158540,0,                       0,158540
5262,158541,0,                       0,158539,158539,0,                       0,158541
5263,158540,0,                       0,158540,158540,0,                       0,158540
5264,158539,0,                       0,158541,158541,0,                       0,158539
5265,158540,0,                       0,158540,158540,0,                       0,158540
5266,158539,0,                       0,158541,158541,0,                       0,158539
5267,158540,0,                       0,158540,158540,0,                       0,158540
5268,158539,0,                       0,158541,158541,0,                       0,158539
5269,158540,0,                       0,158540,158540,0,                       0,158540
5270,158539,0,                       0,158541,158541,0,                       0,158539
5271,158540,0,                       0,158540,158540,0,                       0,158540
5272,158539,0,                       0,158541,158541,0,                       0,158539
5273,158538,0,                       0,158542,158542,0,                       0,158538
5274,158537,0,                       0,158543,158543,0,                       0,158537
5275,158538,0,                       0,158542,158542,0,                       0,158538
5276,158539,0,                       0,158541,158541,0,                       0,158539
5277,158538,0,                       0,158542,158542,0,                       0,158538
5278,158539,0,                       0,158541,158541,0,                       0,158539
5279,158540,0,                       0,158540,158540,0,                       0,158540
5280,158539,0,                       0,158541,158541,0,                       0,158539
5281,158540,0,                       0,158540,158540,0,                       0,158540
5282,158539,0,                       0,158541,158541,0,                       0,158539
5283,158540,0,                       0,158540,158540,0,                       0,158540
5284,158539,0,                       0,158541,158541,0,                       0,158539
5285,158538,0,                       0,158542,158542,0,                       0,158538
5286,158539,0,                       0,158541,158541,0,                       0,158539
5287,158540,0,                       0,158540,158540,0,                       0,158540
5288,158539,0,                       0,158541,158541,0,                       0,158539
5289,158540,0,                       0,158540,158540,0,                       0,158540
5290,158541,0,                       0,158539,158539,0,                       0,158541
5291,158540,0,                       0,158540,158540,0,                       0,158540
5292,158539,0,                       0,158541,158541,0,                       0,158539
5293,158538,0,                       0,158542,158542,0,                       0,158538
5294,158539,0,                       0,158541,158541,0,                       0,158539
5295,158540,0,                       0,158540,158540,0,                       0,158540
5296,158541,0,                       0,158539,158539,0,                       0,158541
5297,158540,0,                       0,158540,158540,0,                       0,158540
5298,158539,0,                       0,158541,158541,0,                       0,158539
5299,158540,0,                       0,158540,158540,0,                       0,158540
5300,158539,0,                       0,158541,158541,0,                       0,158539
5301,158540,0,                       0,158540,158540,0,                       0,158540
5302,158539,0,                       0,158541,158541,0,                       0,158539
5303,158538,0,                       0,158542,158542,0,                       0,158538
5304,158539,0,                       0,158541,158541,0,                       0,158539
5305,158538,0,                       0,158542,158542,0,                       0,158538
5306,158539,0,                       0,158541,158541,0,                       0,158539
5307,158538,0,                       0,158542,158542,0,                       0,158538
5308,158537,0,                       0,158543,158543,0,                       0,158537
5309,158536,0,                       0,158544,158544,0,                       0,158536
5310,158535,0,                       0,158545,158545,0,                       0,158535
5311,158536,0,                       0,158544,158544,0,                       0,158536
5312,158537,0,                       0,158543,158543,0,                       0,158537
5313,158538,0,                       0,158542,158542,0,                       0,158538
5314,158539,0,                       0,158541,158541,0,                       0,158539
5315,158538,0,                       0,158542,158542,0,                       0,158538
5316,158539,0,                       0,158541,158541,0,                       0,158539
5317,158538,0,                       0,158542,158542,0,                       0,158538
5318,158537,0,                       0,158543,158543,0,                       0,158537
5319,158538,0,                       0,158542,158542,0,                       0,158538
5320,158537,0,                       0,158543,158543,0,                       0,158537
5321,158536,0,                       0,158544,158544,0,                       0,158536
5322,158535,0,                       0,158545,158545,0,                       0,158535
5323,158536,0,                       0,158544,158544,0,                       0,158536
5324,158535,0,                       0,158545,158545,0,                       0,158535
5325,158534,0,                       0,158546,158546,0,                       0,158534
5326,158535,0,                       0,158545,158545,0,                       0,158535
5327,158534,0,                       0,158546,158546,0,                       0,158534
5328,158533,0,                       0,158547,158547,0,                       0,158533
5329,158532,0,                       0,158548,158548,0,                       0,158532
5330,158531,0,                       0,158549,158549,0,                       0,158531
5331,158530,0,                       0,158550,158550,0,                       0,158530
5332,158529,0,                       0,158551,158551,0,                       0,158529
5333,158528,0,                       0,158552,158552,0,                       0,158528
5334,158527,0,                       0,158553,158553,0,                       0,158527
5335,158526,0,                       0,158554,158554,0,                       0,158526
5336,158525,0,                       0,158555,158555,0,                       0,158525
5337,158524,0,                       0,158556,158556,0,                       0,158524
5338,158523,0,                       0,158557,158557,0,                       0,158523
5339,158522,0,                       0,158558,158558,0,                       0,158522
5340,158521,0,                       0,158559,158559,0,                       0,158521
5341,158520,0,                       0,158560,158560,0,                       0,158520
5342,158519,0,                       0,158561,158561,0,                       0,158519
5343,158518,0,                       0,158562,158562,0,                       0,158518
5344,158517,0,                       0,158563,158563,0,                       0,158517
5345,158516,0,                       0,158564,158564,0,                       0,158516
5346,158515,0,                       0,158565,158565,0,                       0,158515
5347,158514,0,                       0,158566,158566,0,                       0,158514
5348,158513,0,                       0,158567,158567,0,                       0,158513
5349,158512,0,                       0,158568,158568,0,                       0,158512
5350,158511,0,                       0,158569,158569,0,                       0,158511
5351,158510,0,                       0,158570,158570,0,                       0,158510
5352,158509,0,                       0,158571,158571,0,                       0,158509
5353,158508,0,                       0,158572,158572,0,                       0,158508
5354,158507,0,                       0,158573,158573,0,                       0,158507
5355,158506,0,                       0,158574,158574,0,                       0,158506
5356,158507,0,                       0,158573,158573,0,                       0,158507
5357,158506,0,                       0,158574,158574,0,                       0,158506
5358,158505,0,                       0,158575,158575,0,                       0,158505
5359,158504,0,                       0,158576,158576,0,                       0,158504
5360,158505,0,                       0,158575,158575,0,                       0,158505
5361,158506,0,                       0,158574,158574,0,                       0,158506
5362,158507,0,                       0,158573,158573,0,                       0,158507
5363,158508,0,                       0,158572,158572,0,                       0,158508
5364,158509,0,                       0,158571,158571,0,                       0,158509
5365,158510,0,                       0,158570,158570,0,                       0,158510
5366,158511,0,                       0,158569,158569,0,                       0,158511
5367,158512,0,                       0,158568,158568,0,                       0,158512
5368,158513,0,                       0,158567,158567,0,                       0,158513
5369,158514,0,                       0,158566,158566,0,                       0,158514
5370,158515,0,                       0,158565,158565,0,                       0,158515
5371,158516,0,                       0,158564,158564,0,                       0,158516
5372,158517,0,                       0,158563,158563,0,                       0,158517
5373,158518,0,                       0,158562,158562,0,                       0,158518
5374,158519,0,                       0,158561,158561,0,                       0,158519
5375,158520,0,                       0,158560,158560,0,                       0,158520
5376,158521,0,                       0,158559,158559,0,                       0,158521
5377,158522,0,                       0,158558,158558,0,                       0,158522
5378,158523,0,                       0,158557,158557,0,                       0,158523
5379,158524,0,                       0,158556,158556,0,                       0,158524
5380,158525,0,                       0,158555,158555,0,                       0,158525
5381,158526,0,                       0,158554,158554,0,                       0,158526
5382,158527,0,                       0,158553,158553,0,                       0,158527
5383,158528,0,                       0,158552,158552,0,                       0,158528
5384,158529,0,                       0,158551,158551,0,                       0,158529
5385,158530,0,                       0,158550,158550,0,                       0,158530
5386,158531,0,                       0,158549,158549,0,                       0,158531
5387,158532,0,                       0,158548,158548,0,                       0,158532
5388,158533,0,                       0,158547,158547,0,                       0,158533
5389,158534,0,                       0,158546,158546,0,                       0,158534
5390,158535,0,                       0,158545,158545,0,                       0,158535
5391,158536,0,                       0,158544,158544,0,                       0,158536
5392,158537,0,                       0,158543,158543,0,                       0,158537
5393,158538,0,                       0,158542,158542,0,                       0,158538
5394,158539,0,                       0,158541,158541,0,                       0,158539
5395,158540,0,                       0,158540,158540,0,                       0,158540
5396,158541,0,                       0,158539,158539,0,                       0,158541
5397,158540,0,                       0,158540,158540,0,                       0,158540
5398,158539,0,                       0,158541,158541,0,                       0,158539
5399,158538,0,                       0,158542,158542,0,                       0,158538
5400,158537,0,                       0,158543,158543,0,                       0,158537
5401,158538,0,                       0,158542,158542,0,                       0,158538
5402,158537,0,                       0,158543,158543,0,                       0,158537
5403,158538,0,                       0,158542,158542,0,                       0,158538
5404,158539,0,                       0,158541,158541,0,                       0,158539
5405,158540,0,                       0,158540,158540,0,                       0,158540
5406,158541,0,                       0,158539,158539,0,                       0,158541
5407,158542,0,                       0,158538,158538,0,                       0,158542
5408,158541,0,                       0,158539,158539,0,                       0,158541
5409,158542,0,                       0,158538,158538,0,                       0,158542
5410,158541,0,                       0,158539,158539,0,                       0,158541
5411,158540,0,                       0,158540,158540,0,                       0,158540
5412,158539,0,                       0,158541,158541,0,                       0,158539
5413,158540,0,                       0,158540,158540,0,                       0,158540
5414,158541,0,                       0,158539,158539,0,                       0,158541
5415,158540,0,                       0,158540,158540,0,                       0,158540
5416,158539,0,                       0,158541,158541,0,                       0,158539
5417,158538,0,                       0,158542,158542,0,                       0,158538
5418,158539,0,                       0,158541,158541,0,                       0,158539
5419,158538,0,                       0,158542,158542,0,                       0,158538
5420,158539,0,                       0,158541,158541,0,                       0,158539
5421,158540,0,                       0,158540,158540,0,                       0,158540
5422,158541,0,                       0,158539,158539,0,                       0,158541
5423,158542,0,                       0,158538,158538,0,                       0,158542
5424,158541,0,                       0,158539,158539,0,                       0,158541
5425,158540,0,                       0,158540,158540,0,                       0,158540
5426,158541,0,                       0,158539,158539,0,                       0,158541
5427,158540,0,                       0,158540,158540,0,                       0,158540
5428,158541,0,                       0,158539,158539,0,                       0,158541
5429,158542,0,                       0,158538,158538,0,                       0,158542
5430,158541,0,                       0,158539,158539,0,                       0,158541
5431,158542,0,                       0,158538,158538,0,                       0,158542
5432,158541,0,                       0,158539,158539,0,                       0,158541
5433,158542,0,                       0,158538,158538,0,                       0,158542
5434,158541,0,                       0,158539,158539,0,                       0,158541
5435,158540,0,                       0,158540,158540,0,                       0,158540
5436,158539,0,                       0,158541,158541,0,                       0,158539
5437,158540,0,                       0,158540,158540,0,                       0,158540
5438,158541,0,                       0,158539,158539,0,                       0,158541
5439,158542,0,                       0,158538,158538,0,                       0,158542
5440,158541,0,                       0,158539,158539,0,                       0,158541
5441,158542,0,                       0,158538,158538,0,                       0,158542
5442,158541,0,                       0,158539,158539,0,                       0,158541
5443,158540,0,                       0,158540,158540,0,                       0,158540
5444,158539,0,                       0,158541,158541,0,                       0,158539
5445,158540,0,                       0,158540,158540,0,                       0,158540
5446,158539,0,                       0,158541,158541,0,                       0,158539
5447,158538,0,                       0,158542,158542,0,                       0,158538
5448,158539,0,                       0,158541,158541,0,                       0,158539
5449,158540,0,                       0,158540,158540,0,                       0,158540
5450,158539,0,                       0,158541,158541,0,                       0,158539
5451,158540,0,                       0,158540,158540,0,                       0,158540
5452,158541,0,                       0,158539,158539,0,                       0,158541
5453,158540,0,                       0,158540,158540,0,                       0,158540
5454,158541,0,                       0,158539,158539,0,                       0,158541
5455,158542,0,                       0,158538,158538,0,                       0,158542
5456,158543,0,                       0,158537,158537,0,                       0,158543
5457,158542,0,                       0,158538,158538,0,                       0,158542
5458,158541,0,                       0,158539,158539,0,                       0,158541
5459,158542,0,                       0,158538,158538,0,                       0,158542
5460,158541,0,                       0,158539,158539,0,                       0,158541
5461,158540,0,                       0,158540,158540,0,                       0,158540
5462,158541,0,                       0,158539,158539,0,                       0,158541
5463,158542,0,                       0,158538,158538,0,                       0,158542
5464,158541,0,                       0,158539,158539,0,                       0,158541
5465,158540,0,                       0,158540,158540,0,                       0,158540
5466,158539,0,                       0,158541,158541,0,                       0,158539
5467,158538,0,                       0,158542,158542,0,                       0,158538
5468,158537,0,                       0,158543,158543,0,                       0,158537
5469,158538,0,                       0,158542,158542,0,                       0,158538
5470,158539,0,                       0,158541,158541,0,                       0,158539
5471,158540,0,                       0,158540,158540,0,                       0,158540
5472,158541,0,                       0,158539,158539,0,                       0,158541
5473,158540,0,                       0,158540,158540,0,                       0,158540
5474,158539,0,                       0,158541,158541,0,                       0,158539
5475,158540,0,                       0,158540,158540,0,                       0,158540
5476,158539,0,                       0,158541,158541,0,                       0,158539
5477,158538,0,                       0,158542,158542,0,                       0,158538
5478,158537,0,                       0,158543,158543,0,                       0,158537
5479,158538,0,                       0,158542,158542,0,                       0,158538
5480,158539,0,                       0,158541,158541,0,                       0,158539
5481,158540,0,                       0,158540,158540,0,                       0,158540
5482,158541,0,                       0,158539,158539,0,                       0,158541
5483,158542,0,                       0,158538,158538,0,                       0,158542
5484,158541,0,                       0,158539,158539,0,                       0,158541
5485,158542,0,                       0,158538,158538,0,                       0,158542
5486,158541,0,                       0,158539,158539,0,                       0,158541
5487,158542,0,                       0,158538,158538,0,                       0,158542
5488,158543,0,                       0,158537,158537,0,                       0,158543
5489,158542,0,                       0,158538,158538,0,                       0,158542
5490,158543,0,                       0,158537,158537,0,                       0,158543
5491,158542,0,                       0,158538,158538,0,                       0,158542
5492,158541,0,                       0,158539,158539,0,                       0,158541
5493,158540,0,                       0,158540,158540,0,                       0,158540
5494,158539,0,                       0,158541,158541,0,                       0,158539
5495,158540,0,                       0,158540,158540,0,                       0,158540
5496,158539,0,                       0,158541,158541,0,                       0,158539
5497,158540,0,                       0,158540,158540,0,                       0,158540
5498,158541,0,                       0,158539,158539,0,                       0,158541
5499,158542,0,                       0,158538,158538,0,                       0,158542
5500,158543,0,                       0,158537,158537,0,                       0,158543
5501,158542,0,                       0,158538,158538,0,                       0,158542
5502,158541,0,                       0,158539,158539,0,                       0,158541
5503,158540,0,                       0,158540,158540,0,                       0,158540
5504,158539,0,                       0,158541,158541,0,                       0,158539
5505,158538,0,                       0,158542,158542,0,                       0,158538
5506,158539,0,                       0,158541,158541,0,                       0,158539
5507,158538,0,                       0,158542,158542,0,                       0,158538
5508,158539,0,                       0,158541,158541,0,                       0,158539
5509,158540,0,                       0,158540,158540,0,                       0,158540
5510,158541,0,                       0,158539,158539,0,                       0,158541
5511,158542,0,                       0,158538,158538,0,                       0,158542
5512,158541,0,                       0,158539,158539,0,                       0,158541
5513,158540,0,                       0,158540,158540,0,                       0,158540
5514,158539,0,                       0,158541,158541,0,                       0,158539
5515,158538,0,                       0,158542,158542,0,                       0,158538
5516,158539,0,                       0,158541,158541,0,                       0,158539
5517,158540,0,                       0,158540,158540,0,                       0,158540
5518,158539,0,                       0,158541,158541,0,                       0,158539
5519,158540,0,                       0,158540,158540,0,                       0,158540
5520,158539,0,                       0,158541,158541,0,                       0,158539
5521,158538,0,                       0,158542,158542,0,                       0,158538
5522,158539,0,                       0,158541,158541,0,                       0,158539
5523,158540,0,                       0,158540,158540,0,                       0,158540
5524,158541,0,                       0,158539,158539,0,                       0,158541
5525,158542,0,                       0,158538,158538,0,                       0,158542
5526,158541,0,                       0,158539,158539,0,                       0,158541
5527,158542,0,                       0,158538,158538,0,                       0,158542
5528,158541,0,                       0,158539,158539,0,                       0,158541
5529,158540,0,                       0,158540,158540,0,                       0,158540
5530,158539,0,                       0,158541,158541,0,                       0,158539
5531,158538,0,                       0,158542,158542,0,                       0,158538
5532,158539,0,                       0,158541,158541,0,                       0,158539
5533,158540,0,                       0,158540,158540,0,                       0,158540
5534,158541,0,                       0,158539,158539,0,                       0,158541
5535,158542,0,                       0,158538,158538,0,                       0,158542
5536,158541,0,                       0,158539,158539,0,                       0,158541
5537,158540,0,                       0,158540,158540,0,                       0,158540
5538,158541,0,                       0,158539,158539,0,                       0,158541
5539,158540,0,                       0,158540,158540,0,                       0,158540
5540,158541,0,                       0,158539,158539,0,                       0,158541
5541,158540,0,                       0,158540,158540,0,                       0,158540
5542,158539,0,                       0,158541,158541,0,                       0,158539
5543,158540,0,                       0,158540,158540,0,                       0,158540
5544,158541,0,                       0,158539,158539,0,                       0,158541
5545,158542,0,                       0,158538,158538,0,                       0,158542
5546,158543,0,                       0,158537,158537,0,                       0,158543
5547,158542,0,                       0,158538,158538,0,                       0,158542
5548,158541,0,                       0,158539,158539,0,                       0,158541
5549,158540,0,                       0,158540,158540,0,                       0,158540
5550,158541,0,                       0,158539,158539,0,                       0,158541
5551,158542,0,                       0,158538,158538,0,                       0,158542
5552,158541,0,                       0,158539,158539,0,                       0,158541
5553,158540,0,                       0,158540,158540,0,                       0,158540
5554,158539,0,                       0,158541,158541,0,                       0,158539
5555,158540,0,                       0,158540,158540,0,                       0,158540
5556,158539,0,                       0,158541,158541,0,                       0,158539
5557,158540,0,                       0,158540,158540,0,                       0,158540
5558,158541,0,                       0,158539,158539,0,                       0,158541
5559,158540,0,                       0,158540,158540,0,                       0,158540
5560,158541,0,                       0,158539,158539,0,                       0,158541
5561,158540,0,                       0,158540,158540,0,                       0,158540
5562,158541,0,                       0,158539,158539,0,                       0,158541
5563,158540,0,                       0,158540,158540,0,                       0,158540
5564,158539,0,                       0,158541,158541,0,                       0,158539
5565,158540,0,                       0,158540,158540,0,                       0,158540
5566,158539,0,                       0,158541,158541,0,                       0,158539
5567,158540,0,                       0,158540,158540,0,                       0,158540
5568,158539,0,                       0,158541,158541,0,                       0,158539
5569,158540,0,                       0,158540,158540,0,                       0,158540
5570,158541,0,                       0,158539,158539,0,                       0,158541
5571,158542,0,                       0,158538,158538,0,                       0,158542
5572,158541,0,                       0,158539,158539,0,                       0,158541
5573,158540,0,                       0,158540,158540,0,                       0,158540
5574,158541,0,                       0,158539,158539,0,                       0,158541
5575,158540,0,                       0,158540,158540,0,                       0,158540
5576,158539,0,                       0,158541,158541,0,                       0,158539
5577,158540,0,                       0,158540,158540,0,                       0,158540
5578,158539,0,                       0,158541,158541,0,                       0,158539
5579,158538,0,                       0,158542,158542,0,                       0,158538
5580,158537,0,                       0,158543,158543,0,                       0,158537
5581,158538,0,                       0,158542,158542,0,                       0,158538
5582,158539,0,                       0,158541,158541,0,                       0,158539
5583,158538,0,                       0,158542,158542,0,                       0,158538
5584,158539,0,                       0,158541,158541,0,                       0,158539
5585,158540,0,                       0,158540,158540,0,                       0,158540
5586,158539,0,                       0,158541,158541,0,                       0,158539
5587,158540,0,                       0,158540,158540,0,                       0,158540
5588,158539,0,                       0,158541,158541,0,                       0,158539
5589,158540,0,                       0,158540,158540,0,                       0,158540
5590,158539,0,                       0,158541,158541,0,                       0,158539
5591,158538,0,                       0,158542,158542,0,                       0,158538
5592,158539,0,                       0,158541,158541,0,                       0,158539
5593,158540,0,                       0,158540,158540,0,                       0,158540
5594,158541,0,                       0,158539,158539,0,                       0,158541
5595,158540,0,                       0,158540,158540,0,                       0,158540
5596,158539,0,                       0,158541,158541,0,                       0,158539
5597,158540,0,                       0,158540,158540,0,                       0,158540
5598,158539,0,                       0,158541,158541,0,                       0,158539
5599,158540,0,                       0,158540,158540,0,                       0,158540
5600,158541,0,                       0,158539,158539,0,                       0,158541
5601,158540,0,                       0,158540,158540,0,                       0,158540
5602,158539,0,                       0,158541,158541,0,                       0,158539
5603,158538,0,                       0,158542,158542,0,                       0,158538
5604,158539,0,                       0,158541,158541,0,                       0,158539
5605,158540,0,                       0,158540,158540,0,                       0,158540
5606,158541,0,                       0,158539,158539,0,                       0,158541
5607,158540,0,                       0,158540,158540,0,                       0,158540
5608,158541,0,                       0,158539,158539,0,                       0,158541
5609,158540,0,                       0,158540,158540,0,                       0,158540
5610,158539,0,                       0,158541,158541,0,                       0,158539
5611,158540,0,                       0,158540,158540,0,                       0,158540
5612,158539,0,                       0,158541,158541,0,                       0,158539
5613,158540,0,                       0,158540,158540,0,                       0,158540
5614,158541,0,                       0,158539,158539,0,                       0,158541
5615,158540,0,                       0,158540,158540,0,                       0,158540
5616,158539,0,                       0,158541,158541,0,                       0,158539
5617,158540,0,                       0,158540,158540,0,                       0,158540
5618,158541,0,                       0,158539,158539,0,                       0,158541
5619,158542,0,                       0,158538,158538,0,                       0,158542
5620,158541,0,                       0,158539,158539,0,                       0,158541
5621,158540,0,                       0,158540,158540,0,                       0,158540
5622,158539,0,                       0,158541,158541,0,                       0,158539
5623,158538,0,                       0,158542,158542,0,                       0,158538
5624,158539,0,                       0,158541,158541,0,                       0,158539
5625,158540,0,                       0,158540,158540,0,                       0,158540
5626,158541,0,                       0,158539,158539,0,                       0,158541
5627,158542,0,                       0,158538,158538,0,                       0,158542
5628,158541,0,                       0,158539,158539,0,                       0,158541
5629,158542,0,                       0,158538,158538,0,                       0,158542
5630,158543,0,                       0,158537,158537,0,                       0,158543
5631,158542,0,                       0,158538,158538,0,                       0,158542
5632,158543,0,                       0,158537,158537,0,                       0,158543
5633,158542,0,                       0,158538,158538,0,                       0,158542
5634,158541,0,                       0,158539,158539,0,                       0,158541
5635,158542,0,                       0,158538,158538,0,                       0,158542
5636,158543,0,                       0,158537,158537,0,                       0,158543
5637,158542,0,                       0,158538,158538,0,                       0,158542
5638,158541,0,                       0,158539,158539,0,                       0,158541
5639,158540,0,                       0,158540,158540,0,                       0,158540
5640,158539,0,                       0,158541,158541,0,                       0,158539
5641,158540,0,                       0,158540,158540,0,                       0,158540
5642,158539,0,                       0,158541,158541,0,                       0,158539
5643,158540,0,                       0,158540,158540,0,                       0,158540
5644,158541,0,                       0,158539,158539,0,                       0,158541
5645,158540,0,                       0,158540,158540,0,                       0,158540
5646,158539,0,                       0,158541,158541,0,                       0,158539
5647,158538,0,                       0,158542,158542,0,                       0,158538
5648,158539,0,                       0,158541,158541,0,                       0,158539
5649,158538,0,                       0,158542,158542,0,                       0,158538
5650,158539,0,                       0,158541,158541,0,                       0,158539
5651,158540,0,                       0,158540,158540,0,                       0,158540
5652,158539,0,                       0,158541,158541,0,                       0,158539
5653,158540,0,                       0,158540,158540,0,                       0,158540
5654,158541,0,                       0,158539,158539,0,                       0,158541
5655,158540,0,                       0,158540,158540,0,                       0,158540
5656,158541,0,                       0,158539,158539,0,                       0,158541
5657,158540,0,                       0,158540,158540,0,                       0,158540
5658,158539,0,                       0,158541,158541,0,                       0,158539
5659,158538,0,                       0,158542,158542,0,                       0,158538
5660,158539,0,                       0,158541,158541,0,                       0,158539
5661,158538,0,                       0,158542,158542,0,                       0,158538
5662,158539,0,                       0,158541,158541,0,                       0,158539
5663,158538,0,                       0,158542,158542,0,                       0,158538
5664,158539,0,                       0,158541,158541,0,                       0,158539
5665,158540,0,                       0,158540,158540,0,                       0,158540
5666,158541,0,                       0,158539,158539,0,                       0,158541
5667,158542,0,                       0,158538,158538,0,                       0,158542
5668,158541,0,                       0,158539,158539,0,                       0,158541
5669,158540,0,                       0,158540,158540,0,                       0,158540
5670,158541,0,                       0,158539,158539,0,                       0,158541
5671,158540,0,                       0,158540,158540,0,                       0,158540
5672,158539,0,                       0,158541,158541,0,                       0,158539
5673,158540,0,                       0,158540,158540,0,                       0,158540
5674,158541,0,                       0,158539,158539,0,                       0,158541
5675,158540,0,                       0,158540,158540,0,                       0,158540
5676,158539,0,                       0,158541,158541,0,                       0,158539
5677,158540,0,                       0,158540,158540,0,                       0,158540
5678,158539,0,                       0,158541,158541,0,                       0,158539
5679,158540,0,                       0,158540,158540,0,                       0,158540
5680,158541,0,                       0,158539,158539,0,                       0,158541
5681,158540,0,                       0,158540,158540,0,                       0,158540
5682,158541,0,                       0,158539,158539,0,                       0,158541
5683,158542,0,                       0,158538,158538,0,                       0,158542
5684,158541,0,                       0,158539,158539,0,                       0,158541
5685,158540,0,                       0,158540,158540,0,                       0,158540
5686,158541,0,                       0,158539,158539,0,                       0,158541
5687,158540,0,                       0,158540,158540,0,                       0,158540
5688,158539,0,                       0,158541,158541,0,                       0,158539
5689,158538,0,                       0,158542,158542,0,                       0,158538
5690,158539,0,                       0,158541,158541,0,                       0,158539
5691,158540,0,                       0,158540,158540,0,                       0,158540
5692,158539,0,                       0,158541,158541,0,                       0,158539
5693,158540,0,                       0,158540,158540,0,                       0,158540
5694,158541,0,                       0,158539,158539,0,                       0,158541
5695,158542,0,                       0,158538,158538,0,                       0,158542
5696,158541,0,                       0,158539,158539,0,                       0,158541
5697,158542,0,                       0,158538,158538,0,                       0,158542
5698,158543,0,                       0,158537,158537,0,                       0,158543
5699,158544,0,                       0,158536,158536,0,                       0,158544
5700,158543,0,                       0,158537,158537,0,                       0,158543
5701,158542,0,                       0,158538,158538,0,                       0,158542
5702,158541,0,                       0,158539,158539,0,                       0,158541
5703,158542,0,                       0,158538,158538,0,                       0,158542
5704,158541,0,                       0,158539,158539,0,                       0,158541
5705,158540,0,                       0,158540,158540,0,                       0,158540
5706,158539,0,                       0,158541,158541,0,                       0,158539
5707,158540,0,                       0,158540,158540,0,                       0,158540
5708,158541,0,                       0,158539,158539,0,                       0,158541
5709,158540,0,                       0,158540,158540,0,                       0,158540
5710,158541,0,                       0,158539,158539,0,                       0,158541
5711,158540,0,                       0,158540,158540,0,                       0,158540
5712,158539,0,                       0,158541,158541,0,                       0,158539
5713,158540,0,                       0,158540,158540,0,                       0,158540
5714,158539,0,                       0,158541,158541,0,                       0,158539
5715,158540,0,                       0,158540,158540,0,                       0,158540
5716,158539,0,                       0,158541,158541,0,                       0,158539
5717,158540,0,                       0,158540,158540,0,                       0,158540
5718,158541,0,                       0,158539,158539,0,                       0,158541
5719,158540,0,                       0,158540,158540,0,                       0,158540
5720,158541,0,                       0,158539,158539,0,                       0,158541
5721,158542,0,                       0,158538,158538,0,                       0,158542
5722,158543,0,                       0,158537,158537,0,                       0,158543
5723,158544,0,                       0,158536,158536,0,                       0,158544
5724,158545,0,                       0,158535,158535,0,                       0,158545
5725,158546,0,                       0,158534,158534,0,                       0,158546
5726,158545,0,                       0,158535,158535,0,                       0,158545
5727,158544,0,                       0,158536,158536,0,                       0,158544
5728,158543,0,                       0,158537,158537,0,                       0,158543
5729,158542,0,                       0,158538,158538,0,                       0,158542
5730,158541,0,                       0,158539,158539,0,                       0,158541
5731,158540,0,                       0,158540,158540,0,                       0,158540
5732,158539,0,                       0,158541,158541,0,                       0,158539
5733,158540,0,                       0,158540,158540,0,                       0,158540
5734,158541,0,                       0,158539,158539,0,                       0,158541
5735,158540,0,                       0,158540,158540,0,                       0,158540
5736,158541,0,                       0,158539,158539,0,                       0,158541
5737,158540,0,                       0,158540,158540,0,                       0,158540
5738,158541,0,                       0,158539,158539,0,                       0,158541
5739,158540,0,                       0,158540,158540,0,                       0,158540
5740,158541,0,                       0,158539,158539,0,                       0,158541
5741,158542,0,                       0,158538,158538,0,                       0,158542
5742,158541,0,                       0,158539,158539,0,                       0,158541
5743,158540,0,                       0,158540,158540,0,                       0,158540
5744,158541,0,                       0,158539,158539,0,                       0,158541
5745,158540,0,                       0,158540,158540,0,                       0,158540
5746,158541,0,                       0,158539,158539,0,                       0,158541
5747,158540,0,                       0,158540,158540,0,                       0,158540
5748,158539,0,                       0,158541,158541,0,                       0,158539
5749,158540,0,                       0,158540,158540,0,                       0,158540
5750,158541,0,                       0,158539,158539,0,                       0,158541
5751,158540,0,                       0,158540,158540,0,                       0,158540
5752,158539,0,                       0,158541,158541,0,                       0,158539
5753,158538,0,                       0,158542,158542,0,                       0,158538
5754,158539,0,                       0,158541,158541,0,                       0,158539
5755,158538,0,                       0,158542,158542,0,                       0,158538
5756,158539,0,                       0,158541,158541,0,                       0,158539
5757,158540,0,                       0,158540,158540,0,                       0,158540
5758,158539,0,                       0,158541,158541,0,                       0,158539
5759,158540,0,                       0,158540,158540,0,                       0,158540
5760,158539,0,                       0,158541,158541,0,                       0,158539
5761,158538,0,                       0,158542,158542,0,                       0,158538
5762,158539,0,                       0,158541,158541,0,                       0,158539
5763,158540,0,                       0,158540,158540,0,                       0,158540
5764,158539,0,                       0,158541,158541,0,                       0,158539
5765,158540,0,                       0,158540,158540,0,                       0,158540
5766,158541,0,                       0,158539,158539,0,                       0,158541
5767,158542,0,                       0,158538,158538,0,                       0,158542
5768,158541,0,                       0,158539,158539,0,                       0,158541
5769,158542,0,                       0,158538,158538,0,                       0,158542
5770,158541,0,                       0,158539,158539,0,                       0,158541
5771,158540,0,                       0,158540,158540,0,                       0,158540
5772,158541,0,                       0,158539,158539,0,                       0,158541
5773,158540,0,                       0,158540,158540,0,                       0,158540
5774,158539,0,                       0,158541,158541,0,                       0,158539
5775,158540,0,                       0,158540,158540,0,                       0,158540
5776,158539,0,                       0,158541,158541,0,                       0,158539
5777,158540,0,                       0,158540,158540,0,                       0,158540
5778,158541,0,                       0,158539,158539,0,                       0,158541
5779,158540,0,                       0,158540,158540,0,                       0,158540
5780,158539,0,                       0,158541,158541,0,                       0,158539
5781,158538,0,                       0,158542,158542,0,                       0,158538
5782,158539,0,                       0,158541,158541,0,                       0,158539
5783,158540,0,                       0,158540,158540,0,                       0,158540
5784,158541,0,                       0,158539,158539,0,                       0,158541
5785,158542,0,                       0,158538,158538,0,                       0,158542
5786,158541,0,                       0,158539,158539,0,                       0,158541
5787,158540,0,                       0,158540,158540,0,                       0,158540
5788,158541,0,                       0,158539,158539,0,                       0,158541
5789,158542,0,                       0,158538,158538,0,                       0,158542
5790,158543,0,                       0,158537,158537,0,                       0,158543
5791,158542,0,                       0,158538,158538,0,                       0,158542
5792,158541,0,                       0,158539,158539,0,                       0,158541
5793,158540,0,                       0,158540,158540,0,                       0,158540
5794,158541,0,                       0,158539,158539,0,                       0,158541
5795,158542,0,                       0,158538,158538,0,                       0,158542
5796,158541,0,                       0,158539,158539,0,                       0,158541
5797,158540,0,                       0,158540,158540,0,                       0,158540
5798,158541,0,                       0,158539,158539,0,                       0,158541
5799,158540,0,                       0,158540,158540,0,                       0,158540
5800,158541,0,                       0,158539,158539,0,                       0,158541
5801,158540,0,                       0,158540,158540,0,                       0,158540
5802,158539,0,                       0,158541,158541,0,                       0,158539
5803,158540,0,                       0,158540,158540,0,                       0,158540
5804,158539,0,                       0,158541,158541,0,                       0,158539
5805,158540,0,                       0,158540,158540,0,                       0,158540
5806,158541,0,                       0,158539,158539,0,                       0,158541
5807,158542,0,                       0,158538,158538,0,                       0,158542
5808,158541,0,                       0,158539,158539,0,                       0,158541
5809,158540,0,                       0,158540,158540,0,                       0,158540
5810,158541,0,                       0,158539,158539,0,                       0,158541
5811,158542,0,                       0,158538,158538,0,                       0,158542
5812,158541,0,                       0,158539,158539,0,                       0,158541
5813,158540,0,                       0,158540,158540,0,                       0,158540
5814,158541,0,                       0,158539,158539,0,                       0,158541
5815,158542,0,                       0,158538,158538,0,                       0,158542
5816,158541,0,                       0,158539,158539,0,                       0,158541
5817,158542,0,                       0,158538,158538,0,                       0,158542
5818,158541,0,                       0,158539,158539,0,                       0,158541
5819,158542,0,                       0,158538,158538,0,                       0,158542
5820,158543,0,                       0,158537,158537,0,                       0,158543
5821,158542,0,                       0,158538,158538,0,                       0,158542
5822,158541,0,                       0,158539,158539,0,                       0,158541
5823,158542,0,                       0,158538,158538,0,                       0,158542
5824,158541,0,                       0,158539,158539,0,                       0,158541
5825,158540,0,                       0,158540,158540,0,                       0,158540
5826,158541,0,                       0,158539,158539,0,                       0,158541
5827,158540,0,                       0,158540,158540,0,                       0,158540
5828,158541,0,                       0,158539,158539,0,                       0,158541
5829,158540,0,                       0,158540,158540,0,                       0,158540
5830,158541,0,                       0,158539,158539,0,                       0,158541
5831,158540,0,                       0,158540,158540,0,                       0,158540
5832,158539,0,                       0,158541,158541,0,                       0,158539
5833,158540,0,                       0,158540,158540,0,                       0,158540
5834,158539,0,                       0,158541,158541,0,                       0,158539
5835,158538,0,                       0,158542,158542,0,                       0,158538
5836,158539,0,                       0,158541,158541,0,                       0,158539
5837,158540,0,                       0,158540,158540,0,                       0,158540
5838,158541,0,                       0,158539,158539,0,                       0,158541
5839,158542,0,                       0,158538,158538,0,                       0,158542
5840,158541,0,                       0,158539,158539,0,                       0,158541
5841,158542,0,                       0,158538,158538,0,                       0,158542
5842,158541,0,                       0,158539,158539,0,                       0,158541
5843,158540,0,                       0,158540,158540,0,                       0,158540
5844,158539,0,                       0,158541,158541,0,                       0,158539
5845,158540,0,                       0,158540,158540,0,                       0,158540
5846,158541,0,                       0,158539,158539,0,                       0,158541
5847,158542,0,                       0,158538,158538,0,                       0,158542
5848,158541,0,                       0,158539,158539,0,                       0,158541
5849,158542,0,                       0,158538,158538,0,                       0,158542
5850,158543,0,                       0,158537,158537,0,                       0,158543
5851,158544,0,                       0,158536,158536,0,                       0,158544
5852,158543,0,                       0,158537,158537,0,                       0,158543
5853,158542,0,                       0,158538,158538,0,                       0,158542
5854,158541,0,                       0,158539,158539,0,                       0,158541
5855,158540,0,                       0,158540,158540,0,                       0,158540
5856,158539,0,                       0,158541,158541,0,                       0,158539
5857,158540,0,                       0,158540,158540,0,                       0,158540
5858,158541,0,                       0,158539,158539,0,                       0,158541
5859,158542,0,                       0,158538,158538,0,                       0,158542
5860,158541,0,                       0,158539,158539,0,                       0,158541
5861,158540,0,                       0,158540,158540,0,                       0,158540
5862,158541,0,                       0,158539,158539,0,                       0,158541
5863,158542,0,                       0,158538,158538,0,                       0,158542
5864,158541,0,                       0,158539,158539,0,                       0,158541
5865,158540,0,                       0,158540,158540,0,                       0,158540
5866,158541,0,                       0,158539,158539,0,                       0,158541
5867,158542,0,                       0,158538,158538,0,                       0,158542
5868,158541,0,                       0,158539,158539,0,                       0,158541
5869,158540,0,                       0,158540,158540,0,                       0,158540
5870,158539,0,                       0,158541,158541,0,                       0,158539
5871,158540,0,                       0,158540,158540,0,                       0,158540
5872,158541,0,                       0,158539,158539,0,                       0,158541
5873,158542,0,                       0,158538,158538,0,                       0,158542
5874,158543,0,                       0,158537,158537,0,                       0,158543
5875,158542,0,                       0,158538,158538,0,                       0,158542
5876,158541,0,                       0,158539,158539,0,                       0,158541
5877,158540,0,                       0,158540,158540,0,                       0,158540
5878,158539,0,                       0,158541,158541,0,                       0,158539
5879,158538,0,                       0,158542,158542,0,                       0,158538
5880,158539,0,                       0,158541,158541,0,                       0,158539
5881,158538,0,                       0,158542,158542,0,                       0,158538
5882,158539,0,                       0,158541,158541,0,                       0,158539
5883,158540,0,                       0,158540,158540,0,                       0,158540
5884,158541,0,                       0,158539,158539,0,                       0,158541
5885,158540,0,                       0,158540,158540,0,                       0,158540
5886,158539,0,                       0,158541,158541,0,                       0,158539
5887,158538,0,                       0,158542,158542,0,                       0,158538
5888,158539,0,                       0,158541,158541,0,                       0,158539
5889,158540,0,                       0,158540,158540,0,                       0,158540
5890,158541,0,                       0,158539,158539,0,                       0,158541
5891,158540,0,                       0,158540,158540,0,                       0,158540
5892,158539,0,                       0,158541,158541,0,                       0,158539
5893,158538,0,                       0,158542,158542,0,                       0,158538
5894,158539,0,                       0,158541,158541,0,                       0,158539
5895,158540,0,                       0,158540,158540,0,                       0,158540
5896,158539,0,                       0,158541,158541,0,                       0,158539
5897,158540,0,                       0,158540,158540,0,                       0,158540
5898,158541,0,                       0,158539,158539,0,                       0,158541
5899,158540,0,                       0,158540,158540,0,                       0,158540
5900,158541,0,                       0,158539,158539,0,                       0,158541
5901,158542,0,                       0,158538,158538,0,                       0,158542
5902,158541,0,                       0,158539,158539,0,                       0,158541
5903,158540,0,                       0,158540,158540,0,                       0,158540
5904,158539,0,                       0,158541,158541,0,                       0,158539
5905,158540,0,                       0,158540,158540,0,                       0,158540
5906,158541,0,                       0,158539,158539,0,                       0,158541
5907,158542,0,                       0,158538,158538,0,                       0,158542
5908,158541,0,                       0,158539,158539,0,                       0,158541
5909,158542,0,                       0,158538,158538,0,                       0,158542
5910,158543,0,                       0,158537,158537,0,                       0,158543
5911,158542,0,                       0,158538,158538,0,                       0,158542
5912,158541,0,                       0,158539,158539,0,                       0,158541
5913,158540,0,                       0,158540,158540,0,                       0,158540
5914,158539,0,                       0,158541,158541,0,                       0,158539
5915,158540,0,                       0,158540,158540,0,                       0,158540
5916,158541,0,                       0,158539,158539,0,                       0,158541
5917,158540,0,                       0,158540,158540,0,                       0,158540
5918,158539,0,                       0,158541,158541,0,                       0,158539
5919,158538,0,                       0,158542,158542,0,                       0,158538
5920,158537,0,                       0,158543,158543,0,                       0,158537
5921,158538,0,                       0,158542,158542,0,                       0,158538
5922,158539,0,                       0,158541,158541,0,                       0,158539
5923,158540,0,                       0,158540,158540,0,                       0,158540
5924,158541,0,                       0,158539,158539,0,                       0,158541
5925,158542,0,                       0,158538,158538,0,                       0,158542
5926,158541,0,                       0,158539,158539,0,                       0,158541
5927,158540,0,                       0,158540,158540,0,                       0,158540
5928,158539,0,                       0,158541,158541,0,                       0,158539
5929,158540,0,                       0,158540,158540,0,                       0,158540
5930,158541,0,                       0,158539,158539,0,                       0,158541
5931,158540,0,                       0,158540,158540,0,                       0,158540
5932,158539,0,                       0,158541,158541,0,                       0,158539
5933,158540,0,                       0,158540,158540,0,                       0,158540
5934,158541,0,                       0,158539,158539,0,                       0,158541
5935,158542,0,                       0,158538,158538,0,                       0,158542
5936,158541,0,                       0,158539,158539,0,                       0,158541
5937,158542,0,                       0,158538,158538,0,                       0,158542
5938,158541,0,                       0,158539,158539,0,                       0,158541
5939,158540,0,                       0,158540,158540,0,                       0,158540
5940,158541,0,                       0,158539,158539,0,                       0,158541
5941,158540,0,                       0,158540,158540,0,                       0,158540
5942,158539,0,                       0,158541,158541,0,                       0,158539
5943,158540,0,                       0,158540,158540,0,                       0,158540
5944,158539,0,                       0,158541,158541,0,                       0,158539
5945,158540,0,                       0,158540,158540,0,                       0,158540
5946,158539,0,                       0,158541,158541,0,                       0,158539
5947,158540,0,                       0,158540,158540,0,                       0,158540
5948,158539,0,                       0,158541,158541,0,                       0,158539
5949,158540,0,                       0,158540,158540,0,                       0,158540
5950,158541,0,                       0,158539,158539,0,                       0,158541
5951,158540,0,                       0,158540,158540,0,                       0,158540
5952,158541,0,                       0,158539,158539,0,                       0,158541
5953,158542,0,                       0,158538,158538,0,                       0,158542
5954,158541,0,                       0,158539,158539,0,                       0,158541
5955,158540,0,                       0,158540,158540,0,                       0,158540
5956,158539,0,                       0,158541,158541,0,                       0,158539
5957,158540,0,                       0,158540,158540,0,                       0,158540
5958,158539,0,                       0,158541,158541,0,                       0,158539
5959,158540,0,                       0,158540,158540,0,                       0,158540
5960,158539,0,                       0,158541,158541,0,                       0,158539
5961,158540,0,                       0,158540,158540,0,                       0,158540
5962,158541,0,                       0,158539,158539,0,                       0,158541
5963,158540,0,                       0,158540,158540,0,                       0,158540
5964,158539,0,                       0,158541,158541,0,                       0,158539
5965,158540,0,                       0,158540,158540,0,                       0,158540
5966,158541,0,                       0,158539,158539,0,                       0,158541
5967,158540,0,                       0,158540,158540,0,                       0,158540
5968,158541,0,                       0,158539,158539,0,                       0,158541
5969,158542,0,                       0,158538,158538,0,                       0,158542
5970,158541,0,                       0,158539,158539,0,                       0,158541
5971,158540,0,                       0,158540,158540,0,                       0,158540
5972,158541,0,                       0,158539,158539,0,                       0,158541
5973,158540,0,                       0,158540,158540,0,                       0,158540
5974,158539,0,                       0,158541,158541,0,                       0,158539
5975,158540,0,                       0,158540,158540,0,                       0,158540
5976,158541,0,                       0,158539,158539,0,                       0,158541
5977,158540,0,                       0,158540,158540,0,                       0,158540
5978,158541,0,                       0,158539,158539,0,                       0,158541
5979,158540,0,                       0,158540,158540,0,                       0,158540
5980,158539,0,                       0,158541,158541,0,                       0,158539
5981,158538,0,                       0,158542,158542,0,                       0,158538
5982,158539,0,                       0,158541,158541,0,                       0,158539
5983,158538,0,                       0,158542,158542,0,                       0,158538
5984,158539,0,                       0,158541,158541,0,                       0,158539
5985,158538,0,                       0,158542,158542,0,                       0,158538
5986,158537,0,                       0,158543,158543,0,                       0,158537
5987,158538,0,                       0,158542,158542,0,                       0,158538
5988,158539,0,                       0,158541,158541,0,                       0,158539
5989,158538,0,                       0,158542,158542,0,                       0,158538
5990,158539,0,                       0,158541,158541,0,                       0,158539
5991,158540,0,                       0,158540,158540,0,                       0,158540
5992,158541,0,                       0,158539,158539,0,                       0,158541
5993,158540,0,                       0,158540,158540,0,                       0,158540
5994,158541,0,                       0,158539,158539,0,                       0,158541
5995,158540,0,                       0,158540,158540,0,                       0,158540
5996,158539,0,                       0,158541,158541,0,                       0,158539
5997,158540,0,                       0,158540,158540,0,                       0,158540
5998,158541,0,                       0,158539,158539,0,                       0,158541
5999,158542,0,                       0,158538,158538,0,                       0,158542
6000,158541,0,                       0,158539,158539,0,                       0,158541
6001,158540,0,                       0,158540,158540,0,                       0,158540
6002,158539,0,                       0,158541,158541,0,                       0,158539
6003,158540,0,                       0,158540,158540,0,                       0,158540
6004,158541,0,                       0,158539,158539,0,                       0,158541
6005,158542,0,                       0,158538,158538,0,                       0,158542
6006,158541,0,                       0,158539,158539,0,                       0,158541
6007,158540,0,                       0,158540,158540,0,                       0,158540
6008,158539,0,                       0,158541,158541,0,                       0,158539
6009,158538,0,                       0,158542,158542,0,                       0,158538
6010,158537,0,                       0,158543,158543,0,                       0,158537
6011,158538,0,                       0,158542,158542,0,                       0,158538
6012,158537,0,                       0,158543,158543,0,                       0,158537
6013,158538,0,                       0,158542,158542,0,                       0,158538
6014,158539,0,                       0,158541,158541,0,                       0,158539
6015,158540,0,                       0,158540,158540,0,                       0,158540
6016,158539,0,                       0,158541,158541,0,                       0,158539
6017,158540,0,                       0,158540,158540,0,                       0,158540
6018,158539,0,                       0,158541,158541,0,                       0,158539
6019,158540,0,                       0,158540,158540,0,                       0,158540
6020,158541,0,                       0,158539,158539,0,                       0,158541
6021,158540,0,                       0,158540,158540,0,                       0,158540
6022,158541,0,                       0,158539,158539,0,                       0,158541
6023,158540,0,                       0,158540,158540,0,                       0,158540
6024,158541,0,                       0,158539,158539,0,                       0,158541
6025,158540,0,                       0,158540,158540,0,                       0,158540
6026,158541,0,                       0,158539,158539,0,                       0,158541
6027,158542,0,                       0,158538,158538,0,                       0,158542
6028,158541,0,                       0,158539,158539,0,                       0,158541
6029,158540,0,                       0,158540,158540,0,                       0,158540
6030,158539,0,                       0,158541,158541,0,                       0,158539
6031,158538,0,                       0,158542,158542,0,                       0,158538
6032,158537,0,                       0,158543,158543,0,                       0,158537
6033,158538,0,                       0,158542,158542,0,                       0,158538
6034,158539,0,                       0,158541,158541,0,                       0,158539
6035,158540,0,                       0,158540,158540,0,                       0,158540
6036,158539,0,                       0,158541,158541,0,                       0,158539
6037,158538,0,                       0,158542,158542,0,                       0,158538
6038,158539,0,                       0,158541,158541,0,                       0,158539
6039,158540,0,                       0,158540,158540,0,                       0,158540
6040,158541,0,                       0,158539,158539,0,                       0,158541
6041,158540,0,                       0,158540,158540,0,                       0,158540
6042,158539,0,                       0,158541,158541,0,                       0,158539
6043,158540,0,                       0,158540,158540,0,                       0,158540
6044,158541,0,                       0,158539,158539,0,                       0,158541
6045,158540,0,                       0,158540,158540,0,                       0,158540
6046,158541,0,                       0,158539,158539,0,                       0,158541
6047,158540,0,                       0,158540,158540,0,                       0,158540
6048,158541,0,                       0,158539,158539,0,                       0,158541
6049,158542,0,                       0,158538,158538,0,                       0,158542
6050,158541,0,                       0,158539,158539,0,                       0,158541
6051,158540,0,                       0,158540,158540,0,                       0,158540
6052,158539,0,                       0,158541,158541,0,                       0,158539
6053,158538,0,                       0,158542,158542,0,                       0,158538
6054,158537,0,                       0,158543,158543,0,                       0,158537
6055,158538,0,                       0,158542,158542,0,                       0,158538
6056,158539,0,                       0,158541,158541,0,                       0,158539
6057,158540,0,                       0,158540,158540,0,                       0,158540
6058,158541,0,                       0,158539,158539,0,                       0,158541
6059,158540,0,                       0,158540,158540,0,                       0,158540
6060,158541,0,                       0,158539,158539,0,                       0,158541
6061,158542,0,                       0,158538,158538,0,                       0,158542
6062,158541,0,                       0,158539,158539,0,                       0,158541
6063,158542,0,                       0,158538,158538,0,                       0,158542
6064,158541,0,                       0,158539,158539,0,                       0,158541
6065,158540,0,                       0,158540,158540,0,                       0,158540
6066,158539,0,                       0,158541,158541,0,                       0,158539
6067,158540,0,                       0,158540,158540,0,                       0,158540
6068,158539,0,                       0,158541,158541,0,                       0,158539
6069,158540,0,                       0,158540,158540,0,                       0,158540
6070,158541,0,                       0,158539,158539,0,                       0,158541
6071,158542,0,                       0,158538,158538,0,                       0,158542
6072,158541,0,                       0,158539,158539,0,                       0,158541
6073,158542,0,                       0,158538,158538,0,                       0,158542
6074,158541,0,                       0,158539,158539,0,                       0,158541
6075,158540,0,                       0,158540,158540,0,                       0,158540
6076,158539,0,                       0,158541,158541,0,                       0,158539
6077,158540,0,                       0,158540,158540,0,                       0,158540
6078,158539,0,                       0,158541,158541,0,                       0,158539
6079,158540,0,                       0,158540,158540,0,                       0,158540
6080,158539,0,                       0,158541,158541,0,                       0,158539
6081,158540,0,                       0,158540,158540,0,                       0,158540
6082,158541,0,                       0,158539,158539,0,                       0,158541
6083,158540,0,                       0,158540,158540,0,                       0,158540
6084,158541,0,                       0,158539,158539,0,                       0,158541
6085,158542,0,                       0,158538,158538,0,                       0,158542
6086,158541,0,                       0,158539,158539,0,                       0,158541
6087,158540,0,                       0,158540,158540,0,                       0,158540
6088,158541,0,                       0,158539,158539,0,                       0,158541
6089,158540,0,                       0,158540,158540,0,                       0,158540
6090,158541,0,                       0,158539,158539,0,                       0,158541
6091,158542,0,                       0,158538,158538,0,                       0,158542
6092,158543,0,                       0,158537,158537,0,                       0,158543
6093,158542,0,                       0,158538,158538,0,                       0,158542
6094,158541,0,                       0,158539,158539,0,                       0,158541
6095,158542,0,                       0,158538,158538,0,                       0,158542
6096,158541,0,                       0,158539,158539,0,                       0,158541
6097,158542,0,                       0,158538,158538,0,                       0,158542
6098,158541,0,                       0,158539,158539,0,                       0,158541
6099,158540,0,                       0,158540,158540,0,                       0,158540
6100,158539,0,                       0,158541,158541,0,                       0,158539
6101,158540,0,                       0,158540,158540,0,                       0,158540
6102,158541,0,                       0,158539,158539,0,                       0,158541
6103,158542,0,                       0,158538,158538,0,                       0,158542
6104,158541,0,                       0,158539,158539,0,                       0,158541
6105,158540,0,                       0,158540,158540,0,                       0,158540
6106,158541,0,                       0,158539,158539,0,                       0,158541
6107,158540,0,                       0,158540,158540,0,                       0,158540
6108,158541,0,                       0,158539,158539,0,                       0,158541
6109,158540,0,                       0,158540,158540,0,                       0,158540
6110,158541,0,                       0,158539,158539,0,                       0,158541
6111,158540,0,                       0,158540,158540,0,                       0,158540
6112,158541,0,                       0,158539,158539,0,                       0,158541
6113,158540,0,                       0,158540,158540,0,                       0,158540
6114,158539,0,                       0,158541,158541,0,                       0,158539
6115,158538,0,                       0,158542,158542,0,                       0,158538
6116,158537,0,                       0,158543,158543,0,                       0,158537
6117,158536,0,                       0,158544,158544,0,                       0,158536
6118,158535,0,                       0,158545,158545,0,                       0,158535
6119,158534,0,                       0,158546,158546,0,                       0,158534
6120,158533,0,                       0,158547,158547,0,                       0,158533
6121,158532,0,                       0,158548,158548,0,                       0,158532
6122,158531,0,                       0,158549,158549,0,                       0,158531
6123,158530,0,                       0,158550,158550,0,                       0,158530
6124,158529,0,                       0,158551,158551,0,                       0,158529
6125,158528,0,                       0,158552,158552,0,                       0,158528
6126,158527,0,                       0,158553,158553,0,                       0,158527
6127,158526,0,                       0,158554,158554,0,                       0,158526
6128,158525,0,                       0,158555,158555,0,                       0,158525
6129,158526,0,                       0,158554,158554,0,                       0,158526
6130,158527,0,                       0,158553,158553,0,                       0,158527
6131,158528,0,                       0,158552,158552,0,                       0,158528
6132,158529,0,                       0,158551,158551,0,                       0,158529
6133,158530,0,                       0,158550,158550,0,                       0,158530
6134,158531,0,                       0,158549,158549,0,                       0,158531
6135,158532,0,                       0,158548,158548,0,                       0,158532
6136,158533,0,                       0,158547,158547,0,                       0,158533
6137,158534,0,                       0,158546,158546,0,                       0,158534
6138,158535,0,                       0,158545,158545,0,                       0,158535
6139,158536,0,                       0,158544,158544,0,                       0,158536
6140,158537,0,                       0,158543,158543,0,                       0,158537
6141,158538,0,                       0,158542,158542,0,                       0,158538
6142,158539,0,                       0,158541,158541,0,                       0,158539
6143,158540,0,                       0,158540,158540,0,                       0,158540
6144,158541,0,                       0,158539,158539,0,                       0,158541
6145,158540,0,                       0,158540,158540,0,                       0,158540
6146,158541,0,                       0,158539,158539,0,                       0,158541
6147,158542,0,                       0,158538,158538,0,                       0,158542
6148,158541,0,                       0,158539,158539,0,                       0,158541
6149,158542,0,                       0,158538,158538,0,                       0,158542
6150,158541,0,                       0,158539,158539,0,                       0,158541
6151,158540,0,                       0,158540,158540,0,                       0,158540
6152,158539,0,                       0,158541,158541,0,                       0,158539
6153,158538,0,                       0,158542,158542,0,                       0,158538
6154,158537,0,                       0,158543,158543,0,                       0,158537
6155,158536,0,                       0,158544,158544,0,                       0,158536
6156,158537,0,                       0,158543,158543,0,                       0,158537
6157,158538,0,                       0,158542,158542,0,                       0,158538
6158,158539,0,                       0,158541,158541,0,                       0,158539
6159,158540,0,                       0,158540,158540,0,                       0,158540
6160,158539,0,                       0,158541,158541,0,                       0,158539
6161,158540,0,                       0,158540,158540,0,                       0,158540
6162,158541,0,                       0,158539,158539,0,                       0,158541
6163,158540,0,                       0,158540,158540,0,                       0,158540
6164,158541,0,                       0,158539,158539,0,                       0,158541
6165,158540,0,                       0,158540,158540,0,                       0,158540
6166,158541,0,                       0,158539,158539,0,                       0,158541
6167,158540,0,                       0,158540,158540,0,                       0,158540
6168,158539,0,                       0,158541,158541,0,                       0,158539
6169,158540,0,                       0,158540,158540,0,                       0,158540
6170,158539,0,                       0,158541,158541,0,                       0,158539
6171,158538,0,                       0,158542,158542,0,                       0,158538
6172,158539,0,                       0,158541,158541,0,                       0,158539
6173,158538,0,                       0,158542,158542,0,                       0,158538
6174,158539,0,                       0,158541,158541,0,                       0,158539
6175,158538,0,                       0,158542,158542,0,                       0,158538
6176,158539,0,                       0,158541,158541,0,                       0,158539
6177,158540,0,                       0,158540,158540,0,                       0,158540
6178,158541,0,                       0,158539,158539,0,                       0,158541
6179,158540,0,                       0,158540,158540,0,                       0,158540
6180,158539,0,                       0,158541,158541,0,                       0,158539
6181,158540,0,                       0,158540,158540,0,                       0,158540
6182,158541,0,                       0,158539,158539,0,                       0,158541
6183,158540,0,                       0,158540,158540,0,                       0,158540
6184,158539,0,                       0,158541,158541,0,                       0,158539
6185,158540,0,                       0,158540,158540,0,                       0,158540
6186,158541,0,                       0,158539,158539,0,                       0,158541
6187,158542,0,                       0,158538,158538,0,                       0,158542
6188,158541,0,                       0,158539,158539,0,                       0,158541
6189,158540,0,                       0,158540,158540,0,                       0,158540
6190,158541,0,                       0,158539,158539,0,                       0,158541
6191,158540,0,                       0,158540,158540,0,                       0,158540
6192,158541,0,                       0,158539,158539,0,                       0,158541
6193,158542,0,                       0,158538,158538,0,                       0,158542
6194,158543,0,                       0,158537,158537,0,                       0,158543
6195,158542,0,                       0,158538,158538,0,                       0,158542
6196,158541,0,                       0,158539,158539,0,                       0,158541
6197,158540,0,                       0,158540,158540,0,                       0,158540
6198,158539,0,                       0,158541,158541,0,                       0,158539
6199,158538,0,                       0,158542,158542,0,                       0,158538
6200,158537,0,                       0,158543,158543,0,                       0,158537
6201,158538,0,                       0,158542,158542,0,                       0,158538
6202,158539,0,                       0,158541,158541,0,                       0,158539
6203,158538,0,                       0,158542,158542,0,                       0,158538
6204,158539,0,                       0,158541,158541,0,                       0,158539
6205,158540,0,                       0,158540,158540,0,                       0,158540
6206,158539,0,                       0,158541,158541,0,                       0,158539
6207,158538,0,                       0,158542,158542,0,                       0,158538
6208,158539,0,                       0,158541,158541,0,                       0,158539
6209,158538,0,                       0,158542,158542,0,                       0,158538
6210,158537,0,                       0,158543,158543,0,                       0,158537
6211,158538,0,                       0,158542,158542,0,                       0,158538
6212,158539,0,                       0,158541,158541,0,                       0,158539
6213,158540,0,                       0,158540,158540,0,                       0,158540
6214,158539,0,                       0,158541,158541,0,                       0,158539
6215,158538,0,                       0,158542,158542,0,                       0,158538
6216,158539,0,                       0,158541,158541,0,                       0,158539
6217,158540,0,                       0,158540,158540,0,                       0,158540
6218,158539,0,                       0,158541,158541,0,                       0,158539
6219,158540,0,                       0,158540,158540,0,                       0,158540
6220,158541,0,                       0,158539,158539,0,                       0,158541
6221,158542,0,                       0,158538,158538,0,                       0,158542
6222,158543,0,                       0,158537,158537,0,                       0,158543
6223,158542,0,                       0,158538,158538,0,                       0,158542
6224,158541,0,                       0,158539,158539,0,                       0,158541
6225,158540,0,                       0,158540,158540,0,                       0,158540
6226,158541,0,                       0,158539,158539,0,                       0,158541
6227,158540,0,                       0,158540,158540,0,                       0,158540
6228,158539,0,                       0,158541,158541,0,                       0,158539
6229,158538,0,                       0,158542,158542,0,                       0,158538
6230,158539,0,                       0,158541,158541,0,                       0,158539
6231,158540,0,                       0,158540,158540,0,                       0,158540
6232,158541,0,                       0,158539,158539,0,                       0,158541
6233,158542,0,                       0,158538,158538,0,                       0,158542
6234,158543,0,                       0,158537,158537,0,                       0,158543
6235,158542,0,                       0,158538,158538,0,                       0,158542
6236,158541,0,                       0,158539,158539,0,                       0,158541
6237,158540,0,                       0,158540,158540,0,                       0,158540
6238,158541,0,                       0,158539,158539,0,                       0,158541
6239,158540,0,                       0,158540,158540,0,                       0,158540
6240,158539,0,                       0,158541,158541,0,                       0,158539
6241,158538,0,                       0,158542,158542,0,                       0,158538
6242,158539,0,                       0,158541,158541,0,                       0,158539
6243,158540,0,                       0,158540,158540,0,                       0,158540
6244,158539,0,                       0,158541,158541,0,                       0,158539
6245,158538,0,                       0,158542,158542,0,                       0,158538
6246,158539,0,                       0,158541,158541,0,                       0,158539
6247,158540,0,                       0,158540,158540,0,                       0,158540
6248,158539,0,                       0,158541,158541,0,                       0,158539
6249,158540,0,                       0,158540,158540,0,                       0,158540
6250,158541,0,                       0,158539,158539,0,                       0,158541
6251,158540,0,                       0,158540,158540,0,                       0,158540
6252,158541,0,                       0,158539,158539,0,                       0,158541
6253,158542,0,                       0,158538,158538,0,                       0,158542
6254,158543,0,                       0,158537,158537,0,                       0,158543
6255,158542,0,                       0,158538,158538,0,                       0,158542
6256,158541,0,                       0,158539,158539,0,                       0,158541
6257,158540,0,                       0,158540,158540,0,                       0,158540
6258,158539,0,                       0,158541,158541,0,                       0,158539
6259,158538,0,                       0,158542,158542,0,                       0,158538
6260,158539,0,                       0,158541,158541,0,                       0,158539
6261,158538,0,                       0,158542,158542,0,                       0,158538
6262,158539,0,                       0,158541,158541,0,                       0,158539
6263,158540,0,                       0,158540,158540,0,                       0,158540
6264,158541,0,                       0,158539,158539,0,                       0,158541
6265,158540,0,                       0,158540,158540,0,                       0,158540
6266,158541,0,                       0,158539,158539,0,                       0,158541
6267,158540,0,                       0,158540,158540,0,                       0,158540
6268,158541,0,                       0,158539,158539,0,                       0,158541
6269,158540,0,                       0,158540,158540,0,                       0,158540
6270,158539,0,                       0,158541,158541,0,                       0,158539
6271,158540,0,                       0,158540,158540,0,                       0,158540
6272,158541,0,                       0,158539,158539,0,                       0,158541
6273,158540,0,                       0,158540,158540,0,                       0,158540
6274,158541,0,                       0,158539,158539,0,                       0,158541
6275,158542,0,                       0,158538,158538,0,                       0,158542
6276,158541,0,                       0,158539,158539,0,                       0,158541
6277,158540,0,                       0,158540,158540,0,                       0,158540
6278,158541,0,                       0,158539,158539,0,                       0,158541
6279,158540,0,                       0,158540,158540,0,                       0,158540
6280,158541,0,                       0,158539,158539,0,                       0,158541
6281,158542,0,                       0,158538,158538,0,                       0,158542
6282,158541,0,                       0,158539,158539,0,                       0,158541
6283,158542,0,                       0,158538,158538,0,                       0,158542
6284,158541,0,                       0,158539,158539,0,                       0,158541
6285,158540,0,                       0,158540,158540,0,                       0,158540
6286,158539,0,                       0,158541,158541,0,                       0,158539
6287,158540,0,                       0,158540,158540,0,                       0,158540
6288,158541,0,                       0,158539,158539,0,                       0,158541
6289,158542,0,                       0,158538,158538,0,                       0,158542
6290,158541,0,                       0,158539,158539,0,                       0,158541
6291,158542,0,                       0,158538,158538,0,                       0,158542
6292,158541,0,                       0,158539,158539,0,                       0,158541
6293,158540,0,                       0,158540,158540,0,                       0,158540
6294,158541,0,                       0,158539,158539,0,                       0,158541
6295,158542,0,                       0,158538,158538,0,                       0,158542
6296,158541,0,                       0,158539,158539,0,                       0,158541
6297,158540,0,                       0,158540,158540,0,                       0,158540
6298,158541,0,                       0,158539,158539,0,                       0,158541
6299,158540,0,                       0,158540,158540,0,                       0,158540
6300,158539,0,                       0,158541,158541,0,                       0,158539
6301,158540,0,                       0,158540,158540,0,                       0,158540
6302,158541,0,                       0,158539,158539,0,                       0,158541
6303,158542,0,                       0,158538,158538,0,                       0,158542
6304,158541,0,                       0,158539,158539,0,                       0,158541
6305,158540,0,                       0,158540,158540,0,                       0,158540
6306,158541,0,                       0,158539,158539,0,                       0,158541
6307,158540,0,                       0,158540,158540,0,                       0,158540
6308,158541,0,                       0,158539,158539,0,                       0,158541
6309,158542,0,                       0,158538,158538,0,                       0,158542
6310,158541,0,                       0,158539,158539,0,                       0,158541
6311,158540,0,                       0,158540,158540,0,                       0,158540
6312,158541,0,                       0,158539,158539,0,                       0,158541
6313,158540,0,                       0,158540,158540,0,                       0,158540
6314,158541,0,                       0,158539,158539,0,                       0,158541
6315,158542,0,                       0,158538,158538,0,                       0,158542
6316,158541,0,                       0,158539,158539,0,                       0,158541
6317,158540,0,                       0,158540,158540,0,                       0,158540
6318,158539,0,                       0,158541,158541,0,                       0,158539
6319,158540,0,                       0,158540,158540,0,                       0,158540
6320,158539,0,                       0,158541,158541,0,                       0,158539
6321,158540,0,                       0,158540,158540,0,                       0,158540
6322,158541,0,                       0,158539,158539,0,                       0,158541
6323,158540,0,                       0,158540,158540,0,                       0,158540
6324,158541,0,                       0,158539,158539,0,                       0,158541
6325,158540,0,                       0,158540,158540,0,                       0,158540
6326,158539,0,                       0,158541,158541,0,                       0,158539
6327,158540,0,                       0,158540,158540,0,                       0,158540
6328,158539,0,                       0,158541,158541,0,                       0,158539
6329,158538,0,                       0,158542,158542,0,                       0,158538
6330,158539,0,                       0,158541,158541,0,                       0,158539
6331,158540,0,                       0,158540,158540,0,                       0,158540
6332,158541,0,                       0,158539,158539,0,                       0,158541
6333,158542,0,                       0,158538,158538,0,                       0,158542
6334,158541,0,                       0,158539,158539,0,                       0,158541
6335,158540,0,                       0,158540,158540,0,                       0,158540
6336,158541,0,                       0,158539,158539,0,                       0,158541
6337,158542,0,                       0,158538,158538,0,                       0,158542
6338,158541,0,                       0,158539,158539,0,                       0,158541
6339,158540,0,                       0,158540,158540,0,                       0,158540
6340,158539,0,                       0,158541,158541,0,                       0,158539
6341,158538,0,                       0,158542,158542,0,                       0,158538
6342,158539,0,                       0,158541,158541,0,                       0,158539
6343,158540,0,                       0,158540,158540,0,                       0,158540
6344,158539,0,                       0,158541,158541,0,                       0,158539
6345,158540,0,                       0,158540,158540,0,                       0,158540
6346,158539,0,                       0,158541,158541,0,                       0,158539
6347,158540,0,                       0,158540,158540,0,                       0,158540
6348,158539,0,                       0,158541,158541,0,                       0,158539
6349,158540,0,                       0,158540,158540,0,                       0,158540
6350,158541,0,                       0,158539,158539,0,                       0,158541
6351,158540,0,                       0,158540,158540,0,                       0,158540
6352,158541,0,                       0,158539,158539,0,                       0,158541
6353,158542,0,                       0,158538,158538,0,                       0,158542
6354,158541,0,                       0,158539,158539,0,                       0,158541
6355,158540,0,                       0,158540,158540,0,                       0,158540
6356,158539,0,                       0,158541,158541,0,                       0,158539
6357,158540,0,                       0,158540,158540,0,                       0,158540
6358,158539,0,                       0,158541,158541,0,                       0,158539
6359,158540,0,                       0,158540,158540,0,                       0,158540
6360,158539,0,                       0,158541,158541,0,                       0,158539
6361,158538,0,                       0,158542,158542,0,                       0,158538
6362,158539,0,                       0,158541,158541,0,                       0,158539
6363,158540,0,                       0,158540,158540,0,                       0,158540
6364,158541,0,                       0,158539,158539,0,                       0,158541
6365,158540,0,                       0,158540,158540,0,                       0,158540
6366,158541,0,                       0,158539,158539,0,                       0,158541
6367,158542,0,                       0,158538,158538,0,                       0,158542
6368,158541,0,                       0,158539,158539,0,                       0,158541
6369,158542,0,                       0,158538,158538,0,                       0,158542
6370,158543,0,                       0,158537,158537,0,                       0,158543
6371,158542,0,                       0,158538,158538,0,                       0,158542
6372,158541,0,                       0,158539,158539,0,                       0,158541
6373,158540,0,                       0,158540,158540,0,                       0,158540
6374,158539,0,                       0,158541,158541,0,                       0,158539
6375,158538,0,                       0,158542,158542,0,                       0,158538
6376,158539,0,                       0,158541,158541,0,                       0,158539
6377,158540,0,                       0,158540,158540,0,                       0,158540
6378,158539,0,                       0,158541,158541,0,                       0,158539
6379,158540,0,                       0,158540,158540,0,                       0,158540
6380,158539,0,                       0,158541,158541,0,                       0,158539
6381,158540,0,                       0,158540,158540,0,                       0,158540
6382,158541,0,                       0,158539,158539,0,                       0,158541
6383,158540,0,                       0,158540,158540,0,                       0,158540
6384,158541,0,                       0,158539,158539,0,                       0,158541
6385,158542,0,                       0,158538,158538,0,                       0,158542
6386,158541,0,                       0,158539,158539,0,                       0,158541
6387,158540,0,                       0,158540,158540,0,                       0,158540
6388,158539,0,                       0,158541,158541,0,                       0,158539
6389,158538,0,                       0,158542,158542,0,                       0,158538
6390,158539,0,                       0,158541,158541,0,                       0,158539
6391,158538,0,                       0,158542,158542,0,                       0,158538
6392,158537,0,                       0,158543,158543,0,                       0,158537
6393,158536,0,                       0,158544,158544,0,                       0,158536
6394,158537,0,                       0,158543,158543,0,                       0,158537
6395,158538,0,                       0,158542,158542,0,                       0,158538
6396,158539,0,                       0,158541,158541,0,                       0,158539
6397,158540,0,                       0,158540,158540,0,                       0,158540
6398,158541,0,                       0,158539,158539,0,                       0,158541
6399,158540,0,                       0,158540,158540,0,                       0,158540
6400,158541,0,                       0,158539,158539,0,                       0,158541
6401,158540,0,                       0,158540,158540,0,                       0,158540
6402,158539,0,                       0,158541,158541,0,                       0,158539
6403,158540,0,                       0,158540,158540,0,                       0,158540
6404,158539,0,                       0,158541,158541,0,                       0,158539
6405,158540,0,                       0,158540,158540,0,                       0,158540
6406,158541,0,                       0,158539,158539,0,                       0,158541
6407,158540,0,                       0,158540,158540,0,                       0,158540
6408,158541,0,                       0,158539,158539,0,                       0,158541
6409,158540,0,                       0,158540,158540,0,                       0,158540
6410,158539,0,                       0,158541,158541,0,                       0,158539
6411,158540,0,                       0,158540,158540,0,                       0,158540
6412,158541,0,                       0,158539,158539,0,                       0,158541
6413,158540,0,                       0,158540,158540,0,                       0,158540
6414,158541,0,                       0,158539,158539,0,                       0,158541
6415,158540,0,                       0,158540,158540,0,                       0,158540
6416,158541,0,                       0,158539,158539,0,                       0,158541
6417,158540,0,                       0,158540,158540,0,                       0,158540
6418,158539,0,                       0,158541,158541,0,                       0,158539
6419,158538,0,                       0,158542,158542,0,                       0,158538
6420,158539,0,                       0,158541,158541,0,                       0,158539
6421,158540,0,                       0,158540,158540,0,                       0,158540
6422,158539,0,                       0,158541,158541,0,                       0,158539
6423,158540,0,                       0,158540,158540,0,                       0,158540
6424,158539,0,                       0,158541,158541,0,                       0,158539
6425,158540,0,                       0,158540,158540,0,                       0,158540
6426,158541,0,                       0,158539,158539,0,                       0,158541
6427,158540,0,                       0,158540,158540,0,                       0,158540
6428,158541,0,                       0,158539,158539,0,                       0,158541
6429,158540,0,                       0,158540,158540,0,                       0,158540
6430,158541,0,                       0,158539,158539,0,                       0,158541
6431,158540,0,                       0,158540,158540,0,                       0,158540
6432,158539,0,                       0,158541,158541,0,                       0,158539
6433,158538,0,                       0,158542,158542,0,                       0,158538
6434,158539,0,                       0,158541,158541,0,                       0,158539
6435,158540,0,                       0,158540,158540,0,                       0,158540
6436,158539,0,                       0,158541,158541,0,                       0,158539
6437,158540,0,                       0,158540,158540,0,                       0,158540
6438,158541,0,                       0,158539,158539,0,                       0,158541
6439,158542,0,                       0,158538,158538,0,                       0,158542
6440,158541,0,                       0,158539,158539,0,                       0,158541
6441,158540,0,                       0,158540,158540,0,                       0,158540
6442,158541,0,                       0,158539,158539,0,                       0,158541
6443,158542,0,                       0,158538,158538,0,                       0,158542
6444,158541,0,                       0,158539,158539,0,                       0,158541
6445,158540,0,                       0,158540,158540,0,                       0,158540
6446,158541,0,                       0,158539,158539,0,                       0,158541
6447,158540,0,                       0,158540,158540,0,                       0,158540
6448,158541,0,                       0,158539,158539,0,                       0,158541
6449,158540,0,                       0,158540,158540,0,                       0,158540
6450,158539,0,                       0,158541,158541,0,                       0,158539
6451,158538,0,                       0,158542,158542,0,                       0,158538
6452,158539,0,                       0,158541,158541,0,                       0,158539
6453,158540,0,                       0,158540,158540,0,                       0,158540
6454,158541,0,                       0,158539,158539,0,                       0,158541
6455,158542,0,                       0,158538,158538,0,                       0,158542
6456,158543,0,                       0,158537,158537,0,                       0,158543
6457,158542,0,                       0,158538,158538,0,                       0,158542
6458,158541,0,                       0,158539,158539,0,                       0,158541
6459,158540,0,                       0,158540,158540,0,                       0,158540
6460,158539,0,                       0,158541,158541,0,                       0,158539
6461,158540,0,                       0,158540,158540,0,                       0,158540
6462,158539,0,                       0,158541,158541,0,                       0,158539
6463,158540,0,                       0,158540,158540,0,                       0,158540
6464,158539,0,                       0,158541,158541,0,                       0,158539
6465,158538,0,                       0,158542,158542,0,                       0,158538
6466,158539,0,                       0,158541,158541,0,                       0,158539
6467,158540,0,                       0,158540,158540,0,                       0,158540
6468,158541,0,                       0,158539,158539,0,                       0,158541
6469,158542,0,                       0,158538,158538,0,                       0,158542
6470,158541,0,                       0,158539,158539,0,                       0,158541
6471,158540,0,                       0,158540,158540,0,                       0,158540
6472,158539,0,                       0,158541,158541,0,                       0,158539
6473,158540,0,                       0,158540,158540,0,                       0,158540
6474,158539,0,                       0,158541,158541,0,                       0,158539
6475,158540,0,                       0,158540,158540,0,                       0,158540
6476,158539,0,                       0,158541,158541,0,                       0,158539
6477,158540,0,                       0,158540,158540,0,                       0,158540
6478,158541,0,                       0,158539,158539,0,                       0,158541
6479,158540,0,                       0,158540,158540,0,                       0,158540
6480,158539,0,                       0,158541,158541,0,                       0,158539
6481,158540,0,                       0,158540,158540,0,                       0,158540
6482,158541,0,                       0,158539,158539,0,                       0,158541
6483,158540,0,                       0,158540,158540,0,                       0,158540
6484,158539,0,                       0,158541,158541,0,                       0,158539
6485,158540,0,                       0,158540,158540,0,                       0,158540
6486,158541,0,                       0,158539,158539,0,                       0,158541
6487,158540,0,                       0,158540,158540,0,                       0,158540
6488,158541,0,                       0,158539,158539,0,                       0,158541
6489,158540,0,                       0,158540,158540,0,                       0,158540
6490,158539,0,                       0,158541,158541,0,                       0,158539
6491,158538,0,                       0,158542,158542,0,                       0,158538
6492,158537,0,                       0,158543,158543,0,                       0,158537
6493,158538,0,                       0,158542,158542,0,                       0,158538
6494,158537,0,                       0,158543,158543,0,                       0,158537
6495,158538,0,                       0,158542,158542,0,                       0,158538
6496,158539,0,                       0,158541,158541,0,                       0,158539
6497,158540,0,                       0,158540,158540,0,                       0,158540
6498,158539,0,                       0,158541,158541,0,                       0,158539
6499,158540,0,                       0,158540,158540,0,                       0,158540
6500,158539,0,                       0,158541,158541,0,                       0,158539
6501,158540,0,                       0,158540,158540,0,                       0,158540
6502,158539,0,                       0,158541,158541,0,                       0,158539
6503,158540,0,                       0,158540,158540,0,                       0,158540
6504,158541,0,                       0,158539,158539,0,                       0,158541
6505,158540,0,                       0,158540,158540,0,                       0,158540
6506,158539,0,                       0,158541,158541,0,                       0,158539
6507,158540,0,                       0,158540,158540,0,                       0,158540
6508,158539,0,                       0,158541,158541,0,                       0,158539
6509,158538,0,                       0,158542,158542,0,                       0,158538
6510,158537,0,                       0,158543,158543,0,                       0,158537
6511,158538,0,                       0,158542,158542,0,                       0,158538
6512,158539,0,                       0,158541,158541,0,                       0,158539
6513,158538,0,                       0,158542,158542,0,                       0,158538
6514,158537,0,                       0,158543,158543,0,                       0,158537
6515,158538,0,                       0,158542,158542,0,                       0,158538
6516,158539,0,                       0,158541,158541,0,                       0,158539
6517,158538,0,                       0,158542,158542,0,                       0,158538
6518,158537,0,                       0,158543,158543,0,                       0,158537
6519,158538,0,                       0,158542,158542,0,                       0,158538
6520,158539,0,                       0,158541,158541,0,                       0,158539
6521,158540,0,                       0,158540,158540,0,                       0,158540
6522,158539,0,                       0,158541,158541,0,                       0,158539
6523,158540,0,                       0,158540,158540,0,                       0,158540
6524,158541,0,                       0,158539,158539,0,                       0,158541
6525,158540,0,                       0,158540,158540,0,                       0,158540
6526,158539,0,                       0,158541,158541,0,                       0,158539
6527,158538,0,                       0,158542,158542,0,                       0,158538
6528,158539,0,                       0,158541,158541,0,                       0,158539
6529,158538,0,                       0,158542,158542,0,                       0,158538
6530,158537,0,                       0,158543,158543,0,                       0,158537
6531,158538,0,                       0,158542,158542,0,                       0,158538
6532,158539,0,                       0,158541,158541,0,                       0,158539
6533,158538,0,                       0,158542,158542,0,                       0,158538
6534,158537,0,                       0,158543,158543,0,                       0,158537
6535,158536,0,                       0,158544,158544,0,                       0,158536
6536,158535,0,                       0,158545,158545,0,                       0,158535
6537,158534,0,                       0,158546,158546,0,                       0,158534
6538,158533,0,                       0,158547,158547,0,                       0,158533
6539,158532,0,                       0,158548,158548,0,                       0,158532
6540,158531,0,                       0,158549,158549,0,                       0,158531
6541,158530,0,                       0,158550,158550,0,                       0,158530
6542,158531,0,                       0,158549,158549,0,                       0,158531
6543,158532,0,                       0,158548,158548,0,                       0,158532
6544,158533,0,                       0,158547,158547,0,                       0,158533
6545,158534,0,                       0,158546,158546,0,                       0,158534
6546,158535,0,                       0,158545,158545,0,                       0,158535
6547,158536,0,                       0,158544,158544,0,                       0,158536
6548,158537,0,                       0,158543,158543,0,                       0,158537
6549,158538,0,                       0,158542,158542,0,                       0,158538
6550,158539,0,                       0,158541,158541,0,                       0,158539
6551,158540,0,                       0,158540,158540,0,                       0,158540
6552,158541,0,                       0,158539,158539,0,                       0,158541
6553,158542,0,                       0,158538,158538,0,                       0,158542
6554,158543,0,                       0,158537,158537,0,                       0,158543
6555,158542,0,                       0,158538,158538,0,                       0,158542
6556,158541,0,                       0,158539,158539,0,                       0,158541
6557,158542,0,                       0,158538,158538,0,                       0,158542
6558,158543,0,                       0,158537,158537,0,                       0,158543
6559,158542,0,                       0,158538,158538,0,                       0,158542
6560,158541,0,                       0,158539,158539,0,                       0,158541
6561,158542,0,                       0,158538,158538,0,                       0,158542
6562,158541,0,                       0,158539,158539,0,                       0,158541
6563,158540,0,                       0,158540,158540,0,                       0,158540
6564,158541,0,                       0,158539,158539,0,                       0,158541
6565,158542,0,                       0,158538,158538,0,                       0,158542
6566,158541,0,                       0,158539,158539,0,                       0,158541
6567,158540,0,                       0,158540,158540,0,                       0,158540
6568,158539,0,                       0,158541,158541,0,                       0,158539
6569,158540,0,                       0,158540,158540,0,                       0,158540
6570,158541,0,                       0,158539,158539,0,                       0,158541
6571,158540,0,                       0,158540,158540,0,                       0,158540
6572,158541,0,                       0,158539,158539,0,                       0,158541
6573,158542,0,                       0,158538,158538,0,                       0,158542
6574,158541,0,                       0,158539,158539,0,                       0,158541
6575,158540,0,                       0,158540,158540,0,                       0,158540
6576,158541,0,                       0,158539,158539,0,                       0,158541
6577,158540,0,                       0,158540,158540,0,                       0,158540
6578,158539,0,                       0,158541,158541,0,                       0,158539
6579,158538,0,                       0,158542,158542,0,                       0,158538
6580,158537,0,                       0,158543,158543,0,                       0,158537
6581,158536,0,                       0,158544,158544,0,                       0,158536
6582,158535,0,                       0,158545,158545,0,                       0,158535
6583,158534,0,                       0,158546,158546,0,                       0,158534
6584,158533,0,                       0,158547,158547,0,                       0,158533
6585,158532,0,                       0,158548,158548,0,                       0,158532
6586,158533,0,                       0,158547,158547,0,                       0,158533
6587,158534,0,                       0,158546,158546,0,                       0,158534
6588,158535,0,                       0,158545,158545,0,                       0,158535
6589,158536,0,                       0,158544,158544,0,                       0,158536
6590,158537,0,                       0,158543,158543,0,                       0,158537
6591,158538,0,                       0,158542,158542,0,                       0,158538
6592,158539,0,                       0,158541,158541,0,                       0,158539
6593,158540,0,                       0,158540,158540,0,                       0,158540
6594,158541,0,                       0,158539,158539,0,                       0,158541
6595,158540,0,                       0,158540,158540,0,                       0,158540
6596,158539,0,                       0,158541,158541,0,                       0,158539
6597,158540,0,                       0,158540,158540,0,                       0,158540
6598,158539,0,                       0,158541,158541,0,                       0,158539
6599,158540,0,                       0,158540,158540,0,                       0,158540
6600,158539,0,                       0,158541,158541,0,                       0,158539
6601,158540,0,                       0,158540,158540,0,                       0,158540
6602,158539,0,                       0,158541,158541,0,                       0,158539
6603,158540,0,                       0,158540,158540,0,                       0,158540
6604,158541,0,                       0,158539,158539,0,                       0,158541
6605,158540,0,                       0,158540,158540,0,                       0,158540
6606,158539,0,                       0,158541,158541,0,                       0,158539
6607,158538,0,                       0,158542,158542,0,                       0,158538
6608,158539,0,                       0,158541,158541,0,                       0,158539
6609,158540,0,                       0,158540,158540,0,                       0,158540
6610,158539,0,                       0,158541,158541,0,                       0,158539
6611,158538,0,                       0,158542,158542,0,                       0,158538
6612,158539,0,                       0,158541,158541,0,                       0,158539
6613,158540,0,                       0,158540,158540,0,                       0,158540
6614,158541,0,                       0,158539,158539,0,                       0,158541
6615,158540,0,                       0,158540,158540,0,                       0,158540
6616,158539,0,                       0,158541,158541,0,                       0,158539
6617,158540,0,                       0,158540,158540,0,                       0,158540
6618,158539,0,                       0,158541,158541,0,                       0,158539
6619,158538,0,                       0,158542,158542,0,                       0,158538
6620,158539,0,                       0,158541,158541,0,                       0,158539
6621,158540,0,                       0,158540,158540,0,                       0,158540
6622,158541,0,                       0,158539,158539,0,                       0,158541
6623,158540,0,                       0,158540,158540,0,                       0,158540
6624,158539,0,                       0,158541,158541,0,                       0,158539
6625,158540,0,                       0,158540,158540,0,                       0,158540
6626,158541,0,                       0,158539,158539,0,                       0,158541
6627,158542,0,                       0,158538,158538,0,                       0,158542
6628,158541,0,                       0,158539,158539,0,                       0,158541
6629,158542,0,                       0,158538,158538,0,                       0,158542
6630,158541,0,                       0,158539,158539,0,                       0,158541
6631,158540,0,                       0,158540,158540,0,                       0,158540
6632,158541,0,                       0,158539,158539,0,                       0,158541
6633,158540,0,                       0,158540,158540,0,                       0,158540
6634,158541,0,                       0,158539,158539,0,                       0,158541
6635,158540,0,                       0,158540,158540,0,                       0,158540
6636,158541,0,                       0,158539,158539,0,                       0,158541
6637,158540,0,                       0,158540,158540,0,                       0,158540
6638,158539,0,                       0,158541,158541,0,                       0,158539
6639,158538,0,                       0,158542,158542,0,                       0,158538
6640,158539,0,                       0,158541,158541,0,                       0,158539
6641,158540,0,                       0,158540,158540,0,                       0,158540
6642,158539,0,                       0,158541,158541,0,                       0,158539
6643,158540,0,                       0,158540,158540,0,                       0,158540
6644,158539,0,                       0,158541,158541,0,                       0,158539
6645,158540,0,                       0,158540,158540,0,                       0,158540
6646,158541,0,                       0,158539,158539,0,                       0,158541
6647,158540,0,                       0,158540,158540,0,                       0,158540
6648,158539,0,                       0,158541,158541,0,                       0,158539
6649,158540,0,                       0,158540,158540,0,                       0,158540
6650,158541,0,                       0,158539,158539,0,                       0,158541
6651,158540,0,                       0,158540,158540,0,                       0,158540
6652,158541,0,                       0,158539,158539,0,                       0,158541
6653,158542,0,                       0,158538,158538,0,                       0,158542
6654,158541,0,                       0,158539,158539,0,                       0,158541
6655,158540,0,                       0,158540,158540,0,                       0,158540
6656,158539,0,                       0,158541,158541,0,                       0,158539
6657,158540,0,                       0,158540,158540,0,                       0,158540
6658,158539,0,                       0,158541,158541,0,                       0,158539
6659,158540,0,                       0,158540,158540,0,                       0,158540
6660,158539,0,                       0,158541,158541,0,                       0,158539
6661,158538,0,                       0,158542,158542,0,                       0,158538
6662,158539,0,                       0,158541,158541,0,                       0,158539
6663,158538,0,                       0,158542,158542,0,                       0,158538
6664,158539,0,                       0,158541,158541,0,                       0,158539
6665,158540,0,                       0,158540,158540,0,                       0,158540
6666,158541,0,                       0,158539,158539,0,                       0,158541
6667,158540,0,                       0,158540,158540,0,                       0,158540
6668,158539,0,                       0,158541,158541,0,                       0,158539
6669,158540,0,                       0,158540,158540,0,                       0,158540
6670,158539,0,                       0,158541,158541,0,                       0,158539
6671,158540,0,                       0,158540,158540,0,                       0,158540
6672,158541,0,                       0,158539,158539,0,                       0,158541
6673,158540,0,                       0,158540,158540,0,                       0,158540
6674,158539,0,                       0,158541,158541,0,                       0,158539
6675,158540,0,                       0,158540,158540,0,                       0,158540
6676,158539,0,                       0,158541,158541,0,                       0,158539
6677,158540,0,                       0,158540,158540,0,                       0,158540
6678,158539,0,                       0,158541,158541,0,                       0,158539
6679,158540,0,                       0,158540,158540,0,                       0,158540
6680,158541,0,                       0,158539,158539,0,                       0,158541
6681,158542,0,                       0,158538,158538,0,                       0,158542
6682,158543,0,                       0,158537,158537,0,                       0,158543
6683,158542,0,                       0,158538,158538,0,                       0,158542
6684,158541,0,                       0,158539,158539,0,                       0,158541
6685,158542,0,                       0,158538,158538,0,                       0,158542
6686,158541,0,                       0,158539,158539,0,                       0,158541
6687,158540,0,                       0,158540,158540,0,                       0,158540
6688,158539,0,                       0,158541,158541,0,                       0,158539
6689,158540,0,                       0,158540,158540,0,                       0,158540
6690,158541,0,                       0,158539,158539,0,                       0,158541
6691,158540,0,                       0,158540,158540,0,                       0,158540
6692,158539,0,                       0,158541,158541,0,                       0,158539
6693,158538,0,                       0,158542,158542,0,                       0,158538
6694,158539,0,                       0,158541,158541,0,                       0,158539
6695,158538,0,                       0,158542,158542,0,                       0,158538
6696,158537,0,                       0,158543,158543,0,                       0,158537
6697,158538,0,                       0,158542,158542,0,                       0,158538
6698,158537,0,                       0,158543,158543,0,                       0,158537
6699,158536,0,                       0,158544,158544,0,                       0,158536
6700,158535,0,                       0,158545,158545,0,                       0,158535
6701,158536,0,                       0,158544,158544,0,                       0,158536
6702,158537,0,                       0,158543,158543,0,                       0,158537
6703,158538,0,                       0,158542,158542,0,                       0,158538
6704,158539,0,                       0,158541,158541,0,                       0,158539
6705,158540,0,                       0,158540,158540,0,                       0,158540
6706,158541,0,                       0,158539,158539,0,                       0,158541
6707,158540,0,                       0,158540,158540,0,                       0,158540
6708,158539,0,                       0,158541,158541,0,                       0,158539
6709,158540,0,                       0,158540,158540,0,                       0,158540
6710,158541,0,                       0,158539,158539,0,                       0,158541
6711,158542,0,                       0,158538,158538,0,                       0,158542
6712,158541,0,                       0,158539,158539,0,                       0,158541
6713,158542,0,                       0,158538,158538,0,                       0,158542
6714,158541,0,                       0,158539,158539,0,                       0,158541
6715,158540,0,                       0,158540,158540,0,                       0,158540
6716,158539,0,                       0,158541,158541,0,                       0,158539
6717,158540,0,                       0,158540,158540,0,                       0,158540
6718,158541,0,                       0,158539,158539,0,                       0,158541
6719,158540,0,                       0,158540,158540,0,                       0,158540
6720,158541,0,                       0,158539,158539,0,                       0,158541
6721,158540,0,                       0,158540,158540,0,                       0,158540
6722,158539,0,                       0,158541,158541,0,                       0,158539
6723,158540,0,                       0,158540,158540,0,                       0,158540
6724,158541,0,                       0,158539,158539,0,                       0,158541
6725,158542,0,                       0,158538,158538,0,                       0,158542
6726,158541,0,                       0,158539,158539,0,                       0,158541
6727,158540,0,                       0,158540,158540,0,                       0,158540
6728,158541,0,                       0,158539,158539,0,                       0,158541
6729,158540,0,                       0,158540,158540,0,                       0,158540
6730,158541,0,                       0,158539,158539,0,                       0,158541
6731,158542,0,                       0,158538,158538,0,                       0,158542
6732,158541,0,                       0,158539,158539,0,                       0,158541
6733,158540,0,                       0,158540,158540,0,                       0,158540
6734,158539,0,                       0,158541,158541,0,                       0,158539
6735,158540,0,                       0,158540,158540,0,                       0,158540
6736,158541,0,                       0,158539,158539,0,                       0,158541
6737,158542,0,                       0,158538,158538,0,                       0,158542
6738,158541,0,                       0,158539,158539,0,                       0,158541
6739,158540,0,                       0,158540,158540,0,                       0,158540
6740,158541,0,                       0,158539,158539,0,                       0,158541
6741,158542,0,                       0,158538,158538,0,                       0,158542
6742,158541,0,                       0,158539,158539,0,                       0,158541
6743,158540,0,                       0,158540,158540,0,                       0,158540
6744,158541,0,                       0,158539,158539,0,                       0,158541
6745,158542,0,                       0,158538,158538,0,                       0,158542
6746,158541,0,                       0,158539,158539,0,                       0,158541
6747,158540,0,                       0,158540,158540,0,                       0,158540
6748,158541,0,                       0,158539,158539,0,                       0,158541
6749,158540,0,                       0,158540,158540,0,                       0,158540
6750,158539,0,                       0,158541,158541,0,                       0,158539
6751,158540,0,                       0,158540,158540,0,                       0,158540
6752,158541,0,                       0,158539,158539,0,                       0,158541
6753,158540,0,                       0,158540,158540,0,                       0,158540
6754,158541,0,                       0,158539,158539,0,                       0,158541
6755,158542,0,                       0,158538,158538,0,                       0,158542
6756,158541,0,                       0,158539,158539,0,                       0,158541
6757,158540,0,                       0,158540,158540,0,                       0,158540
6758,158541,0,                       0,158539,158539,0,                       0,158541
6759,158540,0,                       0,158540,158540,0,                       0,158540
6760,158541,0,                       0,158539,158539,0,                       0,158541
6761,158542,0,                       0,158538,158538,0,                       0,158542
6762,158543,0,                       0,158537,158537,0,                       0,158543
6763,158542,0,                       0,158538,158538,0,                       0,158542
6764,158541,0,                       0,158539,158539,0,                       0,158541
6765,158540,0,                       0,158540,158540,0,                       0,158540
6766,158539,0,                       0,158541,158541,0,                       0,158539
6767,158540,0,                       0,158540,158540,0,                       0,158540
6768,158539,0,                       0,158541,158541,0,                       0,158539
6769,158538,0,                       0,158542,158542,0,                       0,158538
6770,158539,0,                       0,158541,158541,0,                       0,158539
6771,158540,0,                       0,158540,158540,0,                       0,158540
6772,158539,0,                       0,158541,158541,0,                       0,158539
6773,158538,0,                       0,158542,158542,0,                       0,158538
6774,158539,0,                       0,158541,158541,0,                       0,158539
6775,158538,0,                       0,158542,158542,0,                       0,158538
6776,158539,0,                       0,158541,158541,0,                       0,158539
6777,158538,0,                       0,158542,158542,0,                       0,158538
6778,158539,0,                       0,158541,158541,0,                       0,158539
6779,158538,0,                       0,158542,158542,0,                       0,158538
6780,158537,0,                       0,158543,158543,0,                       0,158537
6781,158538,0,                       0,158542,158542,0,                       0,158538
6782,158539,0,                       0,158541,158541,0,                       0,158539
6783,158538,0,                       0,158542,158542,0,                       0,158538
6784,158537,0,                       0,158543,158543,0,                       0,158537
6785,158538,0,                       0,158542,158542,0,                       0,158538
6786,158537,0,                       0,158543,158543,0,                       0,158537
6787,158538,0,                       0,158542,158542,0,                       0,158538
6788,158539,0,                       0,158541,158541,0,                       0,158539
6789,158540,0,                       0,158540,158540,0,                       0,158540
6790,158541,0,                       0,158539,158539,0,                       0,158541
6791,158542,0,                       0,158538,158538,0,                       0,158542
6792,158541,0,                       0,158539,158539,0,                       0,158541
6793,158542,0,                       0,158538,158538,0,                       0,158542
6794,158543,0,                       0,158537,158537,0,                       0,158543
6795,158544,0,                       0,158536,158536,0,                       0,158544
6796,158543,0,                       0,158537,158537,0,                       0,158543
6797,158542,0,                       0,158538,158538,0,                       0,158542
6798,158541,0,                       0,158539,158539,0,                       0,158541
6799,158540,0,                       0,158540,158540,0,                       0,158540
6800,158539,0,                       0,158541,158541,0,                       0,158539
6801,158540,0,                       0,158540,158540,0,                       0,158540
6802,158541,0,                       0,158539,158539,0,                       0,158541
6803,158542,0,                       0,158538,158538,0,                       0,158542
6804,158541,0,                       0,158539,158539,0,                       0,158541
6805,158540,0,                       0,158540,158540,0,                       0,158540
6806,158539,0,                       0,158541,158541,0,                       0,158539
6807,158540,0,                       0,158540,158540,0,                       0,158540
6808,158541,0,                       0,158539,158539,0,                       0,158541
6809,158542,0,                       0,158538,158538,0,                       0,158542
6810,158543,0,                       0,158537,158537,0,                       0,158543
6811,158544,0,                       0,158536,158536,0,                       0,158544
6812,158543,0,                       0,158537,158537,0,                       0,158543
6813,158542,0,                       0,158538,158538,0,                       0,158542
6814,158543,0,                       0,158537,158537,0,                       0,158543
6815,158542,0,                       0,158538,158538,0,                       0,158542
6816,158543,0,                       0,158537,158537,0,                       0,158543
6817,158542,0,                       0,158538,158538,0,                       0,158542
6818,158541,0,                       0,158539,158539,0,                       0,158541
6819,158542,0,                       0,158538,158538,0,                       0,158542
6820,158541,0,                       0,158539,158539,0,                       0,158541
6821,158540,0,                       0,158540,158540,0,                       0,158540
6822,158541,0,                       0,158539,158539,0,                       0,158541
6823,158540,0,                       0,158540,158540,0,                       0,158540
6824,158541,0,                       0,158539,158539,0,                       0,158541
6825,158542,0,                       0,158538,158538,0,                       0,158542
6826,158543,0,                       0,158537,158537,0,                       0,158543
6827,158542,0,                       0,158538,158538,0,                       0,158542
6828,158541,0,                       0,158539,158539,0,                       0,158541
6829,158540,0,                       0,158540,158540,0,                       0,158540
6830,158541,0,                       0,158539,158539,0,                       0,158541
6831,158540,0,                       0,158540,158540,0,                       0,158540
6832,158541,0,                       0,158539,158539,0,                       0,158541
6833,158540,0,                       0,158540,158540,0,                       0,158540
6834,158539,0,                       0,158541,158541,0,                       0,158539
6835,158540,0,                       0,158540,158540,0,                       0,158540
6836,158541,0,                       0,158539,158539,0,                       0,158541
6837,158542,0,                       0,158538,158538,0,                       0,158542
6838,158543,0,                       0,158537,158537,0,                       0,158543
6839,158542,0,                       0,158538,158538,0,                       0,158542
6840,158541,0,                       0,158539,158539,0,                       0,158541
6841,158540,0,                       0,158540,158540,0,                       0,158540
6842,158539,0,                       0,158541,158541,0,                       0,158539
6843,158538,0,                       0,158542,158542,0,                       0,158538
6844,158539,0,                       0,158541,158541,0,                       0,158539
6845,158538,0,                       0,158542,158542,0,                       0,158538
6846,158539,0,                       0,158541,158541,0,                       0,158539
6847,158540,0,                       0,158540,158540,0,                       0,158540
6848,158541,0,                       0,158539,158539,0,                       0,158541
6849,158542,0,                       0,158538,158538,0,                       0,158542
6850,158541,0,                       0,158539,158539,0,                       0,158541
6851,158542,0,                       0,158538,158538,0,                       0,158542
6852,158541,0,                       0,158539,158539,0,                       0,158541
6853,158540,0,                       0,158540,158540,0,                       0,158540
6854,158541,0,                       0,158539,158539,0,                       0,158541
6855,158542,0,                       0,158538,158538,0,                       0,158542
6856,158541,0,                       0,158539,158539,0,                       0,158541
6857,158540,0,                       0,158540,158540,0,                       0,158540
6858,158541,0,                       0,158539,158539,0,                       0,158541
6859,158542,0,                       0,158538,158538,0,                       0,158542
6860,158541,0,                       0,158539,158539,0,                       0,158541
6861,158540,0,                       0,158540,158540,0,                       0,158540
6862,158539,0,                       0,158541,158541,0,                       0,158539
6863,158540,0,                       0,158540,158540,0,                       0,158540
6864,158539,0,                       0,158541,158541,0,                       0,158539
6865,158538,0,                       0,158542,158542,0,                       0,158538
6866,158539,0,                       0,158541,158541,0,                       0,158539
6867,158540,0,                       0,158540,158540,0,                       0,158540
6868,158539,0,                       0,158541,158541,0,                       0,158539
6869,158538,0,                       0,158542,158542,0,                       0,158538
6870,158539,0,                       0,158541,158541,0,                       0,158539
6871,158540,0,                       0,158540,158540,0,                       0,158540
6872,158539,0,                       0,158541,158541,0,                       0,158539
6873,158540,0,                       0,158540,158540,0,                       0,158540
6874,158539,0,                       0,158541,158541,0,                       0,158539
6875,158540,0,                       0,158540,158540,0,                       0,158540
6876,158539,0,                       0,158541,158541,0,                       0,158539
6877,158538,0,                       0,158542,158542,0,                       0,158538
6878,158539,0,                       0,158541,158541,0,                       0,158539
6879,158540,0,                       0,158540,158540,0,                       0,158540
6880,158539,0,                       0,158541,158541,0,                       0,158539
6881,158538,0,                       0,158542,158542,0,                       0,158538
6882,158539,0,                       0,158541,158541,0,                       0,158539
6883,158538,0,                       0,158542,158542,0,                       0,158538
6884,158539,0,                       0,158541,158541,0,                       0,158539
6885,158538,0,                       0,158542,158542,0,                       0,158538
6886,158539,0,                       0,158541,158541,0,                       0,158539
6887,158538,0,                       0,158542,158542,0,                       0,158538
6888,158537,0,                       0,158543,158543,0,                       0,158537
6889,158538,0,                       0,158542,158542,0,                       0,158538
6890,158539,0,                       0,158541,158541,0,                       0,158539
6891,158540,0,                       0,158540,158540,0,                       0,158540
6892,158539,0,                       0,158541,158541,0,                       0,158539
6893,158540,0,                       0,158540,158540,0,                       0,158540
6894,158539,0,                       0,158541,158541,0,                       0,158539
6895,158540,0,                       0,158540,158540,0,                       0,158540
6896,158541,0,                       0,158539,158539,0,                       0,158541
6897,158542,0,                       0,158538,158538,0,                       0,158542
6898,158541,0,                       0,158539,158539,0,                       0,158541
6899,158540,0,                       0,158540,158540,0,                       0,158540
6900,158541,0,                       0,158539,158539,0,                       0,158541
6901,158540,0,                       0,158540,158540,0,                       0,158540
6902,158539,0,                       0,158541,158541,0,                       0,158539
6903,158538,0,                       0,158542,158542,0,                       0,158538
6904,158537,0,                       0,158543,158543,0,                       0,158537
6905,158538,0,                       0,158542,158542,0,                       0,158538
6906,158537,0,                       0,158543,158543,0,                       0,158537
6907,158538,0,                       0,158542,158542,0,                       0,158538
6908,158539,0,                       0,158541,158541,0,                       0,158539
6909,158540,0,                       0,158540,158540,0,                       0,158540
6910,158539,0,                       0,158541,158541,0,                       0,158539
6911,158538,0,                       0,158542,158542,0,                       0,158538
6912,158537,0,                       0,158543,158543,0,                       0,158537
6913,158538,0,                       0,158542,158542,0,                       0,158538
6914,158539,0,                       0,158541,158541,0,                       0,158539
6915,158540,0,                       0,158540,158540,0,                       0,158540
6916,158541,0,                       0,158539,158539,0,                       0,158541
6917,158540,0,                       0,158540,158540,0,                       0,158540
6918,158541,0,                       0,158539,158539,0,                       0,158541
6919,158540,0,                       0,158540,158540,0,                       0,158540
6920,158541,0,                       0,158539,158539,0,                       0,158541
6921,158540,0,                       0,158540,158540,0,                       0,158540
6922,158539,0,                       0,158541,158541,0,                       0,158539
6923,158538,0,                       0,158542,158542,0,                       0,158538
6924,158537,0,                       0,158543,158543,0,                       0,158537
6925,158538,0,                       0,158542,158542,0,                       0,158538
6926,158539,0,                       0,158541,158541,0,                       0,158539
6927,158540,0,                       0,158540,158540,0,                       0,158540
6928,158541,0,                       0,158539,158539,0,                       0,158541
6929,158540,0,                       0,158540,158540,0,                       0,158540
6930,158541,0,                       0,158539,158539,0,                       0,158541
6931,158540,0,                       0,158540,158540,0,                       0,158540
6932,158541,0,                       0,158539,158539,0,                       0,158541
6933,158540,0,                       0,158540,158540,0,                       0,158540
6934,158541,0,                       0,158539,158539,0,                       0,158541
6935,158542,0,                       0,158538,158538,0,                       0,158542
6936,158543,0,                       0,158537,158537,0,                       0,158543
6937,158542,0,                       0,158538,158538,0,                       0,158542
6938,158541,0,                       0,158539,158539,0,                       0,158541
6939,158540,0,                       0,158540,158540,0,                       0,158540
6940,158541,0,                       0,158539,158539,0,                       0,158541
6941,158542,0,                       0,158538,158538,0,                       0,158542
6942,158541,0,                       0,158539,158539,0,                       0,158541
6943,158540,0,                       0,158540,158540,0,                       0,158540
6944,158539,0,                       0,158541,158541,0,                       0,158539
6945,158540,0,                       0,158540,158540,0,                       0,158540
6946,158539,0,                       0,158541,158541,0,                       0,158539
6947,158538,0,                       0,158542,158542,0,                       0,158538
6948,158539,0,                       0,158541,158541,0,                       0,158539
6949,158540,0,                       0,158540,158540,0,                       0,158540
6950,158539,0,                       0,158541,158541,0,                       0,158539
6951,158540,0,                       0,158540,158540,0,                       0,158540
6952,158539,0,                       0,158541,158541,0,                       0,158539
6953,158540,0,                       0,158540,158540,0,                       0,158540
6954,158539,0,                       0,158541,158541,0,                       0,158539
6955,158540,0,                       0,158540,158540,0,                       0,158540
6956,158539,0,                       0,158541,158541,0,                       0,158539
6957,158540,0,                       0,158540,158540,0,                       0,158540
6958,158541,0,                       0,158539,158539,0,                       0,158541
6959,158542,0,                       0,158538,158538,0,                       0,158542
6960,158541,0,                       0,158539,158539,0,                       0,158541
6961,158542,0,                       0,158538,158538,0,                       0,158542
6962,158541,0,                       0,158539,158539,0,                       0,158541
6963,158540,0,                       0,158540,158540,0,                       0,158540
6964,158541,0,                       0,158539,158539,0,                       0,158541
6965,158542,0,                       0,158538,158538,0,                       0,158542
6966,158541,0,                       0,158539,158539,0,                       0,158541
6967,158540,0,                       0,158540,158540,0,                       0,158540
6968,158541,0,                       0,158539,158539,0,                       0,158541
6969,158540,0,                       0,158540,158540,0,                       0,158540
6970,158541,0,                       0,158539,158539,0,                       0,158541
6971,158542,0,                       0,158538,158538,0,                       0,158542
6972,158541,0,                       0,158539,158539,0,                       0,158541
6973,158542,0,                       0,158538,158538,0,                       0,158542
6974,158541,0,                       0,158539,158539,0,                       0,158541
6975,158540,0,                       0,158540,158540,0,                       0,158540
6976,158541,0,                       0,158539,158539,0,                       0,158541
6977,158540,0,                       0,158540,158540,0,                       0,158540
6978,158539,0,                       0,158541,158541,0,                       0,158539
6979,158540,0,                       0,158540,158540,0,                       0,158540
6980,158541,0,                       0,158539,158539,0,                       0,158541
6981,158540,0,                       0,158540,158540,0,                       0,158540
6982,158541,0,                       0,158539,158539,0,                       0,158541
6983,158542,0,                       0,158538,158538,0,                       0,158542
6984,158541,0,                       0,158539,158539,0,                       0,158541
6985,158540,0,                       0,158540,158540,0,                       0,158540
6986,158539,0,                       0,158541,158541,0,                       0,158539
6987,158540,0,                       0,158540,158540,0,                       0,158540
6988,158541,0,                       0,158539,158539,0,                       0,158541
6989,158540,0,                       0,158540,158540,0,                       0,158540
6990,158541,0,                       0,158539,158539,0,                       0,158541
6991,158540,0,                       0,158540,158540,0,                       0,158540
6992,158541,0,                       0,158539,158539,0,                       0,158541
6993,158540,0,                       0,158540,158540,0,                       0,158540
6994,158541,0,                       0,158539,158539,0,                       0,158541
6995,158540,0,                       0,158540,158540,0,                       0,158540
6996,158539,0,                       0,158541,158541,0,                       0,158539
6997,158540,0,                       0,158540,158540,0,                       0,158540
6998,158541,0,                       0,158539,158539,0,                       0,158541
6999,158540,0,                       0,158540,158540,0,                       0,158540
7000,158539,0,                       0,158541,158541,0,                       0,158539
7001,158540,0,                       0,158540,158540,0,                       0,158540
7002,158539,0,                       0,158541,158541,0,                       0,158539
7003,158540,0,                       0,158540,158540,0,                       0,158540
7004,158541,0,                       0,158539,158539,0,                       0,158541
7005,158540,0,                       0,158540,158540,0,                       0,158540
7006,158541,0,                       0,158539,158539,0,                       0,158541
7007,158540,0,                       0,158540,158540,0,                       0,158540
7008,158541,0,                       0,158539,158539,0,                       0,158541
7009,158540,0,                       0,158540,158540,0,                       0,158540
7010,158539,0,                       0,158541,158541,0,                       0,158539
7011,158540,0,                       0,158540,158540,0,                       0,158540
7012,158539,0,                       0,158541,158541,0,                       0,158539
7013,158540,0,                       0,158540,158540,0,                       0,158540
7014,158539,0,                       0,158541,158541,0,                       0,158539
7015,158540,0,                       0,158540,158540,0,                       0,158540
7016,158541,0,                       0,158539,158539,0,                       0,158541
7017,158540,0,                       0,158540,158540,0,                       0,158540
7018,158541,0,                       0,158539,158539,0,                       0,158541
7019,158542,0,                       0,158538,158538,0,                       0,158542
7020,158541,0,                       0,158539,158539,0,                       0,158541
7021,158542,0,                       0,158538,158538,0,                       0,158542
7022,158541,0,                       0,158539,158539,0,                       0,158541
7023,158540,0,                       0,158540,158540,0,                       0,158540
7024,158539,0,                       0,158541,158541,0,                       0,158539
7025,158540,0,                       0,158540,158540,0,                       0,158540
7026,158541,0,                       0,158539,158539,0,                       0,158541
7027,158540,0,                       0,158540,158540,0,                       0,158540
7028,158539,0,                       0,158541,158541,0,                       0,158539
7029,158538,0,                       0,158542,158542,0,                       0,158538
7030,158537,0,                       0,158543,158543,0,                       0,158537
7031,158538,0,                       0,158542,158542,0,                       0,158538
7032,158539,0,                       0,158541,158541,0,                       0,158539
7033,158540,0,                       0,158540,158540,0,                       0,158540
7034,158539,0,                       0,158541,158541,0,                       0,158539
7035,158540,0,                       0,158540,158540,0,                       0,158540
7036,158539,0,                       0,158541,158541,0,                       0,158539
7037,158540,0,                       0,158540,158540,0,                       0,158540
7038,158541,0,                       0,158539,158539,0,                       0,158541
7039,158542,0,                       0,158538,158538,0,                       0,158542
7040,158541,0,                       0,158539,158539,0,                       0,158541
7041,158542,0,                       0,158538,158538,0,                       0,158542
7042,158541,0,                       0,158539,158539,0,                       0,158541
7043,158542,0,                       0,158538,158538,0,                       0,158542
7044,158541,0,                       0,158539,158539,0,                       0,158541
7045,158542,0,                       0,158538,158538,0,                       0,158542
7046,158541,0,                       0,158539,158539,0,                       0,158541
7047,158540,0,                       0,158540,158540,0,                       0,158540
7048,158539,0,                       0,158541,158541,0,                       0,158539
7049,158540,0,                       0,158540,158540,0,                       0,158540
7050,158539,0,                       0,158541,158541,0,                       0,158539
7051,158540,0,                       0,158540,158540,0,                       0,158540
7052,158541,0,                       0,158539,158539,0,                       0,158541
7053,158540,0,                       0,158540,158540,0,                       0,158540
7054,158541,0,                       0,158539,158539,0,                       0,158541
7055,158540,0,                       0,158540,158540,0,                       0,158540
7056,158539,0,                       0,158541,158541,0,                       0,158539
7057,158538,0,                       0,158542,158542,0,                       0,158538
7058,158539,0,                       0,158541,158541,0,                       0,158539
7059,158540,0,                       0,158540,158540,0,                       0,158540
7060,158541,0,                       0,158539,158539,0,                       0,158541
7061,158542,0,                       0,158538,158538,0,                       0,158542
7062,158543,0,                       0,158537,158537,0,                       0,158543
7063,158542,0,                       0,158538,158538,0,                       0,158542
7064,158543,0,                       0,158537,158537,0,                       0,158543
7065,158542,0,                       0,158538,158538,0,                       0,158542
7066,158541,0,                       0,158539,158539,0,                       0,158541
7067,158540,0,                       0,158540,158540,0,                       0,158540
7068,158539,0,                       0,158541,158541,0,                       0,158539
7069,158540,0,                       0,158540,158540,0,                       0,158540
7070,158539,0,                       0,158541,158541,0,                       0,158539
7071,158540,0,                       0,158540,158540,0,                       0,158540
7072,158541,0,                       0,158539,158539,0,                       0,158541
7073,158540,0,                       0,158540,158540,0,                       0,158540
7074,158539,0,                       0,158541,158541,0,                       0,158539
7075,158540,0,                       0,158540,158540,0,                       0,158540
7076,158541,0,                       0,158539,158539,0,                       0,158541
7077,158542,0,                       0,158538,158538,0,                       0,158542
7078,158541,0,                       0,158539,158539,0,                       0,158541
7079,158540,0,                       0,158540,158540,0,                       0,158540
7080,158541,0,                       0,158539,158539,0,                       0,158541
7081,158540,0,                       0,158540,158540,0,                       0,158540
7082,158539,0,                       0,158541,158541,0,                       0,158539
7083,158538,0,                       0,158542,158542,0,                       0,158538
7084,158537,0,                       0,158543,158543,0,                       0,158537
7085,158538,0,                       0,158542,158542,0,                       0,158538
7086,158537,0,                       0,158543,158543,0,                       0,158537
7087,158536,0,                       0,158544,158544,0,                       0,158536
7088,158537,0,                       0,158543,158543,0,                       0,158537
7089,158536,0,                       0,158544,158544,0,                       0,158536
7090,158537,0,                       0,158543,158543,0,                       0,158537
7091,158538,0,                       0,158542,158542,0,                       0,158538
7092,158539,0,                       0,158541,158541,0,                       0,158539
7093,158538,0,                       0,158542,158542,0,                       0,158538
7094,158539,0,                       0,158541,158541,0,                       0,158539
7095,158540,0,                       0,158540,158540,0,                       0,158540
7096,158539,0,                       0,158541,158541,0,                       0,158539
7097,158540,0,                       0,158540,158540,0,                       0,158540
7098,158539,0,                       0,158541,158541,0,                       0,158539
7099,158538,0,                       0,158542,158542,0,                       0,158538
7100,158539,0,                       0,158541,158541,0,                       0,158539
7101,158540,0,                       0,158540,158540,0,                       0,158540
7102,158539,0,                       0,158541,158541,0,                       0,158539
7103,158540,0,                       0,158540,158540,0,                       0,158540
7104,158539,0,                       0,158541,158541,0,                       0,158539
7105,158540,0,                       0,158540,158540,0,                       0,158540
7106,158541,0,                       0,158539,158539,0,                       0,158541
7107,158540,0,                       0,158540,158540,0,                       0,158540
7108,158541,0,                       0,158539,158539,0,                       0,158541
7109,158540,0,                       0,158540,158540,0,                       0,158540
7110,158539,0,                       0,158541,158541,0,                       0,158539
7111,158538,0,                       0,158542,158542,0,                       0,158538
7112,158537,0,                       0,158543,158543,0,                       0,158537
7113,158538,0,                       0,158542,158542,0,                       0,158538
7114,158539,0,                       0,158541,158541,0,                       0,158539
7115,158540,0,                       0,158540,158540,0,                       0,158540
7116,158539,0,                       0,158541,158541,0,                       0,158539
7117,158540,0,                       0,158540,158540,0,                       0,158540
7118,158541,0,                       0,158539,158539,0,                       0,158541
7119,158542,0,                       0,158538,158538,0,                       0,158542
7120,158541,0,                       0,158539,158539,0,                       0,158541
7121,158540,0,                       0,158540,158540,0,                       0,158540
7122,158541,0,                       0,158539,158539,0,                       0,158541
7123,158540,0,                       0,158540,158540,0,                       0,158540
7124,158541,0,                       0,158539,158539,0,                       0,158541
7125,158540,0,                       0,158540,158540,0,                       0,158540
7126,158541,0,                       0,158539,158539,0,                       0,158541
7127,158540,0,                       0,158540,158540,0,                       0,158540
7128,158539,0,                       0,158541,158541,0,                       0,158539
7129,158538,0,                       0,158542,158542,0,                       0,158538
7130,158539,0,                       0,158541,158541,0,                       0,158539
7131,158538,0,                       0,158542,158542,0,                       0,158538
7132,158539,0,                       0,158541,158541,0,                       0,158539
7133,158538,0,                       0,158542,158542,0,                       0,158538
7134,158539,0,                       0,158541,158541,0,                       0,158539
7135,158538,0,                       0,158542,158542,0,                       0,158538
7136,158539,0,                       0,158541,158541,0,                       0,158539
7137,158540,0,                       0,158540,158540,0,                       0,158540
7138,158541,0,                       0,158539,158539,0,                       0,158541
7139,158542,0,                       0,158538,158538,0,                       0,158542
7140,158541,0,                       0,158539,158539,0,                       0,158541
7141,158542,0,                       0,158538,158538,0,                       0,158542
7142,158541,0,                       0,158539,158539,0,                       0,158541
7143,158542,0,                       0,158538,158538,0,                       0,158542
7144,158541,0,                       0,158539,158539,0,                       0,158541
7145,158542,0,                       0,158538,158538,0,                       0,158542
7146,158541,0,                       0,158539,158539,0,                       0,158541
7147,158542,0,                       0,158538,158538,0,                       0,158542
7148,158541,0,                       0,158539,158539,0,                       0,158541
7149,158540,0,                       0,158540,158540,0,                       0,158540
7150,158541,0,                       0,158539,158539,0,                       0,158541
7151,158542,0,                       0,158538,158538,0,                       0,158542
7152,158541,0,                       0,158539,158539,0,                       0,158541
7153,158540,0,                       0,158540,158540,0,                       0,158540
7154,158539,0,                       0,158541,158541,0,                       0,158539
7155,158540,0,                       0,158540,158540,0,                       0,158540
7156,158539,0,                       0,158541,158541,0,                       0,158539
7157,158538,0,                       0,158542,158542,0,                       0,158538
7158,158539,0,                       0,158541,158541,0,                       0,158539
7159,158540,0,                       0,158540,158540,0,                       0,158540
7160,158539,0,                       0,158541,158541,0,                       0,158539
7161,158540,0,                       0,158540,158540,0,                       0,158540
7162,158541,0,                       0,158539,158539,0,                       0,158541
7163,158540,0,                       0,158540,158540,0,                       0,158540
7164,158541,0,                       0,158539,158539,0,                       0,158541
7165,158542,0,                       0,158538,158538,0,                       0,158542
7166,158543,0,                       0,158537,158537,0,                       0,158543
7167,158542,0,                       0,158538,158538,0,                       0,158542
7168,158541,0,                       0,158539,158539,0,                       0,158541
7169,158540,0,                       0,158540,158540,0,                       0,158540
7170,158539,0,                       0,158541,158541,0,                       0,158539
7171,158540,0,                       0,158540,158540,0,                       0,158540
7172,158539,0,                       0,158541,158541,0,                       0,158539
7173,158538,0,                       0,158542,158542,0,                       0,158538
7174,158539,0,                       0,158541,158541,0,                       0,158539
7175,158540,0,                       0,158540,158540,0,                       0,158540
7176,158539,0,                       0,158541,158541,0,                       0,158539
7177,158540,0,                       0,158540,158540,0,                       0,158540
7178,158541,0,                       0,158539,158539,0,                       0,158541
7179,158540,0,                       0,158540,158540,0,                       0,158540
7180,158541,0,                       0,158539,158539,0,                       0,158541
7181,158540,0,                       0,158540,158540,0,                       0,158540
7182,158539,0,                       0,158541,158541,0,                       0,158539
7183,158540,0,                       0,158540,158540,0,                       0,158540
7184,158541,0,                       0,158539,158539,0,                       0,158541
7185,158540,0,                       0,158540,158540,0,                       0,158540
7186,158539,0,                       0,158541,158541,0,                       0,158539
7187,158540,0,                       0,158540,158540,0,                       0,158540
7188,158539,0,                       0,158541,158541,0,                       0,158539
7189,158540,0,                       0,158540,158540,0,                       0,158540
7190,158539,0,                       0,158541,158541,0,                       0,158539
7191,158540,0,                       0,158540,158540,0,                       0,158540
7192,158541,0,                       0,158539,158539,0,                       0,158541
7193,158542,0,                       0,158538,158538,0,                       0,158542
7194,158541,0,                       0,158539,158539,0,                       0,158541
7195,158540,0,                       0,158540,158540,0,                       0,158540
7196,158539,0,                       0,158541,158541,0,                       0,158539
7197,158540,0,                       0,158540,158540,0,                       0,158540
7198,158541,0,                       0,158539,158539,0,                       0,158541
7199,158540,0,                       0,158540,158540,0,                       0,158540
7200,158541,0,                       0,158539,158539,0,                       0,158541
7201,158542,0,                       0,158538,158538,0,                       0,158542
7202,158541,0,                       0,158539,158539,0,                       0,158541
7203,158540,0,                       0,158540,158540,0,                       0,158540
7204,158541,0,                       0,158539,158539,0,                       0,158541
7205,158540,0,                       0,158540,158540,0,                       0,158540
7206,158539,0,                       0,158541,158541,0,                       0,158539
7207,158540,0,                       0,158540,158540,0,                       0,158540
7208,158539,0,                       0,158541,158541,0,                       0,158539
7209,158540,0,                       0,158540,158540,0,                       0,158540
7210,158539,0,                       0,158541,158541,0,                       0,158539
7211,158540,0,                       0,158540,158540,0,                       0,158540
7212,158541,0,                       0,158539,158539,0,                       0,158541
7213,158540,0,                       0,158540,158540,0,                       0,158540
7214,158541,0,                       0,158539,158539,0,                       0,158541
7215,158542,0,                       0,158538,158538,0,                       0,158542
7216,158541,0,                       0,158539,158539,0,                       0,158541
7217,158540,0,                       0,158540,158540,0,                       0,158540
7218,158541,0,                       0,158539,158539,0,                       0,158541
7219,158540,0,                       0,158540,158540,0,                       0,158540
7220,158539,0,                       0,158541,158541,0,                       0,158539
7221,158540,0,                       0,158540,158540,0,                       0,158540
7222,158539,0,                       0,158541,158541,0,                       0,158539
7223,158540,0,                       0,158540,158540,0,                       0,158540
7224,158539,0,                       0,158541,158541,0,                       0,158539
7225,158538,0,                       0,158542,158542,0,                       0,158538
7226,158539,0,                       0,158541,158541,0,                       0,158539
7227,158540,0,                       0,158540,158540,0,                       0,158540
7228,158541,0,                       0,158539,158539,0,                       0,158541
7229,158540,0,                       0,158540,158540,0,                       0,158540
7230,158541,0,                       0,158539,158539,0,                       0,158541
7231,158540,0,                       0,158540,158540,0,                       0,158540
7232,158539,0,                       0,158541,158541,0,                       0,158539
7233,158540,0,                       0,158540,158540,0,                       0,158540
7234,158541,0,                       0,158539,158539,0,                       0,158541
7235,158540,0,                       0,158540,158540,0,                       0,158540
7236,158539,0,                       0,158541,158541,0,                       0,158539
7237,158540,0,                       0,158540,158540,0,                       0,158540
7238,158541,0,                       0,158539,158539,0,                       0,158541
7239,158540,0,                       0,158540,158540,0,                       0,158540
7240,158541,0,                       0,158539,158539,0,                       0,158541
7241,158540,0,                       0,158540,158540,0,                       0,158540
7242,158539,0,                       0,158541,158541,0,                       0,158539
7243,158540,0,                       0,158540,158540,0,                       0,158540
7244,158539,0,                       0,158541,158541,0,                       0,158539
7245,158540,0,                       0,158540,158540,0,                       0,158540
7246,158541,0,                       0,158539,158539,0,                       0,158541
7247,158540,0,                       0,158540,158540,0,                       0,158540
7248,158541,0,                       0,158539,158539,0,                       0,158541
7249,158540,0,                       0,158540,158540,0,                       0,158540
7250,158541,0,                       0,158539,158539,0,                       0,158541
7251,158540,0,                       0,158540,158540,0,                       0,158540
7252,158539,0,                       0,158541,158541,0,                       0,158539
7253,158538,0,                       0,158542,158542,0,                       0,158538
7254,158537,0,                       0,158543,158543,0,                       0,158537
7255,158538,0,                       0,158542,158542,0,                       0,158538
7256,158539,0,                       0,158541,158541,0,                       0,158539
7257,158540,0,                       0,158540,158540,0,                       0,158540
7258,158541,0,                       0,158539,158539,0,                       0,158541
7259,158540,0,                       0,158540,158540,0,                       0,158540
7260,158541,0,                       0,158539,158539,0,                       0,158541
7261,158542,0,                       0,158538,158538,0,                       0,158542
7262,158541,0,                       0,158539,158539,0,                       0,158541
7263,158542,0,                       0,158538,158538,0,                       0,158542
7264,158543,0,                       0,158537,158537,0,                       0,158543
7265,158542,0,                       0,158538,158538,0,                       0,158542
7266,158543,0,                       0,158537,158537,0,                       0,158543
7267,158542,0,                       0,158538,158538,0,                       0,158542
7268,158541,0,                       0,158539,158539,0,                       0,158541
7269,158540,0,                       0,158540,158540,0,                       0,158540
7270,158541,0,                       0,158539,158539,0,                       0,158541
7271,158542,0,                       0,158538,158538,0,                       0,158542
7272,158541,0,                       0,158539,158539,0,                       0,158541
7273,158540,0,                       0,158540,158540,0,                       0,158540
7274,158541,0,                       0,158539,158539,0,                       0,158541
7275,158540,0,                       0,158540,158540,0,                       0,158540
7276,158539,0,                       0,158541,158541,0,                       0,158539
7277,158540,0,                       0,158540,158540,0,                       0,158540
7278,158541,0,                       0,158539,158539,0,                       0,158541
7279,158540,0,                       0,158540,158540,0,                       0,158540
7280,158541,0,                       0,158539,158539,0,                       0,158541
7281,158540,0,                       0,158540,158540,0,                       0,158540
7282,158541,0,                       0,158539,158539,0,                       0,158541
7283,158540,0,                       0,158540,158540,0,                       0,158540
7284,158541,0,                       0,158539,158539,0,                       0,158541
7285,158540,0,                       0,158540,158540,0,                       0,158540
7286,158541,0,                       0,158539,158539,0,                       0,158541
7287,158540,0,                       0,158540,158540,0,                       0,158540
7288,158539,0,                       0,158541,158541,0,                       0,158539
7289,158540,0,                       0,158540,158540,0,                       0,158540
7290,158539,0,                       0,158541,158541,0,                       0,158539
7291,158540,0,                       0,158540,158540,0,                       0,158540
7292,158539,0,                       0,158541,158541,0,                       0,158539
7293,158540,0,                       0,158540,158540,0,                       0,158540
7294,158539,0,                       0,158541,158541,0,                       0,158539
7295,158538,0,                       0,158542,158542,0,                       0,158538
7296,158539,0,                       0,158541,158541,0,                       0,158539
7297,158540,0,                       0,158540,158540,0,                       0,158540
7298,158539,0,                       0,158541,158541,0,                       0,158539
7299,158538,0,                       0,158542,158542,0,                       0,158538
7300,158539,0,                       0,158541,158541,0,                       0,158539
7301,158540,0,                       0,158540,158540,0,                       0,158540
7302,158539,0,                       0,158541,158541,0,                       0,158539
7303,158540,0,                       0,158540,158540,0,                       0,158540
7304,158539,0,                       0,158541,158541,0,                       0,158539
7305,158538,0,                       0,158542,158542,0,                       0,158538
7306,158539,0,                       0,158541,158541,0,                       0,158539
7307,158540,0,                       0,158540,158540,0,                       0,158540
7308,158541,0,                       0,158539,158539,0,                       0,158541
7309,158540,0,                       0,158540,158540,0,                       0,158540
7310,158539,0,                       0,158541,158541,0,                       0,158539
7311,158540,0,                       0,158540,158540,0,                       0,158540
7312,158541,0,                       0,158539,158539,0,                       0,158541
7313,158542,0,                       0,158538,158538,0,                       0,158542
7314,158541,0,                       0,158539,158539,0,                       0,158541
7315,158542,0,                       0,158538,158538,0,                       0,158542
7316,158541,0,                       0,158539,158539,0,                       0,158541
7317,158542,0,                       0,158538,158538,0,                       0,158542
7318,158541,0,                       0,158539,158539,0,                       0,158541
7319,158540,0,                       0,158540,158540,0,                       0,158540
7320,158541,0,                       0,158539,158539,0,                       0,158541
7321,158542,0,                       0,158538,158538,0,                       0,158542
7322,158541,0,                       0,158539,158539,0,                       0,158541
7323,158540,0,                       0,158540,158540,0,                       0,158540
7324,158539,0,                       0,158541,158541,0,                       0,158539
7325,158540,0,                       0,158540,158540,0,                       0,158540
7326,158541,0,                       0,158539,158539,0,                       0,158541
7327,158542,0,                       0,158538,158538,0,                       0,158542
7328,158541,0,                       0,158539,158539,0,                       0,158541
7329,158540,0,                       0,158540,158540,0,                       0,158540
7330,158541,0,                       0,158539,158539,0,                       0,158541
7331,158540,0,                       0,158540,158540,0,                       0,158540
7332,158541,0,                       0,158539,158539,0,                       0,158541
7333,158540,0,                       0,158540,158540,0,                       0,158540
7334,158541,0,                       0,158539,158539,0,                       0,158541
7335,158542,0,                       0,158538,158538,0,                       0,158542
7336,158541,0,                       0,158539,158539,0,                       0,158541
7337,158540,0,                       0,158540,158540,0,                       0,158540
7338,158539,0,                       0,158541,158541,0,                       0,158539
7339,158540,0,                       0,158540,158540,0,                       0,158540
7340,158541,0,                       0,158539,158539,0,                       0,158541
7341,158542,0,                       0,158538,158538,0,                       0,158542
7342,158541,0,                       0,158539,158539,0,                       0,158541
7343,158540,0,                       0,158540,158540,0,                       0,158540
7344,158541,0,                       0,158539,158539,0,                       0,158541
7345,158542,0,                       0,158538,158538,0,                       0,158542
7346,158541,0,                       0,158539,158539,0,                       0,158541
7347,158540,0,                       0,158540,158540,0,                       0,158540
7348,158541,0,                       0,158539,158539,0,                       0,158541
7349,158542,0,                       0,158538,158538,0,                       0,158542
7350,158541,0,                       0,158539,158539,0,                       0,158541
7351,158540,0,                       0,158540,158540,0,                       0,158540
7352,158541,0,                       0,158539,158539,0,                       0,158541
7353,158540,0,                       0,158540,158540,0,                       0,158540
7354,158539,0,                       0,158541,158541,0,                       0,158539
7355,158540,0,                       0,158540,158540,0,                       0,158540
7356,158539,0,                       0,158541,158541,0,                       0,158539
7357,158538,0,                       0,158542,158542,0,                       0,158538
7358,158539,0,                       0,158541,158541,0,                       0,158539
7359,158540,0,                       0,158540,158540,0,                       0,158540
7360,158539,0,                       0,158541,158541,0,                       0,158539
7361,158538,0,                       0,158542,158542,0,                       0,158538
7362,158539,0,                       0,158541,158541,0,                       0,158539
7363,158538,0,                       0,158542,158542,0,                       0,158538
7364,158539,0,                       0,158541,158541,0,                       0,158539
7365,158540,0,                       0,158540,158540,0,                       0,158540
7366,158541,0,                       0,158539,158539,0,                       0,158541
7367,158540,0,                       0,158540,158540,0,                       0,158540
7368,158541,0,                       0,158539,158539,0,                       0,158541
7369,158540,0,                       0,158540,158540,0,                       0,158540
7370,158539,0,                       0,158541,158541,0,                       0,158539
7371,158540,0,                       0,158540,158540,0,                       0,158540
7372,158541,0,                       0,158539,158539,0,                       0,158541
7373,158542,0,                       0,158538,158538,0,                       0,158542
7374,158543,0,                       0,158537,158537,0,                       0,158543
7375,158542,0,                       0,158538,158538,0,                       0,158542
7376,158541,0,                       0,158539,158539,0,                       0,158541
7377,158540,0,                       0,158540,158540,0,                       0,158540
7378,158539,0,                       0,158541,158541,0,                       0,158539
7379,158540,0,                       0,158540,158540,0,                       0,158540
7380,158539,0,                       0,158541,158541,0,                       0,158539
7381,158538,0,                       0,158542,158542,0,                       0,158538
7382,158539,0,                       0,158541,158541,0,                       0,158539
7383,158540,0,                       0,158540,158540,0,                       0,158540
7384,158541,0,                       0,158539,158539,0,                       0,158541
7385,158540,0,                       0,158540,158540,0,                       0,158540
7386,158539,0,                       0,158541,158541,0,                       0,158539
7387,158540,0,                       0,158540,158540,0,                       0,158540
7388,158539,0,                       0,158541,158541,0,                       0,158539
7389,158540,0,                       0,158540,158540,0,                       0,158540
7390,158541,0,                       0,158539,158539,0,                       0,158541
7391,158540,0,                       0,158540,158540,0,                       0,158540
7392,158541,0,                       0,158539,158539,0,                       0,158541
7393,158540,0,                       0,158540,158540,0,                       0,158540
7394,158541,0,                       0,158539,158539,0,                       0,158541
7395,158540,0,                       0,158540,158540,0,                       0,158540
7396,158541,0,                       0,158539,158539,0,                       0,158541
7397,158542,0,                       0,158538,158538,0,                       0,158542
7398,158541,0,                       0,158539,158539,0,                       0,158541
7399,158540,0,                       0,158540,158540,0,                       0,158540
7400,158539,0,                       0,158541,158541,0,                       0,158539
7401,158540,0,                       0,158540,158540,0,                       0,158540
7402,158541,0,                       0,158539,158539,0,                       0,158541
7403,158540,0,                       0,158540,158540,0,                       0,158540
7404,158539,0,                       0,158541,158541,0,                       0,158539
7405,158538,0,                       0,158542,158542,0,                       0,158538
7406,158539,0,                       0,158541,158541,0,                       0,158539
7407,158540,0,                       0,158540,158540,0,                       0,158540
7408,158541,0,                       0,158539,158539,0,                       0,158541
7409,158542,0,                       0,158538,158538,0,                       0,158542
7410,158541,0,                       0,158539,158539,0,                       0,158541
7411,158540,0,                       0,158540,158540,0,                       0,158540
7412,158541,0,                       0,158539,158539,0,                       0,158541
7413,158542,0,                       0,158538,158538,0,                       0,158542
7414,158543,0,                       0,158537,158537,0,                       0,158543
7415,158542,0,                       0,158538,158538,0,                       0,158542
7416,158543,0,                       0,158537,158537,0,                       0,158543
7417,158542,0,                       0,158538,158538,0,                       0,158542
7418,158541,0,                       0,158539,158539,0,                       0,158541
7419,158542,0,                       0,158538,158538,0,                       0,158542
7420,158541,0,                       0,158539,158539,0,                       0,158541
7421,158542,0,                       0,158538,158538,0,                       0,158542
7422,158541,0,                       0,158539,158539,0,                       0,158541
7423,158540,0,                       0,158540,158540,0,                       0,158540
7424,158539,0,                       0,158541,158541,0,                       0,158539
7425,158540,0,                       0,158540,158540,0,                       0,158540
7426,158541,0,                       0,158539,158539,0,                       0,158541
7427,158540,0,                       0,158540,158540,0,                       0,158540
7428,158539,0,                       0,158541,158541,0,                       0,158539
7429,158540,0,                       0,158540,158540,0,                       0,158540
7430,158541,0,                       0,158539,158539,0,                       0,158541
7431,158540,0,                       0,158540,158540,0,                       0,158540
7432,158541,0,                       0,158539,158539,0,                       0,158541
7433,158540,0,                       0,158540,158540,0,                       0,158540
7434,158541,0,                       0,158539,158539,0,                       0,158541
7435,158540,0,                       0,158540,158540,0,                       0,158540
7436,158541,0,                       0,158539,158539,0,                       0,158541
7437,158542,0,                       0,158538,158538,0,                       0,158542
7438,158541,0,                       0,158539,158539,0,                       0,158541
7439,158540,0,                       0,158540,158540,0,                       0,158540
7440,158539,0,                       0,158541,158541,0,                       0,158539
7441,158540,0,                       0,158540,158540,0,                       0,158540
7442,158541,0,                       0,158539,158539,0,                       0,158541
7443,158540,0,                       0,158540,158540,0,                       0,158540
7444,158541,0,                       0,158539,158539,0,                       0,158541
7445,158540,0,                       0,158540,158540,0,                       0,158540
7446,158539,0,                       0,158541,158541,0,                       0,158539
7447,158538,0,                       0,158542,158542,0,                       0,158538
7448,158539,0,                       0,158541,158541,0,                       0,158539
7449,158540,0,                       0,158540,158540,0,                       0,158540
7450,158541,0,                       0,158539,158539,0,                       0,158541
7451,158540,0,                       0,158540,158540,0,                       0,158540
7452,158541,0,                       0,158539,158539,0,                       0,158541
7453,158542,0,                       0,158538,158538,0,                       0,158542
7454,158541,0,                       0,158539,158539,0,                       0,158541
7455,158540,0,                       0,158540,158540,0,                       0,158540
7456,158539,0,                       0,158541,158541,0,                       0,158539
7457,158538,0,                       0,158542,158542,0,                       0,158538
7458,158539,0,                       0,158541,158541,0,                       0,158539
7459,158540,0,                       0,158540,158540,0,                       0,158540
7460,158539,0,                       0,158541,158541,0,                       0,158539
7461,158540,0,                       0,158540,158540,0,                       0,158540
7462,158539,0,                       0,158541,158541,0,                       0,158539
7463,158540,0,                       0,158540,158540,0,                       0,158540
7464,158539,0,                       0,158541,158541,0,                       0,158539
7465,158540,0,                       0,158540,158540,0,                       0,158540
7466,158539,0,                       0,158541,158541,0,                       0,158539
7467,158540,0,                       0,158540,158540,0,                       0,158540
7468,158541,0,                       0,158539,158539,0,                       0,158541
7469,158540,0,                       0,158540,158540,0,                       0,158540
7470,158539,0,                       0,158541,158541,0,                       0,158539
7471,158540,0,                       0,158540,158540,0,                       0,158540
7472,158541,0,                       0,158539,158539,0,                       0,158541
7473,158540,0,                       0,158540,158540,0,                       0,158540
7474,158539,0,                       0,158541,158541,0,                       0,158539
7475,158540,0,                       0,158540,158540,0,                       0,158540
7476,158539,0,                       0,158541,158541,0,                       0,158539
7477,158538,0,                       0,158542,158542,0,                       0,158538
7478,158539,0,                       0,158541,158541,0,                       0,158539
7479,158538,0,                       0,158542,158542,0,                       0,158538
7480,158539,0,                       0,158541,158541,0,                       0,158539
7481,158540,0,                       0,158540,158540,0,                       0,158540
7482,158539,0,                       0,158541,158541,0,                       0,158539
7483,158540,0,                       0,158540,158540,0,                       0,158540
7484,158539,0,                       0,158541,158541,0,                       0,158539
7485,158540,0,                       0,158540,158540,0,                       0,158540
7486,158541,0,                       0,158539,158539,0,                       0,158541
7487,158540,0,                       0,158540,158540,0,                       0,158540
7488,158541,0,                       0,158539,158539,0,                       0,158541
7489,158540,0,                       0,158540,158540,0,                       0,158540
7490,158541,0,                       0,158539,158539,0,                       0,158541
7491,158542,0,                       0,158538,158538,0,                       0,158542
7492,158541,0,                       0,158539,158539,0,                       0,158541
7493,158542,0,                       0,158538,158538,0,                       0,158542
7494,158543,0,                       0,158537,158537,0,                       0,158543
7495,158542,0,                       0,158538,158538,0,                       0,158542
7496,158541,0,                       0,158539,158539,0,                       0,158541
7497,158542,0,                       0,158538,158538,0,                       0,158542
7498,158541,0,                       0,158539,158539,0,                       0,158541
7499,158540,0,                       0,158540,158540,0,                       0,158540
7500,158541,0,                       0,158539,158539,0,                       0,158541
7501,158540,0,                       0,158540,158540,0,                       0,158540
7502,158541,0,                       0,158539,158539,0,                       0,158541
7503,158540,0,                       0,158540,158540,0,                       0,158540
7504,158541,0,                       0,158539,158539,0,                       0,158541
7505,158540,0,                       0,158540,158540,0,                       0,158540
7506,158539,0,                       0,158541,158541,0,                       0,158539
7507,158540,0,                       0,158540,158540,0,                       0,158540
7508,158541,0,                       0,158539,158539,0,                       0,158541
7509,158540,0,                       0,158540,158540,0,                       0,158540
7510,158541,0,                       0,158539,158539,0,                       0,158541
7511,158542,0,                       0,158538,158538,0,                       0,158542
7512,158541,0,                       0,158539,158539,0,                       0,158541
7513,158540,0,                       0,158540,158540,0,                       0,158540
7514,158541,0,                       0,158539,158539,0,                       0,158541
7515,158542,0,                       0,158538,158538,0,                       0,158542
7516,158541,0,                       0,158539,158539,0,                       0,158541
7517,158540,0,                       0,158540,158540,0,                       0,158540
7518,158541,0,                       0,158539,158539,0,                       0,158541
7519,158542,0,                       0,158538,158538,0,                       0,158542
7520,158543,0,                       0,158537,158537,0,                       0,158543
7521,158542,0,                       0,158538,158538,0,                       0,158542
7522,158541,0,                       0,158539,158539,0,                       0,158541
7523,158540,0,                       0,158540,158540,0,                       0,158540
7524,158541,0,                       0,158539,158539,0,                       0,158541
7525,158540,0,                       0,158540,158540,0,                       0,158540
7526,158541,0,                       0,158539,158539,0,                       0,158541
7527,158540,0,                       0,158540,158540,0,                       0,158540
7528,158541,0,                       0,158539,158539,0,                       0,158541
7529,158542,0,                       0,158538,158538,0,                       0,158542
7530,158541,0,                       0,158539,158539,0,                       0,158541
7531,158542,0,                       0,158538,158538,0,                       0,158542
7532,158541,0,                       0,158539,158539,0,                       0,158541
7533,158540,0,                       0,158540,158540,0,                       0,158540
7534,158541,0,                       0,158539,158539,0,                       0,158541
7535,158542,0,                       0,158538,158538,0,                       0,158542
7536,158541,0,                       0,158539,158539,0,                       0,158541
7537,158540,0,                       0,158540,158540,0,                       0,158540
7538,158541,0,                       0,158539,158539,0,                       0,158541
7539,158542,0,                       0,158538,158538,0,                       0,158542
7540,158541,0,                       0,158539,158539,0,                       0,158541
7541,158540,0,                       0,158540,158540,0,                       0,158540
7542,158539,0,                       0,158541,158541,0,                       0,158539
7543,158540,0,                       0,158540,158540,0,                       0,158540
7544,158541,0,                       0,158539,158539,0,                       0,158541
7545,158542,0,                       0,158538,158538,0,                       0,158542
7546,158541,0,                       0,158539,158539,0,                       0,158541
7547,158540,0,                       0,158540,158540,0,                       0,158540
7548,158541,0,                       0,158539,158539,0,                       0,158541
7549,158542,0,                       0,158538,158538,0,                       0,158542
7550,158541,0,                       0,158539,158539,0,                       0,158541
7551,158542,0,                       0,158538,158538,0,                       0,158542
7552,158541,0,                       0,158539,158539,0,                       0,158541
7553,158540,0,                       0,158540,158540,0,                       0,158540
7554,158539,0,                       0,158541,158541,0,                       0,158539
7555,158538,0,                       0,158542,158542,0,                       0,158538
7556,158539,0,                       0,158541,158541,0,                       0,158539
7557,158540,0,                       0,158540,158540,0,                       0,158540
7558,158541,0,                       0,158539,158539,0,                       0,158541
7559,158540,0,                       0,158540,158540,0,                       0,158540
7560,158541,0,                       0,158539,158539,0,                       0,158541
7561,158542,0,                       0,158538,158538,0,                       0,158542
7562,158541,0,                       0,158539,158539,0,                       0,158541
7563,158542,0,                       0,158538,158538,0,                       0,158542
7564,158541,0,                       0,158539,158539,0,                       0,158541
7565,158540,0,                       0,158540,158540,0,                       0,158540
7566,158539,0,                       0,158541,158541,0,                       0,158539
7567,158540,0,                       0,158540,158540,0,                       0,158540
7568,158541,0,                       0,158539,158539,0,                       0,158541
7569,158542,0,                       0,158538,158538,0,                       0,158542
7570,158541,0,                       0,158539,158539,0,                       0,158541
7571,158540,0,                       0,158540,158540,0,                       0,158540
7572,158541,0,                       0,158539,158539,0,                       0,158541
7573,158542,0,                       0,158538,158538,0,                       0,158542
7574,158541,0,                       0,158539,158539,0,                       0,158541
7575,158540,0,                       0,158540,158540,0,                       0,158540
7576,158539,0,                       0,158541,158541,0,                       0,158539
7577,158540,0,                       0,158540,158540,0,                       0,158540
7578,158539,0,                       0,158541,158541,0,                       0,158539
7579,158540,0,                       0,158540,158540,0,                       0,158540
7580,158541,0,                       0,158539,158539,0,                       0,158541
7581,158540,0,                       0,158540,158540,0,                       0,158540
7582,158541,0,                       0,158539,158539,0,                       0,158541
7583,158540,0,                       0,158540,158540,0,                       0,158540
7584,158539,0,                       0,158541,158541,0,                       0,158539
7585,158540,0,                       0,158540,158540,0,                       0,158540
7586,158539,0,                       0,158541,158541,0,                       0,158539
7587,158538,0,                       0,158542,158542,0,                       0,158538
7588,158539,0,                       0,158541,158541,0,                       0,158539
7589,158540,0,                       0,158540,158540,0,                       0,158540
7590,158541,0,                       0,158539,158539,0,                       0,158541
7591,158542,0,                       0,158538,158538,0,                       0,158542
7592,158543,0,                       0,158537,158537,0,                       0,158543
7593,158542,0,                       0,158538,158538,0,                       0,158542
7594,158541,0,                       0,158539,158539,0,                       0,158541
7595,158540,0,                       0,158540,158540,0,                       0,158540
7596,158541,0,                       0,158539,158539,0,                       0,158541
7597,158540,0,                       0,158540,158540,0,                       0,158540
7598,158539,0,                       0,158541,158541,0,                       0,158539
7599,158540,0,                       0,158540,158540,0,                       0,158540
7600,158541,0,                       0,158539,158539,0,                       0,158541
7601,158542,0,                       0,158538,158538,0,                       0,158542
7602,158541,0,                       0,158539,158539,0,                       0,158541
7603,158540,0,                       0,158540,158540,0,                       0,158540
7604,158539,0,                       0,158541,158541,0,                       0,158539
7605,158540,0,                       0,158540,158540,0,                       0,158540
7606,158541,0,                       0,158539,158539,0,                       0,158541
7607,158542,0,                       0,158538,158538,0,                       0,158542
7608,158541,0,                       0,158539,158539,0,                       0,158541
7609,158542,0,                       0,158538,158538,0,                       0,158542
7610,158541,0,                       0,158539,158539,0,                       0,158541
7611,158540,0,                       0,158540,158540,0,                       0,158540
7612,158541,0,                       0,158539,158539,0,                       0,158541
7613,158542,0,                       0,158538,158538,0,                       0,158542
7614,158541,0,                       0,158539,158539,0,                       0,158541
7615,158542,0,                       0,158538,158538,0,                       0,158542
7616,158541,0,                       0,158539,158539,0,                       0,158541
7617,158540,0,                       0,158540,158540,0,                       0,158540
7618,158541,0,                       0,158539,158539,0,                       0,158541
7619,158542,0,                       0,158538,158538,0,                       0,158542
7620,158541,0,                       0,158539,158539,0,                       0,158541
7621,158540,0,                       0,158540,158540,0,                       0,158540
7622,158541,0,                       0,158539,158539,0,                       0,158541
7623,158542,0,                       0,158538,158538,0,                       0,158542
7624,158541,0,                       0,158539,158539,0,                       0,158541
7625,158540,0,                       0,158540,158540,0,                       0,158540
7626,158539,0,                       0,158541,158541,0,                       0,158539
7627,158540,0,                       0,158540,158540,0,                       0,158540
7628,158539,0,                       0,158541,158541,0,                       0,158539
7629,158540,0,                       0,158540,158540,0,                       0,158540
7630,158539,0,                       0,158541,158541,0,                       0,158539
7631,158540,0,                       0,158540,158540,0,                       0,158540
7632,158541,0,                       0,158539,158539,0,                       0,158541
7633,158542,0,                       0,158538,158538,0,                       0,158542
7634,158541,0,                       0,158539,158539,0,                       0,158541
7635,158542,0,                       0,158538,158538,0,                       0,158542
7636,158543,0,                       0,158537,158537,0,                       0,158543
7637,158542,0,                       0,158538,158538,0,                       0,158542
7638,158541,0,                       0,158539,158539,0,                       0,158541
7639,158540,0,                       0,158540,158540,0,                       0,158540
7640,158539,0,                       0,158541,158541,0,                       0,158539
7641,158538,0,                       0,158542,158542,0,                       0,158538
7642,158539,0,                       0,158541,158541,0,                       0,158539
7643,158540,0,                       0,158540,158540,0,                       0,158540
7644,158541,0,                       0,158539,158539,0,                       0,158541
7645,158542,0,                       0,158538,158538,0,                       0,158542
7646,158543,0,                       0,158537,158537,0,                       0,158543
7647,158542,0,                       0,158538,158538,0,                       0,158542
7648,158541,0,                       0,158539,158539,0,                       0,158541
7649,158540,0,                       0,158540,158540,0,                       0,158540
7650,158539,0,                       0,158541,158541,0,                       0,158539
7651,158540,0,                       0,158540,158540,0,                       0,158540
7652,158539,0,                       0,158541,158541,0,                       0,158539
7653,158540,0,                       0,158540,158540,0,                       0,158540
7654,158541,0,                       0,158539,158539,0,                       0,158541
7655,158542,0,                       0,158538,158538,0,                       0,158542
7656,158541,0,                       0,158539,158539,0,                       0,158541
7657,158540,0,                       0,158540,158540,0,                       0,158540
7658,158539,0,                       0,158541,158541,0,                       0,158539
7659,158540,0,                       0,158540,158540,0,                       0,158540
7660,158541,0,                       0,158539,158539,0,                       0,158541
7661,158542,0,                       0,158538,158538,0,                       0,158542
7662,158543,0,                       0,158537,158537,0,                       0,158543
7663,158542,0,                       0,158538,158538,0,                       0,158542
7664,158541,0,                       0,158539,158539,0,                       0,158541
7665,158540,0,                       0,158540,158540,0,                       0,158540
7666,158539,0,                       0,158541,158541,0,                       0,158539
7667,158540,0,                       0,158540,158540,0,                       0,158540
7668,158539,0,                       0,158541,158541,0,                       0,158539
7669,158538,0,                       0,158542,158542,0,                       0,158538
7670,158537,0,                       0,158543,158543,0,                       0,158537
7671,158538,0,                       0,158542,158542,0,                       0,158538
7672,158539,0,                       0,158541,158541,0,                       0,158539
7673,158540,0,                       0,158540,158540,0,                       0,158540
7674,158539,0,                       0,158541,158541,0,                       0,158539
7675,158540,0,                       0,158540,158540,0,                       0,158540
7676,158539,0,                       0,158541,158541,0,                       0,158539
7677,158540,0,                       0,158540,158540,0,                       0,158540
7678,158541,0,                       0,158539,158539,0,                       0,158541
7679,158542,0,                       0,158538,158538,0,                       0,158542
7680,158543,0,                       0,158537,158537,0,                       0,158543
7681,158542,0,                       0,158538,158538,0,                       0,158542
7682,158543,0,                       0,158537,158537,0,                       0,158543
7683,158542,0,                       0,158538,158538,0,                       0,158542
7684,158541,0,                       0,158539,158539,0,                       0,158541
7685,158542,0,                       0,158538,158538,0,                       0,158542
7686,158541,0,                       0,158539,158539,0,                       0,158541
7687,158540,0,                       0,158540,158540,0,                       0,158540
7688,158539,0,                       0,158541,158541,0,                       0,158539
7689,158540,0,                       0,158540,158540,0,                       0,158540
7690,158541,0,                       0,158539,158539,0,                       0,158541
7691,158540,0,                       0,158540,158540,0,                       0,158540
7692,158539,0,                       0,158541,158541,0,                       0,158539
7693,158540,0,                       0,158540,158540,0,                       0,158540
7694,158541,0,                       0,158539,158539,0,                       0,158541
7695,158542,0,                       0,158538,158538,0,                       0,158542
7696,158543,0,                       0,158537,158537,0,                       0,158543
7697,158542,0,                       0,158538,158538,0,                       0,158542
7698,158541,0,                       0,158539,158539,0,                       0,158541
7699,158540,0,                       0,158540,158540,0,                       0,158540
7700,158539,0,                       0,158541,158541,0,                       0,158539
7701,158540,0,                       0,158540,158540,0,                       0,158540
7702,158541,0,                       0,158539,158539,0,                       0,158541
7703,158540,0,                       0,158540,158540,0,                       0,158540
7704,158539,0,                       0,158541,158541,0,                       0,158539
7705,158540,0,                       0,158540,158540,0,                       0,158540
7706,158539,0,                       0,158541,158541,0,                       0,158539
7707,158540,0,                       0,158540,158540,0,                       0,158540
7708,158541,0,                       0,158539,158539,0,                       0,158541
7709,158542,0,                       0,158538,158538,0,                       0,158542
7710,158541,0,                       0,158539,158539,0,                       0,158541
7711,158540,0,                       0,158540,158540,0,                       0,158540
7712,158539,0,                       0,158541,158541,0,                       0,158539
7713,158540,0,                       0,158540,158540,0,                       0,158540
7714,158539,0,                       0,158541,158541,0,                       0,158539
7715,158540,0,                       0,158540,158540,0,                       0,158540
7716,158541,0,                       0,158539,158539,0,                       0,158541
7717,158540,0,                       0,158540,158540,0,                       0,158540
7718,158541,0,                       0,158539,158539,0,                       0,158541
7719,158542,0,                       0,158538,158538,0,                       0,158542
7720,158543,0,                       0,158537,158537,0,                       0,158543
7721,158542,0,                       0,158538,158538,0,                       0,158542
7722,158541,0,                       0,158539,158539,0,                       0,158541
7723,158542,0,                       0,158538,158538,0,                       0,158542
7724,158541,0,                       0,158539,158539,0,                       0,158541
7725,158542,0,                       0,158538,158538,0,                       0,158542
7726,158541,0,                       0,158539,158539,0,                       0,158541
7727,158542,0,                       0,158538,158538,0,                       0,158542
7728,158541,0,                       0,158539,158539,0,                       0,158541
7729,158542,0,                       0,158538,158538,0,                       0,158542
7730,158541,0,                       0,158539,158539,0,                       0,158541
7731,158540,0,                       0,158540,158540,0,                       0,158540
7732,158539,0,                       0,158541,158541,0,                       0,158539
7733,158540,0,                       0,158540,158540,0,                       0,158540
7734,158541,0,                       0,158539,158539,0,                       0,158541
7735,158542,0,                       0,158538,158538,0,                       0,158542
7736,158541,0,                       0,158539,158539,0,                       0,158541
7737,158540,0,                       0,158540,158540,0,                       0,158540
7738,158541,0,                       0,158539,158539,0,                       0,158541
7739,158540,0,                       0,158540,158540,0,                       0,158540
7740,158541,0,                       0,158539,158539,0,                       0,158541
7741,158540,0,                       0,158540,158540,0,                       0,158540
7742,158541,0,                       0,158539,158539,0,                       0,158541
7743,158540,0,                       0,158540,158540,0,                       0,158540
7744,158539,0,                       0,158541,158541,0,                       0,158539
7745,158538,0,                       0,158542,158542,0,                       0,158538
7746,158539,0,                       0,158541,158541,0,                       0,158539
7747,158540,0,                       0,158540,158540,0,                       0,158540
7748,158539,0,                       0,158541,158541,0,                       0,158539
7749,158540,0,                       0,158540,158540,0,                       0,158540
7750,158541,0,                       0,158539,158539,0,                       0,158541
7751,158540,0,                       0,158540,158540,0,                       0,158540
7752,158539,0,                       0,158541,158541,0,                       0,158539
7753,158540,0,                       0,158540,158540,0,                       0,158540
7754,158541,0,                       0,158539,158539,0,                       0,158541
7755,158542,0,                       0,158538,158538,0,                       0,158542
7756,158541,0,                       0,158539,158539,0,                       0,158541
7757,158540,0,                       0,158540,158540,0,                       0,158540
7758,158539,0,                       0,158541,158541,0,                       0,158539
7759,158540,0,                       0,158540,158540,0,                       0,158540
7760,158539,0,                       0,158541,158541,0,                       0,158539
7761,158540,0,                       0,158540,158540,0,                       0,158540
7762,158541,0,                       0,158539,158539,0,                       0,158541
7763,158540,0,                       0,158540,158540,0,                       0,158540
7764,158539,0,                       0,158541,158541,0,                       0,158539
7765,158540,0,                       0,158540,158540,0,                       0,158540
7766,158541,0,                       0,158539,158539,0,                       0,158541
7767,158540,0,                       0,158540,158540,0,                       0,158540
7768,158539,0,                       0,158541,158541,0,                       0,158539
7769,158540,0,                       0,158540,158540,0,                       0,158540
7770,158541,0,                       0,158539,158539,0,                       0,158541
7771,158542,0,                       0,158538,158538,0,                       0,158542
7772,158543,0,                       0,158537,158537,0,                       0,158543
7773,158542,0,                       0,158538,158538,0,                       0,158542
7774,158541,0,                       0,158539,158539,0,                       0,158541
7775,158540,0,                       0,158540,158540,0,                       0,158540
7776,158539,0,                       0,158541,158541,0,                       0,158539
7777,158540,0,                       0,158540,158540,0,                       0,158540
7778,158539,0,                       0,158541,158541,0,                       0,158539
7779,158538,0,                       0,158542,158542,0,                       0,158538
7780,158539,0,                       0,158541,158541,0,                       0,158539
7781,158538,0,                       0,158542,158542,0,                       0,158538
7782,158539,0,                       0,158541,158541,0,                       0,158539
7783,158538,0,                       0,158542,158542,0,                       0,158538
7784,158539,0,                       0,158541,158541,0,                       0,158539
7785,158540,0,                       0,158540,158540,0,                       0,158540
7786,158541,0,                       0,158539,158539,0,                       0,158541
7787,158540,0,                       0,158540,158540,0,                       0,158540
7788,158539,0,                       0,158541,158541,0,                       0,158539
7789,158538,0,                       0,158542,158542,0,                       0,158538
7790,158539,0,                       0,158541,158541,0,                       0,158539
7791,158540,0,                       0,158540,158540,0,                       0,158540
7792,158541,0,                       0,158539,158539,0,                       0,158541
7793,158540,0,                       0,158540,158540,0,                       0,158540
7794,158541,0,                       0,158539,158539,0,                       0,158541
7795,158542,0,                       0,158538,158538,0,                       0,158542
7796,158541,0,                       0,158539,158539,0,                       0,158541
7797,158542,0,                       0,158538,158538,0,                       0,158542
7798,158543,0,                       0,158537,158537,0,                       0,158543
7799,158542,0,                       0,158538,158538,0,                       0,158542
7800,158541,0,                       0,158539,158539,0,                       0,158541
7801,158542,0,                       0,158538,158538,0,                       0,158542
7802,158541,0,                       0,158539,158539,0,                       0,158541
7803,158540,0,                       0,158540,158540,0,                       0,158540
7804,158541,0,                       0,158539,158539,0,                       0,158541
7805,158540,0,                       0,158540,158540,0,                       0,158540
7806,158541,0,                       0,158539,158539,0,                       0,158541
7807,158540,0,                       0,158540,158540,0,                       0,158540
7808,158539,0,                       0,158541,158541,0,                       0,158539
7809,158540,0,                       0,158540,158540,0,                       0,158540
7810,158539,0,                       0,158541,158541,0,                       0,158539
7811,158538,0,                       0,158542,158542,0,                       0,158538
7812,158539,0,                       0,158541,158541,0,                       0,158539
7813,158540,0,                       0,158540,158540,0,                       0,158540
7814,158539,0,                       0,158541,158541,0,                       0,158539
7815,158540,0,                       0,158540,158540,0,                       0,158540
7816,158539,0,                       0,158541,158541,0,                       0,158539
7817,158540,0,                       0,158540,158540,0,                       0,158540
7818,158539,0,                       0,158541,158541,0,                       0,158539
7819,158540,0,                       0,158540,158540,0,                       0,158540
7820,158541,0,                       0,158539,158539,0,                       0,158541
7821,158540,0,                       0,158540,158540,0,                       0,158540
7822,158539,0,                       0,158541,158541,0,                       0,158539
7823,158538,0,                       0,158542,158542,0,                       0,158538
7824,158537,0,                       0,158543,158543,0,                       0,158537
7825,158538,0,                       0,158542,158542,0,                       0,158538
7826,158539,0,                       0,158541,158541,0,                       0,158539
7827,158538,0,                       0,158542,158542,0,                       0,158538
7828,158537,0,                       0,158543,158543,0,                       0,158537
7829,158538,0,                       0,158542,158542,0,                       0,158538
7830,158539,0,                       0,158541,158541,0,                       0,158539
7831,158540,0,                       0,158540,158540,0,                       0,158540
7832,158539,0,                       0,158541,158541,0,                       0,158539
7833,158538,0,                       0,158542,158542,0,                       0,158538
7834,158537,0,                       0,158543,158543,0,                       0,158537
7835,158538,0,                       0,158542,158542,0,                       0,158538
7836,158539,0,                       0,158541,158541,0,                       0,158539
7837,158540,0,                       0,158540,158540,0,                       0,158540
7838,158539,0,                       0,158541,158541,0,                       0,158539
7839,158538,0,                       0,158542,158542,0,                       0,158538
7840,158539,0,                       0,158541,158541,0,                       0,158539
7841,158540,0,                       0,158540,158540,0,                       0,158540
7842,158541,0,                       0,158539,158539,0,                       0,158541
7843,158540,0,                       0,158540,158540,0,                       0,158540
7844,158541,0,                       0,158539,158539,0,                       0,158541
7845,158542,0,                       0,158538,158538,0,                       0,158542
7846,158541,0,                       0,158539,158539,0,                       0,158541
7847,158540,0,                       0,158540,158540,0,                       0,158540
7848,158539,0,                       0,158541,158541,0,                       0,158539
7849,158538,0,                       0,158542,158542,0,                       0,158538
7850,158539,0,                       0,158541,158541,0,                       0,158539
7851,158540,0,                       0,158540,158540,0,                       0,158540
7852,158541,0,                       0,158539,158539,0,                       0,158541
7853,158542,0,                       0,158538,158538,0,                       0,158542
7854,158541,0,                       0,158539,158539,0,                       0,158541
7855,158540,0,                       0,158540,158540,0,                       0,158540
7856,158541,0,                       0,158539,158539,0,                       0,158541
7857,158542,0,                       0,158538,158538,0,                       0,158542
7858,158541,0,                       0,158539,158539,0,                       0,158541
7859,158540,0,                       0,158540,158540,0,                       0,158540
7860,158541,0,                       0,158539,158539,0,                       0,158541
7861,158540,0,                       0,158540,158540,0,                       0,158540
7862,158541,0,                       0,158539,158539,0,                       0,158541
7863,158540,0,                       0,158540,158540,0,                       0,158540
7864,158539,0,                       0,158541,158541,0,                       0,158539
7865,158540,0,                       0,158540,158540,0,                       0,158540
7866,158541,0,                       0,158539,158539,0,                       0,158541
7867,158540,0,                       0,158540,158540,0,                       0,158540
7868,158541,0,                       0,158539,158539,0,                       0,158541
7869,158540,0,                       0,158540,158540,0,                       0,158540
7870,158541,0,                       0,158539,158539,0,                       0,158541
7871,158540,0,                       0,158540,158540,0,                       0,158540
7872,158539,0,                       0,158541,158541,0,                       0,158539
7873,158538,0,                       0,158542,158542,0,                       0,158538
7874,158537,0,                       0,158543,158543,0,                       0,158537
7875,158538,0,                       0,158542,158542,0,                       0,158538
7876,158539,0,                       0,158541,158541,0,                       0,158539
7877,158538,0,                       0,158542,158542,0,                       0,158538
7878,158539,0,                       0,158541,158541,0,                       0,158539
7879,158540,0,                       0,158540,158540,0,                       0,158540
7880,158539,0,                       0,158541,158541,0,                       0,158539
7881,158538,0,                       0,158542,158542,0,                       0,158538
7882,158539,0,                       0,158541,158541,0,                       0,158539
7883,158540,0,                       0,158540,158540,0,                       0,158540
7884,158541,0,                       0,158539,158539,0,                       0,158541
7885,158542,0,                       0,158538,158538,0,                       0,158542
7886,158541,0,                       0,158539,158539,0,                       0,158541
7887,158540,0,                       0,158540,158540,0,                       0,158540
7888,158539,0,                       0,158541,158541,0,                       0,158539
7889,158538,0,                       0,158542,158542,0,                       0,158538
7890,158539,0,                       0,158541,158541,0,                       0,158539
7891,158540,0,                       0,158540,158540,0,                       0,158540
7892,158541,0,                       0,158539,158539,0,                       0,158541
7893,158540,0,                       0,158540,158540,0,                       0,158540
7894,158541,0,                       0,158539,158539,0,                       0,158541
7895,158540,0,                       0,158540,158540,0,                       0,158540
7896,158539,0,                       0,158541,158541,0,                       0,158539
7897,158540,0,                       0,158540,158540,0,                       0,158540
7898,158541,0,                       0,158539,158539,0,                       0,158541
7899,158540,0,                       0,158540,158540,0,                       0,158540
7900,158539,0,                       0,158541,158541,0,                       0,158539
7901,158540,0,                       0,158540,158540,0,                       0,158540
7902,158539,0,                       0,158541,158541,0,                       0,158539
7903,158538,0,                       0,158542,158542,0,                       0,158538
7904,158539,0,                       0,158541,158541,0,                       0,158539
7905,158538,0,                       0,158542,158542,0,                       0,158538
7906,158539,0,                       0,158541,158541,0,                       0,158539
7907,158540,0,                       0,158540,158540,0,                       0,158540
7908,158539,0,                       0,158541,158541,0,                       0,158539
7909,158540,0,                       0,158540,158540,0,                       0,158540
7910,158539,0,                       0,158541,158541,0,                       0,158539
7911,158538,0,                       0,158542,158542,0,                       0,158538
7912,158537,0,                       0,158543,158543,0,                       0,158537
7913,158538,0,                       0,158542,158542,0,                       0,158538
7914,158539,0,                       0,158541,158541,0,                       0,158539
7915,158538,0,                       0,158542,158542,0,                       0,158538
7916,158537,0,                       0,158543,158543,0,                       0,158537
7917,158536,0,                       0,158544,158544,0,                       0,158536
7918,158537,0,                       0,158543,158543,0,                       0,158537
7919,158538,0,                       0,158542,158542,0,                       0,158538
7920,158539,0,                       0,158541,158541,0,                       0,158539
7921,158538,0,                       0,158542,158542,0,                       0,158538
7922,158539,0,                       0,158541,158541,0,                       0,158539
7923,158538,0,                       0,158542,158542,0,                       0,158538
7924,158539,0,                       0,158541,158541,0,                       0,158539
7925,158538,0,                       0,158542,158542,0,                       0,158538
7926,158539,0,                       0,158541,158541,0,                       0,158539
7927,158538,0,                       0,158542,158542,0,                       0,158538
7928,158539,0,                       0,158541,158541,0,                       0,158539
7929,158538,0,                       0,158542,158542,0,                       0,158538
7930,158537,0,                       0,158543,158543,0,                       0,158537
7931,158538,0,                       0,158542,158542,0,                       0,158538
7932,158539,0,                       0,158541,158541,0,                       0,158539
7933,158540,0,                       0,158540,158540,0,                       0,158540
7934,158539,0,                       0,158541,158541,0,                       0,158539
7935,158538,0,                       0,158542,158542,0,                       0,158538
7936,158539,0,                       0,158541,158541,0,                       0,158539
7937,158540,0,                       0,158540,158540,0,                       0,158540
7938,158539,0,                       0,158541,158541,0,                       0,158539
7939,158538,0,                       0,158542,158542,0,                       0,158538
7940,158539,0,                       0,158541,158541,0,                       0,158539
7941,158540,0,                       0,158540,158540,0,                       0,158540
7942,158539,0,                       0,158541,158541,0,                       0,158539
7943,158538,0,                       0,158542,158542,0,                       0,158538
7944,158539,0,                       0,158541,158541,0,                       0,158539
7945,158538,0,                       0,158542,158542,0,                       0,158538
7946,158539,0,                       0,158541,158541,0,                       0,158539
7947,158538,0,                       0,158542,158542,0,                       0,158538
7948,158539,0,                       0,158541,158541,0,                       0,158539
7949,158540,0,                       0,158540,158540,0,                       0,158540
7950,158541,0,                       0,158539,158539,0,                       0,158541
7951,158542,0,                       0,158538,158538,0,                       0,158542
7952,158541,0,                       0,158539,158539,0,                       0,158541
7953,158540,0,                       0,158540,158540,0,                       0,158540
7954,158541,0,                       0,158539,158539,0,                       0,158541
7955,158540,0,                       0,158540,158540,0,                       0,158540
7956,158541,0,                       0,158539,158539,0,                       0,158541
7957,158540,0,                       0,158540,158540,0,                       0,158540
7958,158541,0,                       0,158539,158539,0,                       0,158541
7959,158540,0,                       0,158540,158540,0,                       0,158540
7960,158541,0,                       0,158539,158539,0,                       0,158541
7961,158542,0,                       0,158538,158538,0,                       0,158542
7962,158541,0,                       0,158539,158539,0,                       0,158541
7963,158540,0,                       0,158540,158540,0,                       0,158540
7964,158541,0,                       0,158539,158539,0,                       0,158541
7965,158542,0,                       0,158538,158538,0,                       0,158542
7966,158543,0,                       0,158537,158537,0,                       0,158543
7967,158542,0,                       0,158538,158538,0,                       0,158542
7968,158541,0,                       0,158539,158539,0,                       0,158541
7969,158540,0,                       0,158540,158540,0,                       0,158540
7970,158541,0,                       0,158539,158539,0,                       0,158541
7971,158540,0,                       0,158540,158540,0,                       0,158540
7972,158539,0,                       0,158541,158541,0,                       0,158539
7973,158540,0,                       0,158540,158540,0,                       0,158540
7974,158541,0,                       0,158539,158539,0,                       0,158541
7975,158540,0,                       0,158540,158540,0,                       0,158540
7976,158541,0,                       0,158539,158539,0,                       0,158541
7977,158540,0,                       0,158540,158540,0,                       0,158540
7978,158539,0,                       0,158541,158541,0,                       0,158539
7979,158540,0,                       0,158540,158540,0,                       0,158540
7980,158539,0,                       0,158541,158541,0,                       0,158539
7981,158540,0,                       0,158540,158540,0,                       0,158540
7982,158541,0,                       0,158539,158539,0,                       0,158541
7983,158540,0,                       0,158540,158540,0,                       0,158540
7984,158541,0,                       0,158539,158539,0,                       0,158541
7985,158540,0,                       0,158540,158540,0,                       0,158540
7986,158539,0,                       0,158541,158541,0,                       0,158539
7987,158540,0,                       0,158540,158540,0,                       0,158540
7988,158541,0,                       0,158539,158539,0,                       0,158541
7989,158542,0,                       0,158538,158538,0,                       0,158542
7990,158543,0,                       0,158537,158537,0,                       0,158543
7991,158542,0,                       0,158538,158538,0,                       0,158542
7992,158541,0,                       0,158539,158539,0,                       0,158541
7993,158542,0,                       0,158538,158538,0,                       0,158542
7994,158541,0,                       0,158539,158539,0,                       0,158541
7995,158542,0,                       0,158538,158538,0,                       0,158542
7996,158541,0,                       0,158539,158539,0,                       0,158541
7997,158540,0,                       0,158540,158540,0,                       0,158540
7998,158539,0,                       0,158541,158541,0,                       0,158539
7999,158540,0,                       0,158540,158540,0,                       0,158540
8000,158541,0,                       0,158539,158539,0,                       0,158541
8001,158542,0,                       0,158538,158538,0,                       0,158542
8002,158541,0,                       0,158539,158539,0,                       0,158541
8003,158540,0,                       0,158540,158540,0,                       0,158540
8004,158539,0,                       0,158541,158541,0,                       0,158539
8005,158540,0,                       0,158540,158540,0,                       0,158540
8006,158539,0,                       0,158541,158541,0,                       0,158539
8007,158540,0,                       0,158540,158540,0,                       0,158540
8008,158539,0,                       0,158541,158541,0,                       0,158539
8009,158538,0,                       0,158542,158542,0,                       0,158538
8010,158539,0,                       0,158541,158541,0,                       0,158539
8011,158540,0,                       0,158540,158540,0,                       0,158540
8012,158541,0,                       0,158539,158539,0,                       0,158541
8013,158542,0,                       0,158538,158538,0,                       0,158542
8014,158541,0,                       0,158539,158539,0,                       0,158541
8015,158540,0,                       0,158540,158540,0,                       0,158540
8016,158541,0,                       0,158539,158539,0,                       0,158541
8017,158540,0,                       0,158540,158540,0,                       0,158540
8018,158539,0,                       0,158541,158541,0,                       0,158539
8019,158540,0,                       0,158540,158540,0,                       0,158540
8020,158539,0,                       0,158541,158541,0,                       0,158539
8021,158540,0,                       0,158540,158540,0,                       0,158540
8022,158539,0,                       0,158541,158541,0,                       0,158539
8023,158540,0,                       0,158540,158540,0,                       0,158540
8024,158539,0,                       0,158541,158541,0,                       0,158539
8025,158538,0,                       0,158542,158542,0,                       0,158538
8026,158539,0,                       0,158541,158541,0,                       0,158539
8027,158538,0,                       0,158542,158542,0,                       0,158538
8028,158539,0,                       0,158541,158541,0,                       0,158539
8029,158540,0,                       0,158540,158540,0,                       0,158540
8030,158539,0,                       0,158541,158541,0,                       0,158539
8031,158540,0,                       0,158540,158540,0,                       0,158540
8032,158539,0,                       0,158541,158541,0,                       0,158539
8033,158540,0,                       0,158540,158540,0,                       0,158540
8034,158541,0,                       0,158539,158539,0,                       0,158541
8035,158542,0,                       0,158538,158538,0,                       0,158542
8036,158541,0,                       0,158539,158539,0,                       0,158541
8037,158542,0,                       0,158538,158538,0,                       0,158542
8038,158541,0,                       0,158539,158539,0,                       0,158541
8039,158542,0,                       0,158538,158538,0,                       0,158542
8040,158541,0,                       0,158539,158539,0,                       0,158541
8041,158540,0,                       0,158540,158540,0,                       0,158540
8042,158541,0,                       0,158539,158539,0,                       0,158541
8043,158542,0,                       0,158538,158538,0,                       0,158542
8044,158543,0,                       0,158537,158537,0,                       0,158543
8045,158542,0,                       0,158538,158538,0,                       0,158542
8046,158543,0,                       0,158537,158537,0,                       0,158543
8047,158544,0,                       0,158536,158536,0,                       0,158544
8048,158543,0,                       0,158537,158537,0,                       0,158543
8049,158542,0,                       0,158538,158538,0,                       0,158542
8050,158541,0,                       0,158539,158539,0,                       0,158541
8051,158542,0,                       0,158538,158538,0,                       0,158542
8052,158543,0,                       0,158537,158537,0,                       0,158543
8053,158542,0,                       0,158538,158538,0,                       0,158542
8054,158541,0,                       0,158539,158539,0,                       0,158541
8055,158540,0,                       0,158540,158540,0,                       0,158540
8056,158541,0,                       0,158539,158539,0,                       0,158541
8057,158542,0,                       0,158538,158538,0,                       0,158542
8058,158541,0,                       0,158539,158539,0,                       0,158541
8059,158540,0,                       0,158540,158540,0,                       0,158540
8060,158541,0,                       0,158539,158539,0,                       0,158541
8061,158542,0,                       0,158538,158538,0,                       0,158542
8062,158541,0,                       0,158539,158539,0,                       0,158541
8063,158542,0,                       0,158538,158538,0,                       0,158542
8064,158541,0,                       0,158539,158539,0,                       0,158541
8065,158540,0,                       0,158540,158540,0,                       0,158540
8066,158539,0,                       0,158541,158541,0,                       0,158539
8067,158540,0,                       0,158540,158540,0,                       0,158540
8068,158539,0,                       0,158541,158541,0,                       0,158539
8069,158540,0,                       0,158540,158540,0,                       0,158540
8070,158541,0,                       0,158539,158539,0,                       0,158541
8071,158542,0,                       0,158538,158538,0,                       0,158542
8072,158543,0,                       0,158537,158537,0,                       0,158543
8073,158542,0,                       0,158538,158538,0,                       0,158542
8074,158541,0,                       0,158539,158539,0,                       0,158541
8075,158542,0,                       0,158538,158538,0,                       0,158542
8076,158541,0,                       0,158539,158539,0,                       0,158541
8077,158540,0,                       0,158540,158540,0,                       0,158540
8078,158541,0,                       0,158539,158539,0,                       0,158541
8079,158542,0,                       0,158538,158538,0,                       0,158542
8080,158541,0,                       0,158539,158539,0,                       0,158541
8081,158540,0,                       0,158540,158540,0,                       0,158540
8082,158539,0,                       0,158541,158541,0,                       0,158539
8083,158540,0,                       0,158540,158540,0,                       0,158540
8084,158539,0,                       0,158541,158541,0,                       0,158539
8085,158538,0,                       0,158542,158542,0,                       0,158538
8086,158539,0,                       0,158541,158541,0,                       0,158539
8087,158540,0,                       0,158540,158540,0,                       0,158540
8088,158541,0,                       0,158539,158539,0,                       0,158541
8089,158542,0,                       0,158538,158538,0,                       0,158542
8090,158541,0,                       0,158539,158539,0,                       0,158541
8091,158540,0,                       0,158540,158540,0,                       0,158540
8092,158539,0,                       0,158541,158541,0,                       0,158539
8093,158540,0,                       0,158540,158540,0,                       0,158540
8094,158539,0,                       0,158541,158541,0,                       0,158539
8095,158540,0,                       0,158540,158540,0,                       0,158540
8096,158539,0,                       0,158541,158541,0,                       0,158539
8097,158540,0,                       0,158540,158540,0,                       0,158540
8098,158541,0,                       0,158539,158539,0,                       0,158541
8099,158540,0,                       0,158540,158540,0,                       0,158540
8100,158539,0,                       0,158541,158541,0,                       0,158539
8101,158540,0,                       0,158540,158540,0,                       0,158540
8102,158539,0,                       0,158541,158541,0,                       0,158539
8103,158540,0,                       0,158540,158540,0,                       0,158540
8104,158541,0,                       0,158539,158539,0,                       0,158541
8105,158542,0,                       0,158538,158538,0,                       0,158542
8106,158541,0,                       0,158539,158539,0,                       0,158541
8107,158542,0,                       0,158538,158538,0,                       0,158542
8108,158541,0,                       0,158539,158539,0,                       0,158541
8109,158542,0,                       0,158538,158538,0,                       0,158542
8110,158543,0,                       0,158537,158537,0,                       0,158543
8111,158542,0,                       0,158538,158538,0,                       0,158542
8112,158543,0,                       0,158537,158537,0,                       0,158543
8113,158542,0,                       0,158538,158538,0,                       0,158542
8114,158541,0,                       0,158539,158539,0,                       0,158541
8115,158540,0,                       0,158540,158540,0,                       0,158540
8116,158539,0,                       0,158541,158541,0,                       0,158539
8117,158540,0,                       0,158540,158540,0,                       0,158540
8118,158539,0,                       0,158541,158541,0,                       0,158539
8119,158540,0,                       0,158540,158540,0,                       0,158540
8120,158539,0,                       0,158541,158541,0,                       0,158539
8121,158540,0,                       0,158540,158540,0,                       0,158540
8122,158541,0,                       0,158539,158539,0,                       0,158541
8123,158540,0,                       0,158540,158540,0,                       0,158540
8124,158539,0,                       0,158541,158541,0,                       0,158539
8125,158540,0,                       0,158540,158540,0,                       0,158540
8126,158539,0,                       0,158541,158541,0,                       0,158539
8127,158540,0,                       0,158540,158540,0,                       0,158540
8128,158541,0,                       0,158539,158539,0,                       0,158541
8129,158540,0,                       0,158540,158540,0,                       0,158540
8130,158541,0,                       0,158539,158539,0,                       0,158541
8131,158540,0,                       0,158540,158540,0,                       0,158540
8132,158539,0,                       0,158541,158541,0,                       0,158539
8133,158538,0,                       0,158542,158542,0,                       0,158538
8134,158539,0,                       0,158541,158541,0,                       0,158539
8135,158538,0,                       0,158542,158542,0,                       0,158538
8136,158539,0,                       0,158541,158541,0,                       0,158539
8137,158540,0,                       0,158540,158540,0,                       0,158540
8138,158539,0,                       0,158541,158541,0,                       0,158539
8139,158538,0,                       0,158542,158542,0,                       0,158538
8140,158539,0,                       0,158541,158541,0,                       0,158539
8141,158540,0,                       0,158540,158540,0,                       0,158540
8142,158541,0,                       0,158539,158539,0,                       0,158541
8143,158542,0,                       0,158538,158538,0,                       0,158542
8144,158541,0,                       0,158539,158539,0,                       0,158541
8145,158542,0,                       0,158538,158538,0,                       0,158542
8146,158543,0,                       0,158537,158537,0,                       0,158543
8147,158542,0,                       0,158538,158538,0,                       0,158542
8148,158541,0,                       0,158539,158539,0,                       0,158541
8149,158540,0,                       0,158540,158540,0,                       0,158540
8150,158541,0,                       0,158539,158539,0,                       0,158541
8151,158542,0,                       0,158538,158538,0,                       0,158542
8152,158541,0,                       0,158539,158539,0,                       0,158541
8153,158540,0,                       0,158540,158540,0,                       0,158540
8154,158541,0,                       0,158539,158539,0,                       0,158541
8155,158542,0,                       0,158538,158538,0,                       0,158542
8156,158541,0,                       0,158539,158539,0,                       0,158541
8157,158540,0,                       0,158540,158540,0,                       0,158540
8158,158541,0,                       0,158539,158539,0,                       0,158541
8159,158540,0,                       0,158540,158540,0,                       0,158540
8160,158541,0,                       0,158539,158539,0,                       0,158541
8161,158542,0,                       0,158538,158538,0,                       0,158542
8162,158541,0,                       0,158539,158539,0,                       0,158541
8163,158540,0,                       0,158540,158540,0,                       0,158540
8164,158539,0,                       0,158541,158541,0,                       0,158539
8165,158540,0,                       0,158540,158540,0,                       0,158540
8166,158541,0,                       0,158539,158539,0,                       0,158541
8167,158540,0,                       0,158540,158540,0,                       0,158540
8168,158539,0,                       0,158541,158541,0,                       0,158539
8169,158538,0,                       0,158542,158542,0,                       0,158538
8170,158539,0,                       0,158541,158541,0,                       0,158539
8171,158538,0,                       0,158542,158542,0,                       0,158538
8172,158539,0,                       0,158541,158541,0,                       0,158539
8173,158538,0,                       0,158542,158542,0,                       0,158538
8174,158539,0,                       0,158541,158541,0,                       0,158539
8175,158540,0,                       0,158540,158540,0,                       0,158540
8176,158541,0,                       0,158539,158539,0,                       0,158541
8177,158540,0,                       0,158540,158540,0,                       0,158540
8178,158539,0,                       0,158541,158541,0,                       0,158539
8179,158540,0,                       0,158540,158540,0,                       0,158540
8180,158541,0,                       0,158539,158539,0,                       0,158541
8181,158540,0,                       0,158540,158540,0,                       0,158540
8182,158539,0,                       0,158541,158541,0,                       0,158539
8183,158538,0,                       0,158542,158542,0,                       0,158538
8184,158539,0,                       0,158541,158541,0,                       0,158539
8185,158538,0,                       0,158542,158542,0,                       0,158538
8186,158539,0,                       0,158541,158541,0,                       0,158539
8187,158540,0,                       0,158540,158540,0,                       0,158540
8188,158539,0,                       0,158541,158541,0,                       0,158539
8189,158540,0,                       0,158540,158540,0,                       0,158540
8190,158541,0,                       0,158539,158539,0,                       0,158541
8191,158542,0,                       0,158538,158538,0,                       0,158542
8192,158541,0,                       0,158539,158539,0,                       0,158541
8193,158542,0,                       0,158538,158538,0,                       0,158542
8194,158541,0,                       0,158539,158539,0,                       0,158541
8195,158540,0,                       0,158540,158540,0,                       0,158540
8196,158541,0,                       0,158539,158539,0,                       0,158541
8197,158540,0,                       0,158540,158540,0,                       0,158540
8198,158539,0,                       0,158541,158541,0,                       0,158539
8199,158540,0,                       0,158540,158540,0,                       0,158540
8200,158539,0,                       0,158541,158541,0,                       0,158539
8201,158540,0,                       0,158540,158540,0,                       0,158540
8202,158541,0,                       0,158539,158539,0,                       0,158541
8203,158540,0,                       0,158540,158540,0,                       0,158540
8204,158541,0,                       0,158539,158539,0,                       0,158541
8205,158540,0,                       0,158540,158540,0,                       0,158540
8206,158541,0,                       0,158539,158539,0,                       0,158541
8207,158542,0,                       0,158538,158538,0,                       0,158542
8208,158541,0,                       0,158539,158539,0,                       0,158541
8209,158540,0,                       0,158540,158540,0,                       0,158540
8210,158541,0,                       0,158539,158539,0,                       0,158541
8211,158540,0,                       0,158540,158540,0,                       0,158540
8212,158539,0,                       0,158541,158541,0,                       0,158539
8213,158540,0,                       0,158540,158540,0,                       0,158540
8214,158541,0,                       0,158539,158539,0,                       0,158541
8215,158540,0,                       0,158540,158540,0,                       0,158540
8216,158539,0,                       0,158541,158541,0,                       0,158539
8217,158538,0,                       0,158542,158542,0,                       0,158538
8218,158539,0,                       0,158541,158541,0,                       0,158539
8219,158540,0,                       0,158540,158540,0,                       0,158540
8220,158541,0,                       0,158539,158539,0,                       0,158541
8221,158540,0,                       0,158540,158540,0,                       0,158540
8222,158541,0,                       0,158539,158539,0,                       0,158541
8223,158542,0,                       0,158538,158538,0,                       0,158542
8224,158541,0,                       0,158539,158539,0,                       0,158541
8225,158542,0,                       0,158538,158538,0,                       0,158542
8226,158541,0,                       0,158539,158539,0,                       0,158541
8227,158542,0,                       0,158538,158538,0,                       0,158542
8228,158541,0,                       0,158539,158539,0,                       0,158541
8229,158542,0,                       0,158538,158538,0,                       0,158542
8230,158541,0,                       0,158539,158539,0,                       0,158541
8231,158540,0,                       0,158540,158540,0,                       0,158540
8232,158539,0,                       0,158541,158541,0,                       0,158539
8233,158540,0,                       0,158540,158540,0,                       0,158540
8234,158541,0,                       0,158539,158539,0,                       0,158541
8235,158542,0,                       0,158538,158538,0,                       0,158542
8236,158541,0,                       0,158539,158539,0,                       0,158541
8237,158542,0,                       0,158538,158538,0,                       0,158542
8238,158541,0,                       0,158539,158539,0,                       0,158541
8239,158542,0,                       0,158538,158538,0,                       0,158542
8240,158541,0,                       0,158539,158539,0,                       0,158541
8241,158540,0,                       0,158540,158540,0,                       0,158540
8242,158539,0,                       0,158541,158541,0,                       0,158539
8243,158538,0,                       0,158542,158542,0,                       0,158538
8244,158539,0,                       0,158541,158541,0,                       0,158539
8245,158540,0,                       0,158540,158540,0,                       0,158540
8246,158541,0,                       0,158539,158539,0,                       0,158541
8247,158540,0,                       0,158540,158540,0,                       0,158540
8248,158539,0,                       0,158541,158541,0,                       0,158539
8249,158540,0,                       0,158540,158540,0,                       0,158540
8250,158541,0,                       0,158539,158539,0,                       0,158541
8251,158540,0,                       0,158540,158540,0,                       0,158540
8252,158541,0,                       0,158539,158539,0,                       0,158541
8253,158542,0,                       0,158538,158538,0,                       0,158542
8254,158541,0,                       0,158539,158539,0,                       0,158541
8255,158542,0,                       0,158538,158538,0,                       0,158542
8256,158541,0,                       0,158539,158539,0,                       0,158541
8257,158540,0,                       0,158540,158540,0,                       0,158540
8258,158541,0,                       0,158539,158539,0,                       0,158541
8259,158542,0,                       0,158538,158538,0,                       0,158542
8260,158541,0,                       0,158539,158539,0,                       0,158541
8261,158540,0,                       0,158540,158540,0,                       0,158540
8262,158541,0,                       0,158539,158539,0,                       0,158541
8263,158540,0,                       0,158540,158540,0,                       0,158540
8264,158541,0,                       0,158539,158539,0,                       0,158541
8265,158540,0,                       0,158540,158540,0,                       0,158540
8266,158539,0,                       0,158541,158541,0,                       0,158539
8267,158538,0,                       0,158542,158542,0,                       0,158538
8268,158539,0,                       0,158541,158541,0,                       0,158539
8269,158540,0,                       0,158540,158540,0,                       0,158540
8270,158539,0,                       0,158541,158541,0,                       0,158539
8271,158538,0,                       0,158542,158542,0,                       0,158538
8272,158539,0,                       0,158541,158541,0,                       0,158539
8273,158540,0,                       0,158540,158540,0,                       0,158540
8274,158541,0,                       0,158539,158539,0,                       0,158541
8275,158542,0,                       0,158538,158538,0,                       0,158542
8276,158541,0,                       0,158539,158539,0,                       0,158541
8277,158542,0,                       0,158538,158538,0,                       0,158542
8278,158541,0,                       0,158539,158539,0,                       0,158541
8279,158542,0,                       0,158538,158538,0,                       0,158542
8280,158541,0,                       0,158539,158539,0,                       0,158541
8281,158540,0,                       0,158540,158540,0,                       0,158540
8282,158539,0,                       0,158541,158541,0,                       0,158539
8283,158540,0,                       0,158540,158540,0,                       0,158540
8284,158541,0,                       0,158539,158539,0,                       0,158541
8285,158540,0,                       0,158540,158540,0,                       0,158540
8286,158539,0,                       0,158541,158541,0,                       0,158539
8287,158540,0,                       0,158540,158540,0,                       0,158540
8288,158541,0,                       0,158539,158539,0,                       0,158541
8289,158540,0,                       0,158540,158540,0,                       0,158540
8290,158539,0,                       0,158541,158541,0,                       0,158539
8291,158538,0,                       0,158542,158542,0,                       0,158538
8292,158537,0,                       0,158543,158543,0,                       0,158537
8293,158538,0,                       0,158542,158542,0,                       0,158538
8294,158539,0,                       0,158541,158541,0,                       0,158539
8295,158538,0,                       0,158542,158542,0,                       0,158538
8296,158539,0,                       0,158541,158541,0,                       0,158539
8297,158540,0,                       0,158540,158540,0,                       0,158540
8298,158539,0,                       0,158541,158541,0,                       0,158539
8299,158538,0,                       0,158542,158542,0,                       0,158538
8300,158539,0,                       0,158541,158541,0,                       0,158539
8301,158540,0,                       0,158540,158540,0,                       0,158540
8302,158539,0,                       0,158541,158541,0,                       0,158539
8303,158538,0,                       0,158542,158542,0,                       0,158538
8304,158537,0,                       0,158543,158543,0,                       0,158537
8305,158538,0,                       0,158542,158542,0,                       0,158538
8306,158539,0,                       0,158541,158541,0,                       0,158539
8307,158540,0,                       0,158540,158540,0,                       0,158540
8308,158541,0,                       0,158539,158539,0,                       0,158541
8309,158540,0,                       0,158540,158540,0,                       0,158540
8310,158539,0,                       0,158541,158541,0,                       0,158539
8311,158538,0,                       0,158542,158542,0,                       0,158538
8312,158539,0,                       0,158541,158541,0,                       0,158539
8313,158540,0,                       0,158540,158540,0,                       0,158540
8314,158539,0,                       0,158541,158541,0,                       0,158539
8315,158540,0,                       0,158540,158540,0,                       0,158540
8316,158539,0,                       0,158541,158541,0,                       0,158539
8317,158538,0,                       0,158542,158542,0,                       0,158538
8318,158539,0,                       0,158541,158541,0,                       0,158539
8319,158540,0,                       0,158540,158540,0,                       0,158540
8320,158539,0,                       0,158541,158541,0,                       0,158539
8321,158540,0,                       0,158540,158540,0,                       0,158540
8322,158539,0,                       0,158541,158541,0,                       0,158539
8323,158538,0,                       0,158542,158542,0,                       0,158538
8324,158539,0,                       0,158541,158541,0,                       0,158539
8325,158540,0,                       0,158540,158540,0,                       0,158540
8326,158541,0,                       0,158539,158539,0,                       0,158541
8327,158542,0,                       0,158538,158538,0,                       0,158542
8328,158541,0,                       0,158539,158539,0,                       0,158541
8329,158540,0,                       0,158540,158540,0,                       0,158540
8330,158539,0,                       0,158541,158541,0,                       0,158539
8331,158540,0,                       0,158540,158540,0,                       0,158540
8332,158541,0,                       0,158539,158539,0,                       0,158541
8333,158540,0,                       0,158540,158540,0,                       0,158540
8334,158541,0,                       0,158539,158539,0,                       0,158541
8335,158540,0,                       0,158540,158540,0,                       0,158540
8336,158539,0,                       0,158541,158541,0,                       0,158539
8337,158540,0,                       0,158540,158540,0,                       0,158540
8338,158539,0,                       0,158541,158541,0,                       0,158539
8339,158540,0,                       0,158540,158540,0,                       0,158540
8340,158539,0,                       0,158541,158541,0,                       0,158539
8341,158540,0,                       0,158540,158540,0,                       0,158540
8342,158539,0,                       0,158541,158541,0,                       0,158539
8343,158540,0,                       0,158540,158540,0,                       0,158540
8344,158539,0,                       0,158541,158541,0,                       0,158539
8345,158538,0,                       0,158542,158542,0,                       0,158538
8346,158539,0,                       0,158541,158541,0,                       0,158539
8347,158540,0,                       0,158540,158540,0,                       0,158540
8348,158541,0,                       0,158539,158539,0,                       0,158541
8349,158542,0,                       0,158538,158538,0,                       0,158542
8350,158543,0,                       0,158537,158537,0,                       0,158543
8351,158542,0,                       0,158538,158538,0,                       0,158542
8352,158541,0,                       0,158539,158539,0,                       0,158541
8353,158540,0,                       0,158540,158540,0,                       0,158540
8354,158539,0,                       0,158541,158541,0,                       0,158539
8355,158540,0,                       0,158540,158540,0,                       0,158540
8356,158539,0,                       0,158541,158541,0,                       0,158539
8357,158540,0,                       0,158540,158540,0,                       0,158540
8358,158539,0,                       0,158541,158541,0,                       0,158539
8359,158540,0,                       0,158540,158540,0,                       0,158540
8360,158539,0,                       0,158541,158541,0,                       0,158539
8361,158540,0,                       0,158540,158540,0,                       0,158540
8362,158539,0,                       0,158541,158541,0,                       0,158539
8363,158540,0,                       0,158540,158540,0,                       0,158540
8364,158539,0,                       0,158541,158541,0,                       0,158539
8365,158540,0,                       0,158540,158540,0,                       0,158540
8366,158539,0,                       0,158541,158541,0,                       0,158539
8367,158540,0,                       0,158540,158540,0,                       0,158540
8368,158539,0,                       0,158541,158541,0,                       0,158539
8369,158538,0,                       0,158542,158542,0,                       0,158538
8370,158539,0,                       0,158541,158541,0,                       0,158539
8371,158540,0,                       0,158540,158540,0,                       0,158540
8372,158539,0,                       0,158541,158541,0,                       0,158539
8373,158538,0,                       0,158542,158542,0,                       0,158538
8374,158539,0,                       0,158541,158541,0,                       0,158539
8375,158538,0,                       0,158542,158542,0,                       0,158538
8376,158539,0,                       0,158541,158541,0,                       0,158539
8377,158540,0,                       0,158540,158540,0,                       0,158540
8378,158541,0,                       0,158539,158539,0,                       0,158541
8379,158540,0,                       0,158540,158540,0,                       0,158540
8380,158539,0,                       0,158541,158541,0,                       0,158539
8381,158540,0,                       0,158540,158540,0,                       0,158540
8382,158539,0,                       0,158541,158541,0,                       0,158539
8383,158538,0,                       0,158542,158542,0,                       0,158538
8384,158539,0,                       0,158541,158541,0,                       0,158539
8385,158540,0,                       0,158540,158540,0,                       0,158540
8386,158539,0,                       0,158541,158541,0,                       0,158539
8387,158538,0,                       0,158542,158542,0,                       0,158538
8388,158539,0,                       0,158541,158541,0,                       0,158539
8389,158538,0,                       0,158542,158542,0,                       0,158538
8390,158539,0,                       0,158541,158541,0,                       0,158539
8391,158540,0,                       0,158540,158540,0,                       0,158540
8392,158541,0,                       0,158539,158539,0,                       0,158541
8393,158540,0,                       0,158540,158540,0,                       0,158540
8394,158539,0,                       0,158541,158541,0,                       0,158539
8395,158540,0,                       0,158540,158540,0,                       0,158540
8396,158541,0,                       0,158539,158539,0,                       0,158541
8397,158542,0,                       0,158538,158538,0,                       0,158542
8398,158541,0,                       0,158539,158539,0,                       0,158541
8399,158542,0,                       0,158538,158538,0,                       0,158542
8400,158541,0,                       0,158539,158539,0,                       0,158541
8401,158542,0,                       0,158538,158538,0,                       0,158542
8402,158541,0,                       0,158539,158539,0,                       0,158541
8403,158540,0,                       0,158540,158540,0,                       0,158540
8404,158539,0,                       0,158541,158541,0,                       0,158539
8405,158540,0,                       0,158540,158540,0,                       0,158540
8406,158541,0,                       0,158539,158539,0,                       0,158541
8407,158542,0,                       0,158538,158538,0,                       0,158542
8408,158541,0,                       0,158539,158539,0,                       0,158541
8409,158540,0,                       0,158540,158540,0,                       0,158540
8410,158541,0,                       0,158539,158539,0,                       0,158541
8411,158542,0,                       0,158538,158538,0,                       0,158542
8412,158541,0,                       0,158539,158539,0,                       0,158541
8413,158542,0,                       0,158538,158538,0,                       0,158542
8414,158541,0,                       0,158539,158539,0,                       0,158541
8415,158540,0,                       0,158540,158540,0,                       0,158540
8416,158541,0,                       0,158539,158539,0,                       0,158541
8417,158540,0,                       0,158540,158540,0,                       0,158540
8418,158541,0,                       0,158539,158539,0,                       0,158541
8419,158542,0,                       0,158538,158538,0,                       0,158542
8420,158541,0,                       0,158539,158539,0,                       0,158541
8421,158542,0,                       0,158538,158538,0,                       0,158542
8422,158541,0,                       0,158539,158539,0,                       0,158541
8423,158540,0,                       0,158540,158540,0,                       0,158540
8424,158539,0,                       0,158541,158541,0,                       0,158539
8425,158538,0,                       0,158542,158542,0,                       0,158538
8426,158539,0,                       0,158541,158541,0,                       0,158539
8427,158540,0,                       0,158540,158540,0,                       0,158540
8428,158541,0,                       0,158539,158539,0,                       0,158541
8429,158540,0,                       0,158540,158540,0,                       0,158540
8430,158539,0,                       0,158541,158541,0,                       0,158539
8431,158540,0,                       0,158540,158540,0,                       0,158540
8432,158541,0,                       0,158539,158539,0,                       0,158541
8433,158540,0,                       0,158540,158540,0,                       0,158540
8434,158541,0,                       0,158539,158539,0,                       0,158541
8435,158542,0,                       0,158538,158538,0,                       0,158542
8436,158543,0,                       0,158537,158537,0,                       0,158543
8437,158542,0,                       0,158538,158538,0,                       0,158542
8438,158543,0,                       0,158537,158537,0,                       0,158543
8439,158542,0,                       0,158538,158538,0,                       0,158542
8440,158541,0,                       0,158539,158539,0,                       0,158541
8441,158540,0,                       0,158540,158540,0,                       0,158540
8442,158541,0,                       0,158539,158539,0,                       0,158541
8443,158542,0,                       0,158538,158538,0,                       0,158542
8444,158541,0,                       0,158539,158539,0,                       0,158541
8445,158542,0,                       0,158538,158538,0,                       0,158542
8446,158543,0,                       0,158537,158537,0,                       0,158543
8447,158544,0,                       0,158536,158536,0,                       0,158544
8448,158545,0,                       0,158535,158535,0,                       0,158545
8449,158544,0,                       0,158536,158536,0,                       0,158544
8450,158543,0,                       0,158537,158537,0,                       0,158543
8451,158542,0,                       0,158538,158538,0,                       0,158542
8452,158543,0,                       0,158537,158537,0,                       0,158543
8453,158542,0,                       0,158538,158538,0,                       0,158542
8454,158541,0,                       0,158539,158539,0,                       0,158541
8455,158540,0,                       0,158540,158540,0,                       0,158540
8456,158539,0,                       0,158541,158541,0,                       0,158539
8457,158540,0,                       0,158540,158540,0,                       0,158540
8458,158541,0,                       0,158539,158539,0,                       0,158541
8459,158540,0,                       0,158540,158540,0,                       0,158540
8460,158541,0,                       0,158539,158539,0,                       0,158541
8461,158540,0,                       0,158540,158540,0,                       0,158540
8462,158541,0,                       0,158539,158539,0,                       0,158541
8463,158542,0,                       0,158538,158538,0,                       0,158542
8464,158541,0,                       0,158539,158539,0,                       0,158541
8465,158540,0,                       0,158540,158540,0,                       0,158540
8466,158541,0,                       0,158539,158539,0,                       0,158541
8467,158542,0,                       0,158538,158538,0,                       0,158542
8468,158541,0,                       0,158539,158539,0,                       0,158541
8469,158540,0,                       0,158540,158540,0,                       0,158540
8470,158541,0,                       0,158539,158539,0,                       0,158541
8471,158540,0,                       0,158540,158540,0,                       0,158540
8472,158541,0,                       0,158539,158539,0,                       0,158541
8473,158542,0,                       0,158538,158538,0,                       0,158542
8474,158543,0,                       0,158537,158537,0,                       0,158543
8475,158542,0,                       0,158538,158538,0,                       0,158542
8476,158541,0,                       0,158539,158539,0,                       0,158541
8477,158542,0,                       0,158538,158538,0,                       0,158542
8478,158541,0,                       0,158539,158539,0,                       0,158541
8479,158540,0,                       0,158540,158540,0,                       0,158540
8480,158539,0,                       0,158541,158541,0,                       0,158539
8481,158540,0,                       0,158540,158540,0,                       0,158540
8482,158539,0,                       0,158541,158541,0,                       0,158539
8483,158540,0,                       0,158540,158540,0,                       0,158540
8484,158541,0,                       0,158539,158539,0,                       0,158541
8485,158542,0,                       0,158538,158538,0,                       0,158542
8486,158543,0,                       0,158537,158537,0,                       0,158543
8487,158542,0,                       0,158538,158538,0,                       0,158542
8488,158541,0,                       0,158539,158539,0,                       0,158541
8489,158542,0,                       0,158538,158538,0,                       0,158542
8490,158541,0,                       0,158539,158539,0,                       0,158541
8491,158540,0,                       0,158540,158540,0,                       0,158540
8492,158541,0,                       0,158539,158539,0,                       0,158541
8493,158542,0,                       0,158538,158538,0,                       0,158542
8494,158541,0,                       0,158539,158539,0,                       0,158541
8495,158542,0,                       0,158538,158538,0,                       0,158542
8496,158541,0,                       0,158539,158539,0,                       0,158541
8497,158540,0,                       0,158540,158540,0,                       0,158540
8498,158541,0,                       0,158539,158539,0,                       0,158541
8499,158540,0,                       0,158540,158540,0,                       0,158540
8500,158541,0,                       0,158539,158539,0,                       0,158541
8501,158540,0,                       0,158540,158540,0,                       0,158540
8502,158539,0,                       0,158541,158541,0,                       0,158539
8503,158538,0,                       0,158542,158542,0,                       0,158538
8504,158539,0,                       0,158541,158541,0,                       0,158539
8505,158540,0,                       0,158540,158540,0,                       0,158540
8506,158541,0,                       0,158539,158539,0,                       0,158541
8507,158540,0,                       0,158540,158540,0,                       0,158540
8508,158539,0,                       0,158541,158541,0,                       0,158539
8509,158540,0,                       0,158540,158540,0,                       0,158540
8510,158541,0,                       0,158539,158539,0,                       0,158541
8511,158542,0,                       0,158538,158538,0,                       0,158542
8512,158541,0,                       0,158539,158539,0,                       0,158541
8513,158542,0,                       0,158538,158538,0,                       0,158542
8514,158543,0,                       0,158537,158537,0,                       0,158543
8515,158542,0,                       0,158538,158538,0,                       0,158542
8516,158541,0,                       0,158539,158539,0,                       0,158541
8517,158542,0,                       0,158538,158538,0,                       0,158542
8518,158541,0,                       0,158539,158539,0,                       0,158541
8519,158542,0,                       0,158538,158538,0,                       0,158542
8520,158541,0,                       0,158539,158539,0,                       0,158541
8521,158540,0,                       0,158540,158540,0,                       0,158540
8522,158539,0,                       0,158541,158541,0,                       0,158539
8523,158540,0,                       0,158540,158540,0,                       0,158540
8524,158541,0,                       0,158539,158539,0,                       0,158541
8525,158542,0,                       0,158538,158538,0,                       0,158542
8526,158541,0,                       0,158539,158539,0,                       0,158541
8527,158542,0,                       0,158538,158538,0,                       0,158542
8528,158541,0,                       0,158539,158539,0,                       0,158541
8529,158540,0,                       0,158540,158540,0,                       0,158540
8530,158541,0,                       0,158539,158539,0,                       0,158541
8531,158542,0,                       0,158538,158538,0,                       0,158542
8532,158541,0,                       0,158539,158539,0,                       0,158541
8533,158540,0,                       0,158540,158540,0,                       0,158540
8534,158539,0,                       0,158541,158541,0,                       0,158539
8535,158540,0,                       0,158540,158540,0,                       0,158540
8536,158541,0,                       0,158539,158539,0,                       0,158541
8537,158542,0,                       0,158538,158538,0,                       0,158542
8538,158541,0,                       0,158539,158539,0,                       0,158541
8539,158542,0,                       0,158538,158538,0,                       0,158542
8540,158541,0,                       0,158539,158539,0,                       0,158541
8541,158540,0,                       0,158540,158540,0,                       0,158540
8542,158541,0,                       0,158539,158539,0,                       0,158541
8543,158542,0,                       0,158538,158538,0,                       0,158542
8544,158543,0,                       0,158537,158537,0,                       0,158543
8545,158542,0,                       0,158538,158538,0,                       0,158542
8546,158541,0,                       0,158539,158539,0,                       0,158541
8547,158540,0,                       0,158540,158540,0,                       0,158540
8548,158541,0,                       0,158539,158539,0,                       0,158541
8549,158540,0,                       0,158540,158540,0,                       0,158540
8550,158541,0,                       0,158539,158539,0,                       0,158541
8551,158540,0,                       0,158540,158540,0,                       0,158540
8552,158541,0,                       0,158539,158539,0,                       0,158541
8553,158542,0,                       0,158538,158538,0,                       0,158542
8554,158541,0,                       0,158539,158539,0,                       0,158541
8555,158540,0,                       0,158540,158540,0,                       0,158540
8556,158541,0,                       0,158539,158539,0,                       0,158541
8557,158542,0,                       0,158538,158538,0,                       0,158542
8558,158541,0,                       0,158539,158539,0,                       0,158541
8559,158540,0,                       0,158540,158540,0,                       0,158540
8560,158541,0,                       0,158539,158539,0,                       0,158541
8561,158540,0,                       0,158540,158540,0,                       0,158540
8562,158541,0,                       0,158539,158539,0,                       0,158541
8563,158542,0,                       0,158538,158538,0,                       0,158542
8564,158541,0,                       0,158539,158539,0,                       0,158541
8565,158540,0,                       0,158540,158540,0,                       0,158540
8566,158541,0,                       0,158539,158539,0,                       0,158541
8567,158542,0,                       0,158538,158538,0,                       0,158542
8568,158541,0,                       0,158539,158539,0,                       0,158541
8569,158540,0,                       0,158540,158540,0,                       0,158540
8570,158541,0,                       0,158539,158539,0,                       0,158541
8571,158542,0,                       0,158538,158538,0,                       0,158542
8572,158541,0,                       0,158539,158539,0,                       0,158541
8573,158540,0,                       0,158540,158540,0,                       0,158540
8574,158539,0,                       0,158541,158541,0,                       0,158539
8575,158538,0,                       0,158542,158542,0,                       0,158538
8576,158539,0,                       0,158541,158541,0,                       0,158539
8577,158540,0,                       0,158540,158540,0,                       0,158540
8578,158539,0,                       0,158541,158541,0,                       0,158539
8579,158540,0,                       0,158540,158540,0,                       0,158540
8580,158541,0,                       0,158539,158539,0,                       0,158541
8581,158542,0,                       0,158538,158538,0,                       0,158542
8582,158541,0,                       0,158539,158539,0,                       0,158541
8583,158540,0,                       0,158540,158540,0,                       0,158540
8584,158539,0,                       0,158541,158541,0,                       0,158539
8585,158540,0,                       0,158540,158540,0,                       0,158540
8586,158539,0,                       0,158541,158541,0,                       0,158539
8587,158540,0,                       0,158540,158540,0,                       0,158540
8588,158541,0,                       0,158539,158539,0,                       0,158541
8589,158542,0,                       0,158538,158538,0,                       0,158542
8590,158541,0,                       0,158539,158539,0,                       0,158541
8591,158542,0,                       0,158538,158538,0,                       0,158542
8592,158541,0,                       0,158539,158539,0,                       0,158541
8593,158542,0,                       0,158538,158538,0,                       0,158542
8594,158541,0,                       0,158539,158539,0,                       0,158541
8595,158540,0,                       0,158540,158540,0,                       0,158540
8596,158539,0,                       0,158541,158541,0,                       0,158539
8597,158540,0,                       0,158540,158540,0,                       0,158540
8598,158539,0,                       0,158541,158541,0,                       0,158539
8599,158540,0,                       0,158540,158540,0,                       0,158540
8600,158541,0,                       0,158539,158539,0,                       0,158541
8601,158540,0,                       0,158540,158540,0,                       0,158540
8602,158541,0,                       0,158539,158539,0,                       0,158541
8603,158540,0,                       0,158540,158540,0,                       0,158540
8604,158541,0,                       0,158539,158539,0,                       0,158541
8605,158540,0,                       0,158540,158540,0,                       0,158540
8606,158541,0,                       0,158539,158539,0,                       0,158541
8607,158540,0,                       0,158540,158540,0,                       0,158540
8608,158541,0,                       0,158539,158539,0,                       0,158541
8609,158542,0,                       0,158538,158538,0,                       0,158542
8610,158543,0,                       0,158537,158537,0,                       0,158543
8611,158542,0,                       0,158538,158538,0,                       0,158542
8612,158541,0,                       0,158539,158539,0,                       0,158541
8613,158540,0,                       0,158540,158540,0,                       0,158540
8614,158541,0,                       0,158539,158539,0,                       0,158541
8615,158540,0,                       0,158540,158540,0,                       0,158540
8616,158539,0,                       0,158541,158541,0,                       0,158539
8617,158538,0,                       0,158542,158542,0,                       0,158538
8618,158539,0,                       0,158541,158541,0,                       0,158539
8619,158538,0,                       0,158542,158542,0,                       0,158538
8620,158539,0,                       0,158541,158541,0,                       0,158539
8621,158538,0,                       0,158542,158542,0,                       0,158538
8622,158539,0,                       0,158541,158541,0,                       0,158539
8623,158540,0,                       0,158540,158540,0,                       0,158540
8624,158539,0,                       0,158541,158541,0,                       0,158539
8625,158540,0,                       0,158540,158540,0,                       0,158540
8626,158539,0,                       0,158541,158541,0,                       0,158539
8627,158540,0,                       0,158540,158540,0,                       0,158540
8628,158541,0,                       0,158539,158539,0,                       0,158541
8629,158542,0,                       0,158538,158538,0,                       0,158542
8630,158543,0,                       0,158537,158537,0,                       0,158543
8631,158544,0,                       0,158536,158536,0,                       0,158544
8632,158543,0,                       0,158537,158537,0,                       0,158543
8633,158542,0,                       0,158538,158538,0,                       0,158542
8634,158541,0,                       0,158539,158539,0,                       0,158541
8635,158540,0,                       0,158540,158540,0,                       0,158540
8636,158539,0,                       0,158541,158541,0,                       0,158539
8637,158538,0,                       0,158542,158542,0,                       0,158538
8638,158539,0,                       0,158541,158541,0,                       0,158539
8639,158540,0,                       0,158540,158540,0,                       0,158540
8640,158541,0,                       0,158539,158539,0,                       0,158541
8641,158540,0,                       0,158540,158540,0,                       0,158540
8642,158539,0,                       0,158541,158541,0,                       0,158539
8643,158540,0,                       0,158540,158540,0,                       0,158540
8644,158539,0,                       0,158541,158541,0,                       0,158539
8645,158540,0,                       0,158540,158540,0,                       0,158540
8646,158541,0,                       0,158539,158539,0,                       0,158541
8647,158540,0,                       0,158540,158540,0,                       0,158540
8648,158541,0,                       0,158539,158539,0,                       0,158541
8649,158540,0,                       0,158540,158540,0,                       0,158540
8650,158539,0,                       0,158541,158541,0,                       0,158539
8651,158538,0,                       0,158542,158542,0,                       0,158538
8652,158539,0,                       0,158541,158541,0,                       0,158539
8653,158540,0,                       0,158540,158540,0,                       0,158540
8654,158541,0,                       0,158539,158539,0,                       0,158541
8655,158540,0,                       0,158540,158540,0,                       0,158540
8656,158541,0,                       0,158539,158539,0,                       0,158541
8657,158540,0,                       0,158540,158540,0,                       0,158540
8658,158541,0,                       0,158539,158539,0,                       0,158541
8659,158542,0,                       0,158538,158538,0,                       0,158542
8660,158541,0,                       0,158539,158539,0,                       0,158541
8661,158542,0,                       0,158538,158538,0,                       0,158542
8662,158541,0,                       0,158539,158539,0,                       0,158541
8663,158540,0,                       0,158540,158540,0,                       0,158540
8664,158539,0,                       0,158541,158541,0,                       0,158539
8665,158540,0,                       0,158540,158540,0,                       0,158540
8666,158541,0,                       0,158539,158539,0,                       0,158541
8667,158542,0,                       0,158538,158538,0,                       0,158542
8668,158541,0,                       0,158539,158539,0,                       0,158541
8669,158540,0,                       0,158540,158540,0,                       0,158540
8670,158539,0,                       0,158541,158541,0,                       0,158539
8671,158538,0,                       0,158542,158542,0,                       0,158538
8672,158539,0,                       0,158541,158541,0,                       0,158539
8673,158540,0,                       0,158540,158540,0,                       0,158540
8674,158541,0,                       0,158539,158539,0,                       0,158541
8675,158542,0,                       0,158538,158538,0,                       0,158542
8676,158541,0,                       0,158539,158539,0,                       0,158541
8677,158542,0,                       0,158538,158538,0,                       0,158542
8678,158541,0,                       0,158539,158539,0,                       0,158541
8679,158542,0,                       0,158538,158538,0,                       0,158542
8680,158541,0,                       0,158539,158539,0,                       0,158541
8681,158542,0,                       0,158538,158538,0,                       0,158542
8682,158541,0,                       0,158539,158539,0,                       0,158541
8683,158540,0,                       0,158540,158540,0,                       0,158540
8684,158541,0,                       0,158539,158539,0,                       0,158541
8685,158540,0,                       0,158540,158540,0,                       0,158540
8686,158541,0,                       0,158539,158539,0,                       0,158541
8687,158542,0,                       0,158538,158538,0,                       0,158542
8688,158541,0,                       0,158539,158539,0,                       0,158541
8689,158540,0,                       0,158540,158540,0,                       0,158540
8690,158541,0,                       0,158539,158539,0,                       0,158541
8691,158542,0,                       0,158538,158538,0,                       0,158542
8692,158541,0,                       0,158539,158539,0,                       0,158541
8693,158540,0,                       0,158540,158540,0,                       0,158540
8694,158541,0,                       0,158539,158539,0,                       0,158541
8695,158542,0,                       0,158538,158538,0,                       0,158542
8696,158543,0,                       0,158537,158537,0,                       0,158543
8697,158542,0,                       0,158538,158538,0,                       0,158542
8698,158541,0,                       0,158539,158539,0,                       0,158541
8699,158540,0,                       0,158540,158540,0,                       0,158540
8700,158541,0,                       0,158539,158539,0,                       0,158541
8701,158540,0,                       0,158540,158540,0,                       0,158540
8702,158539,0,                       0,158541,158541,0,                       0,158539
8703,158538,0,                       0,158542,158542,0,                       0,158538
8704,158539,0,                       0,158541,158541,0,                       0,158539
8705,158540,0,                       0,158540,158540,0,                       0,158540
8706,158541,0,                       0,158539,158539,0,                       0,158541
8707,158540,0,                       0,158540,158540,0,                       0,158540
8708,158539,0,                       0,158541,158541,0,                       0,158539
8709,158538,0,                       0,158542,158542,0,                       0,158538
8710,158539,0,                       0,158541,158541,0,                       0,158539
8711,158540,0,                       0,158540,158540,0,                       0,158540
8712,158539,0,                       0,158541,158541,0,                       0,158539
8713,158540,0,                       0,158540,158540,0,                       0,158540
8714,158539,0,                       0,158541,158541,0,                       0,158539
8715,158540,0,                       0,158540,158540,0,                       0,158540
8716,158541,0,                       0,158539,158539,0,                       0,158541
8717,158542,0,                       0,158538,158538,0,                       0,158542
8718,158541,0,                       0,158539,158539,0,                       0,158541
8719,158540,0,                       0,158540,158540,0,                       0,158540
8720,158539,0,                       0,158541,158541,0,                       0,158539
8721,158538,0,                       0,158542,158542,0,                       0,158538
8722,158539,0,                       0,158541,158541,0,                       0,158539
8723,158540,0,                       0,158540,158540,0,                       0,158540
8724,158539,0,                       0,158541,158541,0,                       0,158539
8725,158540,0,                       0,158540,158540,0,                       0,158540
8726,158541,0,                       0,158539,158539,0,                       0,158541
8727,158540,0,                       0,158540,158540,0,                       0,158540
8728,158539,0,                       0,158541,158541,0,                       0,158539
8729,158540,0,                       0,158540,158540,0,                       0,158540
8730,158539,0,                       0,158541,158541,0,                       0,158539
8731,158540,0,                       0,158540,158540,0,                       0,158540
8732,158541,0,                       0,158539,158539,0,                       0,158541
8733,158540,0,                       0,158540,158540,0,                       0,158540
8734,158539,0,                       0,158541,158541,0,                       0,158539
8735,158538,0,                       0,158542,158542,0,                       0,158538
8736,158539,0,                       0,158541,158541,0,                       0,158539
8737,158540,0,                       0,158540,158540,0,                       0,158540
8738,158539,0,                       0,158541,158541,0,                       0,158539
8739,158540,0,                       0,158540,158540,0,                       0,158540
8740,158539,0,                       0,158541,158541,0,                       0,158539
8741,158538,0,                       0,158542,158542,0,                       0,158538
8742,158539,0,                       0,158541,158541,0,                       0,158539
8743,158540,0,                       0,158540,158540,0,                       0,158540
8744,158539,0,                       0,158541,158541,0,                       0,158539
8745,158540,0,                       0,158540,158540,0,                       0,158540
8746,158539,0,                       0,158541,158541,0,                       0,158539
8747,158538,0,                       0,158542,158542,0,                       0,158538
8748,158539,0,                       0,158541,158541,0,                       0,158539
8749,158540,0,                       0,158540,158540,0,                       0,158540
8750,158541,0,                       0,158539,158539,0,                       0,158541
8751,158540,0,                       0,158540,158540,0,                       0,158540
8752,158539,0,                       0,158541,158541,0,                       0,158539
8753,158538,0,                       0,158542,158542,0,                       0,158538
8754,158539,0,                       0,158541,158541,0,                       0,158539
8755,158538,0,                       0,158542,158542,0,                       0,158538
8756,158539,0,                       0,158541,158541,0,                       0,158539
8757,158540,0,                       0,158540,158540,0,                       0,158540
8758,158541,0,                       0,158539,158539,0,                       0,158541
8759,158542,0,                       0,158538,158538,0,                       0,158542
8760,158541,0,                       0,158539,158539,0,                       0,158541
8761,158540,0,                       0,158540,158540,0,                       0,158540
8762,158541,0,                       0,158539,158539,0,                       0,158541
8763,158540,0,                       0,158540,158540,0,                       0,158540
8764,158539,0,                       0,158541,158541,0,                       0,158539
8765,158540,0,                       0,158540,158540,0,                       0,158540
8766,158539,0,                       0,158541,158541,0,                       0,158539
8767,158538,0,                       0,158542,158542,0,                       0,158538
8768,158539,0,                       0,158541,158541,0,                       0,158539
8769,158538,0,                       0,158542,158542,0,                       0,158538
8770,158539,0,                       0,158541,158541,0,                       0,158539
8771,158540,0,                       0,158540,158540,0,                       0,158540
8772,158541,0,                       0,158539,158539,0,                       0,158541
8773,158542,0,                       0,158538,158538,0,                       0,158542
8774,158543,0,                       0,158537,158537,0,                       0,158543
8775,158542,0,                       0,158538,158538,0,                       0,158542
8776,158541,0,                       0,158539,158539,0,                       0,158541
8777,158540,0,                       0,158540,158540,0,                       0,158540
8778,158539,0,                       0,158541,158541,0,                       0,158539
8779,158540,0,                       0,158540,158540,0,                       0,158540
8780,158539,0,                       0,158541,158541,0,                       0,158539
8781,158540,0,                       0,158540,158540,0,                       0,158540
8782,158539,0,                       0,158541,158541,0,                       0,158539
8783,158538,0,                       0,158542,158542,0,                       0,158538
8784,158539,0,                       0,158541,158541,0,                       0,158539
8785,158540,0,                       0,158540,158540,0,                       0,158540
8786,158541,0,                       0,158539,158539,0,                       0,158541
8787,158542,0,                       0,158538,158538,0,                       0,158542
8788,158541,0,                       0,158539,158539,0,                       0,158541
8789,158542,0,                       0,158538,158538,0,                       0,158542
8790,158541,0,                       0,158539,158539,0,                       0,158541
8791,158540,0,                       0,158540,158540,0,                       0,158540
8792,158539,0,                       0,158541,158541,0,                       0,158539
8793,158538,0,                       0,158542,158542,0,                       0,158538
8794,158539,0,                       0,158541,158541,0,                       0,158539
8795,158540,0,                       0,158540,158540,0,                       0,158540
8796,158541,0,                       0,158539,158539,0,                       0,158541
8797,158542,0,                       0,158538,158538,0,                       0,158542
8798,158541,0,                       0,158539,158539,0,                       0,158541
8799,158542,0,                       0,158538,158538,0,                       0,158542
8800,158541,0,                       0,158539,158539,0,                       0,158541
8801,158540,0,                       0,158540,158540,0,                       0,158540
8802,158539,0,                       0,158541,158541,0,                       0,158539
8803,158538,0,                       0,158542,158542,0,                       0,158538
8804,158539,0,                       0,158541,158541,0,                       0,158539
8805,158540,0,                       0,158540,158540,0,                       0,158540
8806,158539,0,                       0,158541,158541,0,                       0,158539
8807,158540,0,                       0,158540,158540,0,                       0,158540
8808,158539,0,                       0,158541,158541,0,                       0,158539
8809,158540,0,                       0,158540,158540,0,                       0,158540
8810,158541,0,                       0,158539,158539,0,                       0,158541
8811,158542,0,                       0,158538,158538,0,                       0,158542
8812,158541,0,                       0,158539,158539,0,                       0,158541
8813,158542,0,                       0,158538,158538,0,                       0,158542
8814,158541,0,                       0,158539,158539,0,                       0,158541
8815,158540,0,                       0,158540,158540,0,                       0,158540
8816,158539,0,                       0,158541,158541,0,                       0,158539
8817,158538,0,                       0,158542,158542,0,                       0,158538
8818,158539,0,                       0,158541,158541,0,                       0,158539
8819,158540,0,                       0,158540,158540,0,                       0,158540
8820,158539,0,                       0,158541,158541,0,                       0,158539
8821,158540,0,                       0,158540,158540,0,                       0,158540
8822,158541,0,                       0,158539,158539,0,                       0,158541
8823,158542,0,                       0,158538,158538,0,                       0,158542
8824,158541,0,                       0,158539,158539,0,                       0,158541
8825,158540,0,                       0,158540,158540,0,                       0,158540
8826,158539,0,                       0,158541,158541,0,                       0,158539
8827,158540,0,                       0,158540,158540,0,                       0,158540
8828,158539,0,                       0,158541,158541,0,                       0,158539
8829,158540,0,                       0,158540,158540,0,                       0,158540
8830,158541,0,                       0,158539,158539,0,                       0,158541
8831,158540,0,                       0,158540,158540,0,                       0,158540
8832,158539,0,                       0,158541,158541,0,                       0,158539
8833,158540,0,                       0,158540,158540,0,                       0,158540
8834,158539,0,                       0,158541,158541,0,                       0,158539
8835,158540,0,                       0,158540,158540,0,                       0,158540
8836,158539,0,                       0,158541,158541,0,                       0,158539
8837,158538,0,                       0,158542,158542,0,                       0,158538
8838,158537,0,                       0,158543,158543,0,                       0,158537
8839,158538,0,                       0,158542,158542,0,                       0,158538
8840,158539,0,                       0,158541,158541,0,                       0,158539
8841,158538,0,                       0,158542,158542,0,                       0,158538
8842,158539,0,                       0,158541,158541,0,                       0,158539
8843,158538,0,                       0,158542,158542,0,                       0,158538
8844,158539,0,                       0,158541,158541,0,                       0,158539
8845,158538,0,                       0,158542,158542,0,                       0,158538
8846,158539,0,                       0,158541,158541,0,                       0,158539
8847,158538,0,                       0,158542,158542,0,                       0,158538
8848,158539,0,                       0,158541,158541,0,                       0,158539
8849,158540,0,                       0,158540,158540,0,                       0,158540
8850,158539,0,                       0,158541,158541,0,                       0,158539
8851,158538,0,                       0,158542,158542,0,                       0,158538
8852,158537,0,                       0,158543,158543,0,                       0,158537
8853,158538,0,                       0,158542,158542,0,                       0,158538
8854,158539,0,                       0,158541,158541,0,                       0,158539
8855,158538,0,                       0,158542,158542,0,                       0,158538
8856,158539,0,                       0,158541,158541,0,                       0,158539
8857,158540,0,                       0,158540,158540,0,                       0,158540
8858,158539,0,                       0,158541,158541,0,                       0,158539
8859,158540,0,                       0,158540,158540,0,                       0,158540
8860,158539,0,                       0,158541,158541,0,                       0,158539
8861,158540,0,                       0,158540,158540,0,                       0,158540
8862,158539,0,                       0,158541,158541,0,                       0,158539
8863,158538,0,                       0,158542,158542,0,                       0,158538
8864,158537,0,                       0,158543,158543,0,                       0,158537
8865,158538,0,                       0,158542,158542,0,                       0,158538
8866,158539,0,                       0,158541,158541,0,                       0,158539
8867,158540,0,                       0,158540,158540,0,                       0,158540
8868,158541,0,                       0,158539,158539,0,                       0,158541
8869,158540,0,                       0,158540,158540,0,                       0,158540
8870,158541,0,                       0,158539,158539,0,                       0,158541
8871,158542,0,                       0,158538,158538,0,                       0,158542
8872,158541,0,                       0,158539,158539,0,                       0,158541
8873,158540,0,                       0,158540,158540,0,                       0,158540
8874,158539,0,                       0,158541,158541,0,                       0,158539
8875,158540,0,                       0,158540,158540,0,                       0,158540
8876,158539,0,                       0,158541,158541,0,                       0,158539
8877,158538,0,                       0,158542,158542,0,                       0,158538
8878,158539,0,                       0,158541,158541,0,                       0,158539
8879,158540,0,                       0,158540,158540,0,                       0,158540
8880,158541,0,                       0,158539,158539,0,                       0,158541
8881,158540,0,                       0,158540,158540,0,                       0,158540
8882,158541,0,                       0,158539,158539,0,                       0,158541
8883,158540,0,                       0,158540,158540,0,                       0,158540
8884,158541,0,                       0,158539,158539,0,                       0,158541
8885,158542,0,                       0,158538,158538,0,                       0,158542
8886,158543,0,                       0,158537,158537,0,                       0,158543
8887,158544,0,                       0,158536,158536,0,                       0,158544
8888,158543,0,                       0,158537,158537,0,                       0,158543
8889,158544,0,                       0,158536,158536,0,                       0,158544
8890,158543,0,                       0,158537,158537,0,                       0,158543
8891,158542,0,                       0,158538,158538,0,                       0,158542
8892,158541,0,                       0,158539,158539,0,                       0,158541
8893,158540,0,                       0,158540,158540,0,                       0,158540
8894,158539,0,                       0,158541,158541,0,                       0,158539
8895,158540,0,                       0,158540,158540,0,                       0,158540
8896,158539,0,                       0,158541,158541,0,                       0,158539
8897,158540,0,                       0,158540,158540,0,                       0,158540
8898,158541,0,                       0,158539,158539,0,                       0,158541
8899,158540,0,                       0,158540,158540,0,                       0,158540
8900,158539,0,                       0,158541,158541,0,                       0,158539
8901,158540,0,                       0,158540,158540,0,                       0,158540
8902,158541,0,                       0,158539,158539,0,                       0,158541
8903,158540,0,                       0,158540,158540,0,                       0,158540
8904,158539,0,                       0,158541,158541,0,                       0,158539
8905,158538,0,                       0,158542,158542,0,                       0,158538
8906,158539,0,                       0,158541,158541,0,                       0,158539
8907,158540,0,                       0,158540,158540,0,                       0,158540
8908,158539,0,                       0,158541,158541,0,                       0,158539
8909,158540,0,                       0,158540,158540,0,                       0,158540
8910,158539,0,                       0,158541,158541,0,                       0,158539
8911,158538,0,                       0,158542,158542,0,                       0,158538
8912,158539,0,                       0,158541,158541,0,                       0,158539
8913,158540,0,                       0,158540,158540,0,                       0,158540
8914,158541,0,                       0,158539,158539,0,                       0,158541
8915,158540,0,                       0,158540,158540,0,                       0,158540
8916,158541,0,                       0,158539,158539,0,                       0,158541
8917,158540,0,                       0,158540,158540,0,                       0,158540
8918,158541,0,                       0,158539,158539,0,                       0,158541
8919,158540,0,                       0,158540,158540,0,                       0,158540
8920,158541,0,                       0,158539,158539,0,                       0,158541
8921,158540,0,                       0,158540,158540,0,                       0,158540
8922,158539,0,                       0,158541,158541,0,                       0,158539
8923,158540,0,                       0,158540,158540,0,                       0,158540
8924,158539,0,                       0,158541,158541,0,                       0,158539
8925,158540,0,                       0,158540,158540,0,                       0,158540
8926,158541,0,                       0,158539,158539,0,                       0,158541
8927,158540,0,                       0,158540,158540,0,                       0,158540
8928,158541,0,                       0,158539,158539,0,                       0,158541
8929,158540,0,                       0,158540,158540,0,                       0,158540
8930,158539,0,                       0,158541,158541,0,                       0,158539
8931,158540,0,                       0,158540,158540,0,                       0,158540
8932,158541,0,                       0,158539,158539,0,                       0,158541
8933,158542,0,                       0,158538,158538,0,                       0,158542
8934,158541,0,                       0,158539,158539,0,                       0,158541
8935,158542,0,                       0,158538,158538,0,                       0,158542
8936,158541,0,                       0,158539,158539,0,                       0,158541
8937,158540,0,                       0,158540,158540,0,                       0,158540
8938,158541,0,                       0,158539,158539,0,                       0,158541
8939,158542,0,                       0,158538,158538,0,                       0,158542
8940,158541,0,                       0,158539,158539,0,                       0,158541
8941,158540,0,                       0,158540,158540,0,                       0,158540
8942,158541,0,                       0,158539,158539,0,                       0,158541
8943,158542,0,                       0,158538,158538,0,                       0,158542
8944,158541,0,                       0,158539,158539,0,                       0,158541
8945,158540,0,                       0,158540,158540,0,                       0,158540
8946,158541,0,                       0,158539,158539,0,                       0,158541
8947,158542,0,                       0,158538,158538,0,                       0,158542
8948,158543,0,                       0,158537,158537,0,                       0,158543
8949,158542,0,                       0,158538,158538,0,                       0,158542
8950,158543,0,                       0,158537,158537,0,                       0,158543
8951,158544,0,                       0,158536,158536,0,                       0,158544
8952,158543,0,                       0,158537,158537,0,                       0,158543
8953,158542,0,                       0,158538,158538,0,                       0,158542
8954,158543,0,                       0,158537,158537,0,                       0,158543
8955,158544,0,                       0,158536,158536,0,                       0,158544
8956,158543,0,                       0,158537,158537,0,                       0,158543
8957,158544,0,                       0,158536,158536,0,                       0,158544
8958,158545,0,                       0,158535,158535,0,                       0,158545
8959,158546,0,                       0,158534,158534,0,                       0,158546
8960,158545,0,                       0,158535,158535,0,                       0,158545
8961,158546,0,                       0,158534,158534,0,                       0,158546
8962,158545,0,                       0,158535,158535,0,                       0,158545
8963,158546,0,                       0,158534,158534,0,                       0,158546
8964,158547,0,                       0,158533,158533,0,                       0,158547
8965,158548,0,                       0,158532,158532,0,                       0,158548
8966,158549,0,                       0,158531,158531,0,                       0,158549
8967,158548,0,                       0,158532,158532,0,                       0,158548
8968,158549,0,                       0,158531,158531,0,                       0,158549
8969,158550,0,                       0,158530,158530,0,                       0,158550
8970,158549,0,                       0,158531,158531,0,                       0,158549
8971,158548,0,                       0,158532,158532,0,                       0,158548
8972,158549,0,                       0,158531,158531,0,                       0,158549
8973,158550,0,                       0,158530,158530,0,                       0,158550
8974,158551,0,                       0,158529,158529,0,                       0,158551
8975,158550,0,                       0,158530,158530,0,                       0,158550
8976,158549,0,                       0,158531,158531,0,                       0,158549
8977,158550,0,                       0,158530,158530,0,                       0,158550
8978,158551,0,                       0,158529,158529,0,                       0,158551
8979,158550,0,                       0,158530,158530,0,                       0,158550
8980,158549,0,                       0,158531,158531,0,                       0,158549
8981,158548,0,                       0,158532,158532,0,                       0,158548
8982,158547,0,                       0,158533,158533,0,                       0,158547
8983,158546,0,                       0,158534,158534,0,                       0,158546
8984,158545,0,                       0,158535,158535,0,                       0,158545
8985,158544,0,                       0,158536,158536,0,                       0,158544
8986,158543,0,                       0,158537,158537,0,                       0,158543
8987,158542,0,                       0,158538,158538,0,                       0,158542
8988,158541,0,                       0,158539,158539,0,                       0,158541
8989,158540,0,                       0,158540,158540,0,                       0,158540
8990,158539,0,                       0,158541,158541,0,                       0,158539
8991,158538,0,                       0,158542,158542,0,                       0,158538
8992,158537,0,                       0,158543,158543,0,                       0,158537
8993,158538,0,                       0,158542,158542,0,                       0,158538
8994,158539,0,                       0,158541,158541,0,                       0,158539
8995,158540,0,                       0,158540,158540,0,                       0,158540
8996,158541,0,                       0,158539,158539,0,                       0,158541
8997,158542,0,                       0,158538,158538,0,                       0,158542
8998,158543,0,                       0,158537,158537,0,                       0,158543
8999,158542,0,                       0,158538,158538,0,                       0,158542
9000,158543,0,                       0,158537,158537,0,                       0,158543
9001,158542,0,                       0,158538,158538,0,                       0,158542
9002,158543,0,                       0,158537,158537,0,                       0,158543
9003,158542,0,                       0,158538,158538,0,                       0,158542
9004,158541,0,                       0,158539,158539,0,                       0,158541
9005,158540,0,                       0,158540,158540,0,                       0,158540
9006,158541,0,                       0,158539,158539,0,                       0,158541
9007,158542,0,                       0,158538,158538,0,                       0,158542
9008,158543,0,                       0,158537,158537,0,                       0,158543
9009,158542,0,                       0,158538,158538,0,                       0,158542
9010,158541,0,                       0,158539,158539,0,                       0,158541
9011,158540,0,                       0,158540,158540,0,                       0,158540
9012,158541,0,                       0,158539,158539,0,                       0,158541
9013,158540,0,                       0,158540,158540,0,                       0,158540
9014,158539,0,                       0,158541,158541,0,                       0,158539
9015,158540,0,                       0,158540,158540,0,                       0,158540
9016,158539,0,                       0,158541,158541,0,                       0,158539
9017,158540,0,                       0,158540,158540,0,                       0,158540
9018,158541,0,                       0,158539,158539,0,                       0,158541
9019,158542,0,                       0,158538,158538,0,                       0,158542
9020,158543,0,                       0,158537,158537,0,                       0,158543
9021,158544,0,                       0,158536,158536,0,                       0,158544
9022,158543,0,                       0,158537,158537,0,                       0,158543
9023,158544,0,                       0,158536,158536,0,                       0,158544
9024,158543,0,                       0,158537,158537,0,                       0,158543
9025,158542,0,                       0,158538,158538,0,                       0,158542
9026,158543,0,                       0,158537,158537,0,                       0,158543
9027,158544,0,                       0,158536,158536,0,                       0,158544
9028,158543,0,                       0,158537,158537,0,                       0,158543
9029,158542,0,                       0,158538,158538,0,                       0,158542
9030,158541,0,                       0,158539,158539,0,                       0,158541
9031,158540,0,                       0,158540,158540,0,                       0,158540
9032,158541,0,                       0,158539,158539,0,                       0,158541
9033,158540,0,                       0,158540,158540,0,                       0,158540
9034,158539,0,                       0,158541,158541,0,                       0,158539
9035,158538,0,                       0,158542,158542,0,                       0,158538
9036,158539,0,                       0,158541,158541,0,                       0,158539
9037,158540,0,                       0,158540,158540,0,                       0,158540
9038,158539,0,                       0,158541,158541,0,                       0,158539
9039,158540,0,                       0,158540,158540,0,                       0,158540
9040,158541,0,                       0,158539,158539,0,                       0,158541
9041,158542,0,                       0,158538,158538,0,                       0,158542
9042,158541,0,                       0,158539,158539,0,                       0,158541
9043,158540,0,                       0,158540,158540,0,                       0,158540
9044,158541,0,                       0,158539,158539,0,                       0,158541
9045,158540,0,                       0,158540,158540,0,                       0,158540
9046,158541,0,                       0,158539,158539,0,                       0,158541
9047,158542,0,                       0,158538,158538,0,                       0,158542
9048,158541,0,                       0,158539,158539,0,                       0,158541
9049,158540,0,                       0,158540,158540,0,                       0,158540
9050,158541,0,                       0,158539,158539,0,                       0,158541
9051,158542,0,                       0,158538,158538,0,                       0,158542
9052,158543,0,                       0,158537,158537,0,                       0,158543
9053,158544,0,                       0,158536,158536,0,                       0,158544
9054,158545,0,                       0,158535,158535,0,                       0,158545
9055,158546,0,                       0,158534,158534,0,                       0,158546
9056,158545,0,                       0,158535,158535,0,                       0,158545
9057,158544,0,                       0,158536,158536,0,                       0,158544
9058,158543,0,                       0,158537,158537,0,                       0,158543
9059,158542,0,                       0,158538,158538,0,                       0,158542
9060,158541,0,                       0,158539,158539,0,                       0,158541
9061,158540,0,                       0,158540,158540,0,                       0,158540
9062,158539,0,                       0,158541,158541,0,                       0,158539
9063,158540,0,                       0,158540,158540,0,                       0,158540
9064,158539,0,                       0,158541,158541,0,                       0,158539
9065,158540,0,                       0,158540,158540,0,                       0,158540
9066,158541,0,                       0,158539,158539,0,                       0,158541
9067,158540,0,                       0,158540,158540,0,                       0,158540
9068,158541,0,                       0,158539,158539,0,                       0,158541
9069,158540,0,                       0,158540,158540,0,                       0,158540
9070,158539,0,                       0,158541,158541,0,                       0,158539
9071,158538,0,                       0,158542,158542,0,                       0,158538
9072,158539,0,                       0,158541,158541,0,                       0,158539
9073,158540,0,                       0,158540,158540,0,                       0,158540
9074,158539,0,                       0,158541,158541,0,                       0,158539
9075,158540,0,                       0,158540,158540,0,                       0,158540
9076,158539,0,                       0,158541,158541,0,                       0,158539
9077,158540,0,                       0,158540,158540,0,                       0,158540
9078,158539,0,                       0,158541,158541,0,                       0,158539
9079,158540,0,                       0,158540,158540,0,                       0,158540
9080,158541,0,                       0,158539,158539,0,                       0,158541
9081,158542,0,                       0,158538,158538,0,                       0,158542
9082,158541,0,                       0,158539,158539,0,                       0,158541
9083,158540,0,                       0,158540,158540,0,                       0,158540
9084,158541,0,                       0,158539,158539,0,                       0,158541
9085,158540,0,                       0,158540,158540,0,                       0,158540
9086,158541,0,                       0,158539,158539,0,                       0,158541
9087,158542,0,                       0,158538,158538,0,                       0,158542
9088,158543,0,                       0,158537,158537,0,                       0,158543
9089,158544,0,                       0,158536,158536,0,                       0,158544
9090,158543,0,                       0,158537,158537,0,                       0,158543
9091,158542,0,                       0,158538,158538,0,                       0,158542
9092,158541,0,                       0,158539,158539,0,                       0,158541
9093,158542,0,                       0,158538,158538,0,                       0,158542
9094,158541,0,                       0,158539,158539,0,                       0,158541
9095,158542,0,                       0,158538,158538,0,                       0,158542
9096,158541,0,                       0,158539,158539,0,                       0,158541
9097,158542,0,                       0,158538,158538,0,                       0,158542
9098,158541,0,                       0,158539,158539,0,                       0,158541
9099,158540,0,                       0,158540,158540,0,                       0,158540
9100,158541,0,                       0,158539,158539,0,                       0,158541
9101,158540,0,                       0,158540,158540,0,                       0,158540
9102,158541,0,                       0,158539,158539,0,                       0,158541
9103,158542,0,                       0,158538,158538,0,                       0,158542
9104,158543,0,                       0,158537,158537,0,                       0,158543
9105,158542,0,                       0,158538,158538,0,                       0,158542
9106,158541,0,                       0,158539,158539,0,                       0,158541
9107,158540,0,                       0,158540,158540,0,                       0,158540
9108,158541,0,                       0,158539,158539,0,                       0,158541
9109,158540,0,                       0,158540,158540,0,                       0,158540
9110,158541,0,                       0,158539,158539,0,                       0,158541
9111,158540,0,                       0,158540,158540,0,                       0,158540
9112,158539,0,                       0,158541,158541,0,                       0,158539
9113,158540,0,                       0,158540,158540,0,                       0,158540
9114,158541,0,                       0,158539,158539,0,                       0,158541
9115,158540,0,                       0,158540,158540,0,                       0,158540
9116,158541,0,                       0,158539,158539,0,                       0,158541
9117,158540,0,                       0,158540,158540,0,                       0,158540
9118,158539,0,                       0,158541,158541,0,                       0,158539
9119,158538,0,                       0,158542,158542,0,                       0,158538
9120,158537,0,                       0,158543,158543,0,                       0,158537
9121,158538,0,                       0,158542,158542,0,                       0,158538
9122,158539,0,                       0,158541,158541,0,                       0,158539
9123,158540,0,                       0,158540,158540,0,                       0,158540
9124,158539,0,                       0,158541,158541,0,                       0,158539
9125,158540,0,                       0,158540,158540,0,                       0,158540
9126,158541,0,                       0,158539,158539,0,                       0,158541
9127,158540,0,                       0,158540,158540,0,                       0,158540
9128,158541,0,                       0,158539,158539,0,                       0,158541
9129,158542,0,                       0,158538,158538,0,                       0,158542
9130,158541,0,                       0,158539,158539,0,                       0,158541
9131,158540,0,                       0,158540,158540,0,                       0,158540
9132,158539,0,                       0,158541,158541,0,                       0,158539
9133,158538,0,                       0,158542,158542,0,                       0,158538
9134,158539,0,                       0,158541,158541,0,                       0,158539
9135,158540,0,                       0,158540,158540,0,                       0,158540
9136,158541,0,                       0,158539,158539,0,                       0,158541
9137,158542,0,                       0,158538,158538,0,                       0,158542
9138,158541,0,                       0,158539,158539,0,                       0,158541
9139,158542,0,                       0,158538,158538,0,                       0,158542
9140,158541,0,                       0,158539,158539,0,                       0,158541
9141,158540,0,                       0,158540,158540,0,                       0,158540
9142,158541,0,                       0,158539,158539,0,                       0,158541
9143,158542,0,                       0,158538,158538,0,                       0,158542
9144,158541,0,                       0,158539,158539,0,                       0,158541
9145,158540,0,                       0,158540,158540,0,                       0,158540
9146,158539,0,                       0,158541,158541,0,                       0,158539
9147,158538,0,                       0,158542,158542,0,                       0,158538
9148,158539,0,                       0,158541,158541,0,                       0,158539
9149,158540,0,                       0,158540,158540,0,                       0,158540
9150,158541,0,                       0,158539,158539,0,                       0,158541
9151,158540,0,                       0,158540,158540,0,                       0,158540
9152,158539,0,                       0,158541,158541,0,                       0,158539
9153,158540,0,                       0,158540,158540,0,                       0,158540
9154,158539,0,                       0,158541,158541,0,                       0,158539
9155,158540,0,                       0,158540,158540,0,                       0,158540
9156,158541,0,                       0,158539,158539,0,                       0,158541
9157,158540,0,                       0,158540,158540,0,                       0,158540
9158,158539,0,                       0,158541,158541,0,                       0,158539
9159,158538,0,                       0,158542,158542,0,                       0,158538
9160,158539,0,                       0,158541,158541,0,                       0,158539
9161,158540,0,                       0,158540,158540,0,                       0,158540
9162,158541,0,                       0,158539,158539,0,                       0,158541
9163,158540,0,                       0,158540,158540,0,                       0,158540
9164,158541,0,                       0,158539,158539,0,                       0,158541
9165,158540,0,                       0,158540,158540,0,                       0,158540
9166,158539,0,                       0,158541,158541,0,                       0,158539
9167,158538,0,                       0,158542,158542,0,                       0,158538
9168,158539,0,                       0,158541,158541,0,                       0,158539
9169,158540,0,                       0,158540,158540,0,                       0,158540
9170,158539,0,                       0,158541,158541,0,                       0,158539
9171,158540,0,                       0,158540,158540,0,                       0,158540
9172,158539,0,                       0,158541,158541,0,                       0,158539
9173,158540,0,                       0,158540,158540,0,                       0,158540
9174,158539,0,                       0,158541,158541,0,                       0,158539
9175,158538,0,                       0,158542,158542,0,                       0,158538
9176,158539,0,                       0,158541,158541,0,                       0,158539
9177,158540,0,                       0,158540,158540,0,                       0,158540
9178,158539,0,                       0,158541,158541,0,                       0,158539
9179,158538,0,                       0,158542,158542,0,                       0,158538
9180,158539,0,                       0,158541,158541,0,                       0,158539
9181,158538,0,                       0,158542,158542,0,                       0,158538
9182,158539,0,                       0,158541,158541,0,                       0,158539
9183,158540,0,                       0,158540,158540,0,                       0,158540
9184,158539,0,                       0,158541,158541,0,                       0,158539
9185,158540,0,                       0,158540,158540,0,                       0,158540
9186,158539,0,                       0,158541,158541,0,                       0,158539
9187,158540,0,                       0,158540,158540,0,                       0,158540
9188,158541,0,                       0,158539,158539,0,                       0,158541
9189,158540,0,                       0,158540,158540,0,                       0,158540
9190,158539,0,                       0,158541,158541,0,                       0,158539
9191,158540,0,                       0,158540,158540,0,                       0,158540
9192,158539,0,                       0,158541,158541,0,                       0,158539
9193,158540,0,                       0,158540,158540,0,                       0,158540
9194,158539,0,                       0,158541,158541,0,                       0,158539
9195,158538,0,                       0,158542,158542,0,                       0,158538
9196,158539,0,                       0,158541,158541,0,                       0,158539
9197,158538,0,                       0,158542,158542,0,                       0,158538
9198,158537,0,                       0,158543,158543,0,                       0,158537
9199,158538,0,                       0,158542,158542,0,                       0,158538
9200,158537,0,                       0,158543,158543,0,                       0,158537
9201,158538,0,                       0,158542,158542,0,                       0,158538
9202,158539,0,                       0,158541,158541,0,                       0,158539
9203,158538,0,                       0,158542,158542,0,                       0,158538
9204,158539,0,                       0,158541,158541,0,                       0,158539
9205,158540,0,                       0,158540,158540,0,                       0,158540
9206,158539,0,                       0,158541,158541,0,                       0,158539
9207,158538,0,                       0,158542,158542,0,                       0,158538
9208,158537,0,                       0,158543,158543,0,                       0,158537
9209,158538,0,                       0,158542,158542,0,                       0,158538
9210,158539,0,                       0,158541,158541,0,                       0,158539
9211,158540,0,                       0,158540,158540,0,                       0,158540
9212,158541,0,                       0,158539,158539,0,                       0,158541
9213,158540,0,                       0,158540,158540,0,                       0,158540
9214,158539,0,                       0,158541,158541,0,                       0,158539
9215,158538,0,                       0,158542,158542,0,                       0,158538
9216,158537,0,                       0,158543,158543,0,                       0,158537
9217,158538,0,                       0,158542,158542,0,                       0,158538
9218,158537,0,                       0,158543,158543,0,                       0,158537
9219,158538,0,                       0,158542,158542,0,                       0,158538
9220,158539,0,                       0,158541,158541,0,                       0,158539
9221,158540,0,                       0,158540,158540,0,                       0,158540
9222,158541,0,                       0,158539,158539,0,                       0,158541
9223,158540,0,                       0,158540,158540,0,                       0,158540
9224,158539,0,                       0,158541,158541,0,                       0,158539
9225,158538,0,                       0,158542,158542,0,                       0,158538
9226,158539,0,                       0,158541,158541,0,                       0,158539
9227,158540,0,                       0,158540,158540,0,                       0,158540
9228,158541,0,                       0,158539,158539,0,                       0,158541
9229,158540,0,                       0,158540,158540,0,                       0,158540
9230,158541,0,                       0,158539,158539,0,                       0,158541
9231,158540,0,                       0,158540,158540,0,                       0,158540
9232,158539,0,                       0,158541,158541,0,                       0,158539
9233,158538,0,                       0,158542,158542,0,                       0,158538
9234,158539,0,                       0,158541,158541,0,                       0,158539
9235,158540,0,                       0,158540,158540,0,                       0,158540
9236,158541,0,                       0,158539,158539,0,                       0,158541
9237,158542,0,                       0,158538,158538,0,                       0,158542
9238,158541,0,                       0,158539,158539,0,                       0,158541
9239,158540,0,                       0,158540,158540,0,                       0,158540
9240,158539,0,                       0,158541,158541,0,                       0,158539
9241,158540,0,                       0,158540,158540,0,                       0,158540
9242,158539,0,                       0,158541,158541,0,                       0,158539
9243,158540,0,                       0,158540,158540,0,                       0,158540
9244,158541,0,                       0,158539,158539,0,                       0,158541
9245,158540,0,                       0,158540,158540,0,                       0,158540
9246,158541,0,                       0,158539,158539,0,                       0,158541
9247,158542,0,                       0,158538,158538,0,                       0,158542
9248,158543,0,                       0,158537,158537,0,                       0,158543
9249,158544,0,                       0,158536,158536,0,                       0,158544
9250,158545,0,                       0,158535,158535,0,                       0,158545
9251,158546,0,                       0,158534,158534,0,                       0,158546
9252,158547,0,                       0,158533,158533,0,                       0,158547
9253,158548,0,                       0,158532,158532,0,                       0,158548
9254,158549,0,                       0,158531,158531,0,                       0,158549
9255,158548,0,                       0,158532,158532,0,                       0,158548
9256,158547,0,                       0,158533,158533,0,                       0,158547
9257,158546,0,                       0,158534,158534,0,                       0,158546
9258,158545,0,                       0,158535,158535,0,                       0,158545
9259,158544,0,                       0,158536,158536,0,                       0,158544
9260,158543,0,                       0,158537,158537,0,                       0,158543
9261,158542,0,                       0,158538,158538,0,                       0,158542
9262,158541,0,                       0,158539,158539,0,                       0,158541
9263,158540,0,                       0,158540,158540,0,                       0,158540
9264,158541,0,                       0,158539,158539,0,                       0,158541
9265,158540,0,                       0,158540,158540,0,                       0,158540
9266,158539,0,                       0,158541,158541,0,                       0,158539
9267,158538,0,                       0,158542,158542,0,                       0,158538
9268,158539,0,                       0,158541,158541,0,                       0,158539
9269,158540,0,                       0,158540,158540,0,                       0,158540
9270,158541,0,                       0,158539,158539,0,                       0,158541
9271,158542,0,                       0,158538,158538,0,                       0,158542
9272,158541,0,                       0,158539,158539,0,                       0,158541
9273,158540,0,                       0,158540,158540,0,                       0,158540
9274,158539,0,                       0,158541,158541,0,                       0,158539
9275,158538,0,                       0,158542,158542,0,                       0,158538
9276,158539,0,                       0,158541,158541,0,                       0,158539
9277,158540,0,                       0,158540,158540,0,                       0,158540
9278,158541,0,                       0,158539,158539,0,                       0,158541
9279,158540,0,                       0,158540,158540,0,                       0,158540
9280,158541,0,                       0,158539,158539,0,                       0,158541
9281,158542,0,                       0,158538,158538,0,                       0,158542
9282,158541,0,                       0,158539,158539,0,                       0,158541
9283,158540,0,                       0,158540,158540,0,                       0,158540
9284,158541,0,                       0,158539,158539,0,                       0,158541
9285,158540,0,                       0,158540,158540,0,                       0,158540
9286,158539,0,                       0,158541,158541,0,                       0,158539
9287,158540,0,                       0,158540,158540,0,                       0,158540
9288,158541,0,                       0,158539,158539,0,                       0,158541
9289,158542,0,                       0,158538,158538,0,                       0,158542
9290,158541,0,                       0,158539,158539,0,                       0,158541
9291,158540,0,                       0,158540,158540,0,                       0,158540
9292,158539,0,                       0,158541,158541,0,                       0,158539
9293,158540,0,                       0,158540,158540,0,                       0,158540
9294,158539,0,                       0,158541,158541,0,                       0,158539
9295,158538,0,                       0,158542,158542,0,                       0,158538
9296,158539,0,                       0,158541,158541,0,                       0,158539
9297,158540,0,                       0,158540,158540,0,                       0,158540
9298,158539,0,                       0,158541,158541,0,                       0,158539
9299,158540,0,                       0,158540,158540,0,                       0,158540
9300,158539,0,                       0,158541,158541,0,                       0,158539
9301,158538,0,                       0,158542,158542,0,                       0,158538
9302,158539,0,                       0,158541,158541,0,                       0,158539
9303,158538,0,                       0,158542,158542,0,                       0,158538
9304,158539,0,                       0,158541,158541,0,                       0,158539
9305,158540,0,                       0,158540,158540,0,                       0,158540
9306,158539,0,                       0,158541,158541,0,                       0,158539
9307,158538,0,                       0,158542,158542,0,                       0,158538
9308,158539,0,                       0,158541,158541,0,                       0,158539
9309,158540,0,                       0,158540,158540,0,                       0,158540
9310,158541,0,                       0,158539,158539,0,                       0,158541
9311,158540,0,                       0,158540,158540,0,                       0,158540
9312,158539,0,                       0,158541,158541,0,                       0,158539
9313,158538,0,                       0,158542,158542,0,                       0,158538
9314,158537,0,                       0,158543,158543,0,                       0,158537
9315,158538,0,                       0,158542,158542,0,                       0,158538
9316,158537,0,                       0,158543,158543,0,                       0,158537
9317,158538,0,                       0,158542,158542,0,                       0,158538
9318,158539,0,                       0,158541,158541,0,                       0,158539
9319,158540,0,                       0,158540,158540,0,                       0,158540
9320,158539,0,                       0,158541,158541,0,                       0,158539
9321,158540,0,                       0,158540,158540,0,                       0,158540
9322,158539,0,                       0,158541,158541,0,                       0,158539
9323,158538,0,                       0,158542,158542,0,                       0,158538
9324,158539,0,                       0,158541,158541,0,                       0,158539
9325,158538,0,                       0,158542,158542,0,                       0,158538
9326,158539,0,                       0,158541,158541,0,                       0,158539
9327,158540,0,                       0,158540,158540,0,                       0,158540
9328,158541,0,                       0,158539,158539,0,                       0,158541
9329,158540,0,                       0,158540,158540,0,                       0,158540
9330,158541,0,                       0,158539,158539,0,                       0,158541
9331,158540,0,                       0,158540,158540,0,                       0,158540
9332,158541,0,                       0,158539,158539,0,                       0,158541
9333,158540,0,                       0,158540,158540,0,                       0,158540
9334,158541,0,                       0,158539,158539,0,                       0,158541
9335,158540,0,                       0,158540,158540,0,                       0,158540
9336,158541,0,                       0,158539,158539,0,                       0,158541
9337,158540,0,                       0,158540,158540,0,                       0,158540
9338,158541,0,                       0,158539,158539,0,                       0,158541
9339,158542,0,                       0,158538,158538,0,                       0,158542
9340,158541,0,                       0,158539,158539,0,                       0,158541
9341,158540,0,                       0,158540,158540,0,                       0,158540
9342,158541,0,                       0,158539,158539,0,                       0,158541
9343,158540,0,                       0,158540,158540,0,                       0,158540
9344,158541,0,                       0,158539,158539,0,                       0,158541
9345,158542,0,                       0,158538,158538,0,                       0,158542
9346,158541,0,                       0,158539,158539,0,                       0,158541
9347,158540,0,                       0,158540,158540,0,                       0,158540
9348,158539,0,                       0,158541,158541,0,                       0,158539
9349,158538,0,                       0,158542,158542,0,                       0,158538
9350,158537,0,                       0,158543,158543,0,                       0,158537
9351,158538,0,                       0,158542,158542,0,                       0,158538
9352,158539,0,                       0,158541,158541,0,                       0,158539
9353,158540,0,                       0,158540,158540,0,                       0,158540
9354,158541,0,                       0,158539,158539,0,                       0,158541
9355,158540,0,                       0,158540,158540,0,                       0,158540
9356,158541,0,                       0,158539,158539,0,                       0,158541
9357,158540,0,                       0,158540,158540,0,                       0,158540
9358,158541,0,                       0,158539,158539,0,                       0,158541
9359,158542,0,                       0,158538,158538,0,                       0,158542
9360,158543,0,                       0,158537,158537,0,                       0,158543
9361,158542,0,                       0,158538,158538,0,                       0,158542
9362,158543,0,                       0,158537,158537,0,                       0,158543
9363,158542,0,                       0,158538,158538,0,                       0,158542
9364,158541,0,                       0,158539,158539,0,                       0,158541
9365,158540,0,                       0,158540,158540,0,                       0,158540
9366,158541,0,                       0,158539,158539,0,                       0,158541
9367,158540,0,                       0,158540,158540,0,                       0,158540
9368,158539,0,                       0,158541,158541,0,                       0,158539
9369,158540,0,                       0,158540,158540,0,                       0,158540
9370,158541,0,                       0,158539,158539,0,                       0,158541
9371,158542,0,                       0,158538,158538,0,                       0,158542
9372,158541,0,                       0,158539,158539,0,                       0,158541
9373,158542,0,                       0,158538,158538,0,                       0,158542
9374,158541,0,                       0,158539,158539,0,                       0,158541
9375,158542,0,                       0,158538,158538,0,                       0,158542
9376,158541,0,                       0,158539,158539,0,                       0,158541
9377,158540,0,                       0,158540,158540,0,                       0,158540
9378,158539,0,                       0,158541,158541,0,                       0,158539
9379,158538,0,                       0,158542,158542,0,                       0,158538
9380,158537,0,                       0,158543,158543,0,                       0,158537
9381,158538,0,                       0,158542,158542,0,                       0,158538
9382,158539,0,                       0,158541,158541,0,                       0,158539
9383,158540,0,                       0,158540,158540,0,                       0,158540
9384,158541,0,                       0,158539,158539,0,                       0,158541
9385,158540,0,                       0,158540,158540,0,                       0,158540
9386,158541,0,                       0,158539,158539,0,                       0,158541
9387,158540,0,                       0,158540,158540,0,                       0,158540
9388,158541,0,                       0,158539,158539,0,                       0,158541
9389,158540,0,                       0,158540,158540,0,                       0,158540
9390,158541,0,                       0,158539,158539,0,                       0,158541
9391,158542,0,                       0,158538,158538,0,                       0,158542
9392,158541,0,                       0,158539,158539,0,                       0,158541
9393,158542,0,                       0,158538,158538,0,                       0,158542
9394,158541,0,                       0,158539,158539,0,                       0,158541
9395,158540,0,                       0,158540,158540,0,                       0,158540
9396,158539,0,                       0,158541,158541,0,                       0,158539
9397,158540,0,                       0,158540,158540,0,                       0,158540
9398,158539,0,                       0,158541,158541,0,                       0,158539
9399,158540,0,                       0,158540,158540,0,                       0,158540
9400,158541,0,                       0,158539,158539,0,                       0,158541
9401,158540,0,                       0,158540,158540,0,                       0,158540
9402,158541,0,                       0,158539,158539,0,                       0,158541
9403,158542,0,                       0,158538,158538,0,                       0,158542
9404,158541,0,                       0,158539,158539,0,                       0,158541
9405,158540,0,                       0,158540,158540,0,                       0,158540
9406,158541,0,                       0,158539,158539,0,                       0,158541
9407,158540,0,                       0,158540,158540,0,                       0,158540
9408,158539,0,                       0,158541,158541,0,                       0,158539
9409,158540,0,                       0,158540,158540,0,                       0,158540
9410,158541,0,                       0,158539,158539,0,                       0,158541
9411,158540,0,                       0,158540,158540,0,                       0,158540
9412,158539,0,                       0,158541,158541,0,                       0,158539
9413,158540,0,                       0,158540,158540,0,                       0,158540
9414,158541,0,                       0,158539,158539,0,                       0,158541
9415,158542,0,                       0,158538,158538,0,                       0,158542
9416,158541,0,                       0,158539,158539,0,                       0,158541
9417,158542,0,                       0,158538,158538,0,                       0,158542
9418,158541,0,                       0,158539,158539,0,                       0,158541
9419,158542,0,                       0,158538,158538,0,                       0,158542
9420,158541,0,                       0,158539,158539,0,                       0,158541
9421,158540,0,                       0,158540,158540,0,                       0,158540
9422,158539,0,                       0,158541,158541,0,                       0,158539
9423,158540,0,                       0,158540,158540,0,                       0,158540
9424,158541,0,                       0,158539,158539,0,                       0,158541
9425,158542,0,                       0,158538,158538,0,                       0,158542
9426,158541,0,                       0,158539,158539,0,                       0,158541
9427,158540,0,                       0,158540,158540,0,                       0,158540
9428,158541,0,                       0,158539,158539,0,                       0,158541
9429,158540,0,                       0,158540,158540,0,                       0,158540
9430,158541,0,                       0,158539,158539,0,                       0,158541
9431,158540,0,                       0,158540,158540,0,                       0,158540
9432,158541,0,                       0,158539,158539,0,                       0,158541
9433,158540,0,                       0,158540,158540,0,                       0,158540
9434,158539,0,                       0,158541,158541,0,                       0,158539
9435,158540,0,                       0,158540,158540,0,                       0,158540
9436,158541,0,                       0,158539,158539,0,                       0,158541
9437,158542,0,                       0,158538,158538,0,                       0,158542
9438,158541,0,                       0,158539,158539,0,                       0,158541
9439,158540,0,                       0,158540,158540,0,                       0,158540
9440,158541,0,                       0,158539,158539,0,                       0,158541
9441,158540,0,                       0,158540,158540,0,                       0,158540
9442,158539,0,                       0,158541,158541,0,                       0,158539
9443,158538,0,                       0,158542,158542,0,                       0,158538
9444,158539,0,                       0,158541,158541,0,                       0,158539
9445,158540,0,                       0,158540,158540,0,                       0,158540
9446,158541,0,                       0,158539,158539,0,                       0,158541
9447,158542,0,                       0,158538,158538,0,                       0,158542
9448,158541,0,                       0,158539,158539,0,                       0,158541
9449,158540,0,                       0,158540,158540,0,                       0,158540
9450,158541,0,                       0,158539,158539,0,                       0,158541
9451,158540,0,                       0,158540,158540,0,                       0,158540
9452,158541,0,                       0,158539,158539,0,                       0,158541
9453,158540,0,                       0,158540,158540,0,                       0,158540
9454,158539,0,                       0,158541,158541,0,                       0,158539
9455,158540,0,                       0,158540,158540,0,                       0,158540
9456,158541,0,                       0,158539,158539,0,                       0,158541
9457,158542,0,                       0,158538,158538,0,                       0,158542
9458,158541,0,                       0,158539,158539,0,                       0,158541
9459,158540,0,                       0,158540,158540,0,                       0,158540
9460,158539,0,                       0,158541,158541,0,                       0,158539
9461,158540,0,                       0,158540,158540,0,                       0,158540
9462,158541,0,                       0,158539,158539,0,                       0,158541
9463,158540,0,                       0,158540,158540,0,                       0,158540
9464,158541,0,                       0,158539,158539,0,                       0,158541
9465,158540,0,                       0,158540,158540,0,                       0,158540
9466,158541,0,                       0,158539,158539,0,                       0,158541
9467,158540,0,                       0,158540,158540,0,                       0,158540
9468,158539,0,                       0,158541,158541,0,                       0,158539
9469,158538,0,                       0,158542,158542,0,                       0,158538
9470,158539,0,                       0,158541,158541,0,                       0,158539
9471,158540,0,                       0,158540,158540,0,                       0,158540
9472,158539,0,                       0,158541,158541,0,                       0,158539
9473,158540,0,                       0,158540,158540,0,                       0,158540
9474,158539,0,                       0,158541,158541,0,                       0,158539
9475,158538,0,                       0,158542,158542,0,                       0,158538
9476,158539,0,                       0,158541,158541,0,                       0,158539
9477,158540,0,                       0,158540,158540,0,                       0,158540
9478,158541,0,                       0,158539,158539,0,                       0,158541
9479,158542,0,                       0,158538,158538,0,                       0,158542
9480,158541,0,                       0,158539,158539,0,                       0,158541
9481,158540,0,                       0,158540,158540,0,                       0,158540
9482,158541,0,                       0,158539,158539,0,                       0,158541
9483,158542,0,                       0,158538,158538,0,                       0,158542
9484,158541,0,                       0,158539,158539,0,                       0,158541
9485,158540,0,                       0,158540,158540,0,                       0,158540
9486,158539,0,                       0,158541,158541,0,                       0,158539
9487,158540,0,                       0,158540,158540,0,                       0,158540
9488,158539,0,                       0,158541,158541,0,                       0,158539
9489,158538,0,                       0,158542,158542,0,                       0,158538
9490,158537,0,                       0,158543,158543,0,                       0,158537
9491,158538,0,                       0,158542,158542,0,                       0,158538
9492,158539,0,                       0,158541,158541,0,                       0,158539
9493,158540,0,                       0,158540,158540,0,                       0,158540
9494,158539,0,                       0,158541,158541,0,                       0,158539
9495,158540,0,                       0,158540,158540,0,                       0,158540
9496,158539,0,                       0,158541,158541,0,                       0,158539
9497,158540,0,                       0,158540,158540,0,                       0,158540
9498,158541,0,                       0,158539,158539,0,                       0,158541
9499,158542,0,                       0,158538,158538,0,                       0,158542
9500,158541,0,                       0,158539,158539,0,                       0,158541
9501,158542,0,                       0,158538,158538,0,                       0,158542
9502,158541,0,                       0,158539,158539,0,                       0,158541
9503,158542,0,                       0,158538,158538,0,                       0,158542
9504,158541,0,                       0,158539,158539,0,                       0,158541
9505,158540,0,                       0,158540,158540,0,                       0,158540
9506,158539,0,                       0,158541,158541,0,                       0,158539
9507,158540,0,                       0,158540,158540,0,                       0,158540
9508,158539,0,                       0,158541,158541,0,                       0,158539
9509,158540,0,                       0,158540,158540,0,                       0,158540
9510,158539,0,                       0,158541,158541,0,                       0,158539
9511,158538,0,                       0,158542,158542,0,                       0,158538
9512,158539,0,                       0,158541,158541,0,                       0,158539
9513,158540,0,                       0,158540,158540,0,                       0,158540
9514,158539,0,                       0,158541,158541,0,                       0,158539
9515,158540,0,                       0,158540,158540,0,                       0,158540
9516,158541,0,                       0,158539,158539,0,                       0,158541
9517,158540,0,                       0,158540,158540,0,                       0,158540
9518,158539,0,                       0,158541,158541,0,                       0,158539
9519,158538,0,                       0,158542,158542,0,                       0,158538
9520,158539,0,                       0,158541,158541,0,                       0,158539
9521,158540,0,                       0,158540,158540,0,                       0,158540
9522,158539,0,                       0,158541,158541,0,                       0,158539
9523,158540,0,                       0,158540,158540,0,                       0,158540
9524,158539,0,                       0,158541,158541,0,                       0,158539
9525,158538,0,                       0,158542,158542,0,                       0,158538
9526,158537,0,                       0,158543,158543,0,                       0,158537
9527,158538,0,                       0,158542,158542,0,                       0,158538
9528,158539,0,                       0,158541,158541,0,                       0,158539
9529,158538,0,                       0,158542,158542,0,                       0,158538
9530,158537,0,                       0,158543,158543,0,                       0,158537
9531,158538,0,                       0,158542,158542,0,                       0,158538
9532,158539,0,                       0,158541,158541,0,                       0,158539
9533,158538,0,                       0,158542,158542,0,                       0,158538
9534,158539,0,                       0,158541,158541,0,                       0,158539
9535,158540,0,                       0,158540,158540,0,                       0,158540
9536,158539,0,                       0,158541,158541,0,                       0,158539
9537,158538,0,                       0,158542,158542,0,                       0,158538
9538,158539,0,                       0,158541,158541,0,                       0,158539
9539,158538,0,                       0,158542,158542,0,                       0,158538
9540,158539,0,                       0,158541,158541,0,                       0,158539
9541,158540,0,                       0,158540,158540,0,                       0,158540
9542,158539,0,                       0,158541,158541,0,                       0,158539
9543,158540,0,                       0,158540,158540,0,                       0,158540
9544,158539,0,                       0,158541,158541,0,                       0,158539
9545,158540,0,                       0,158540,158540,0,                       0,158540
9546,158539,0,                       0,158541,158541,0,                       0,158539
9547,158540,0,                       0,158540,158540,0,                       0,158540
9548,158539,0,                       0,158541,158541,0,                       0,158539
9549,158540,0,                       0,158540,158540,0,                       0,158540
9550,158541,0,                       0,158539,158539,0,                       0,158541
9551,158540,0,                       0,158540,158540,0,                       0,158540
9552,158539,0,                       0,158541,158541,0,                       0,158539
9553,158540,0,                       0,158540,158540,0,                       0,158540
9554,158539,0,                       0,158541,158541,0,                       0,158539
9555,158540,0,                       0,158540,158540,0,                       0,158540
9556,158539,0,                       0,158541,158541,0,                       0,158539
9557,158540,0,                       0,158540,158540,0,                       0,158540
9558,158539,0,                       0,158541,158541,0,                       0,158539
9559,158540,0,                       0,158540,158540,0,                       0,158540
9560,158541,0,                       0,158539,158539,0,                       0,158541
9561,158540,0,                       0,158540,158540,0,                       0,158540
9562,158541,0,                       0,158539,158539,0,                       0,158541
9563,158540,0,                       0,158540,158540,0,                       0,158540
9564,158541,0,                       0,158539,158539,0,                       0,158541
9565,158540,0,                       0,158540,158540,0,                       0,158540
9566,158539,0,                       0,158541,158541,0,                       0,158539
9567,158540,0,                       0,158540,158540,0,                       0,158540
9568,158539,0,                       0,158541,158541,0,                       0,158539
9569,158540,0,                       0,158540,158540,0,                       0,158540
9570,158539,0,                       0,158541,158541,0,                       0,158539
9571,158540,0,                       0,158540,158540,0,                       0,158540
9572,158541,0,                       0,158539,158539,0,                       0,158541
9573,158540,0,                       0,158540,158540,0,                       0,158540
9574,158541,0,                       0,158539,158539,0,                       0,158541
9575,158540,0,                       0,158540,158540,0,                       0,158540
9576,158539,0,                       0,158541,158541,0,                       0,158539
9577,158538,0,                       0,158542,158542,0,                       0,158538
9578,158539,0,                       0,158541,158541,0,                       0,158539
9579,158538,0,                       0,158542,158542,0,                       0,158538
9580,158537,0,                       0,158543,158543,0,                       0,158537
9581,158536,0,                       0,158544,158544,0,                       0,158536
9582,158537,0,                       0,158543,158543,0,                       0,158537
9583,158538,0,                       0,158542,158542,0,                       0,158538
9584,158539,0,                       0,158541,158541,0,                       0,158539
9585,158540,0,                       0,158540,158540,0,                       0,158540
9586,158541,0,                       0,158539,158539,0,                       0,158541
9587,158540,0,                       0,158540,158540,0,                       0,158540
9588,158541,0,                       0,158539,158539,0,                       0,158541
9589,158542,0,                       0,158538,158538,0,                       0,158542
9590,158541,0,                       0,158539,158539,0,                       0,158541
9591,158540,0,                       0,158540,158540,0,                       0,158540
9592,158539,0,                       0,158541,158541,0,                       0,158539
9593,158538,0,                       0,158542,158542,0,                       0,158538
9594,158537,0,                       0,158543,158543,0,                       0,158537
9595,158536,0,                       0,158544,158544,0,                       0,158536
9596,158537,0,                       0,158543,158543,0,                       0,158537
9597,158538,0,                       0,158542,158542,0,                       0,158538
9598,158539,0,                       0,158541,158541,0,                       0,158539
9599,158540,0,                       0,158540,158540,0,                       0,158540
9600,158541,0,                       0,158539,158539,0,                       0,158541
9601,158542,0,                       0,158538,158538,0,                       0,158542
9602,158541,0,                       0,158539,158539,0,                       0,158541
9603,158540,0,                       0,158540,158540,0,                       0,158540
9604,158541,0,                       0,158539,158539,0,                       0,158541
9605,158540,0,                       0,158540,158540,0,                       0,158540
9606,158539,0,                       0,158541,158541,0,                       0,158539
9607,158540,0,                       0,158540,158540,0,                       0,158540
9608,158539,0,                       0,158541,158541,0,                       0,158539
9609,158540,0,                       0,158540,158540,0,                       0,158540
9610,158541,0,                       0,158539,158539,0,                       0,158541
9611,158542,0,                       0,158538,158538,0,                       0,158542
9612,158543,0,                       0,158537,158537,0,                       0,158543
9613,158542,0,                       0,158538,158538,0,                       0,158542
9614,158541,0,                       0,158539,158539,0,                       0,158541
9615,158542,0,                       0,158538,158538,0,                       0,158542
9616,158541,0,                       0,158539,158539,0,                       0,158541
9617,158540,0,                       0,158540,158540,0,                       0,158540
9618,158539,0,                       0,158541,158541,0,                       0,158539
9619,158538,0,                       0,158542,158542,0,                       0,158538
9620,158539,0,                       0,158541,158541,0,                       0,158539
9621,158538,0,                       0,158542,158542,0,                       0,158538
9622,158539,0,                       0,158541,158541,0,                       0,158539
9623,158540,0,                       0,158540,158540,0,                       0,158540
9624,158539,0,                       0,158541,158541,0,                       0,158539
9625,158540,0,                       0,158540,158540,0,                       0,158540
9626,158541,0,                       0,158539,158539,0,                       0,158541
9627,158542,0,                       0,158538,158538,0,                       0,158542
9628,158541,0,                       0,158539,158539,0,                       0,158541
9629,158540,0,                       0,158540,158540,0,                       0,158540
9630,158541,0,                       0,158539,158539,0,                       0,158541
9631,158542,0,                       0,158538,158538,0,                       0,158542
9632,158541,0,                       0,158539,158539,0,                       0,158541
9633,158540,0,                       0,158540,158540,0,                       0,158540
9634,158541,0,                       0,158539,158539,0,                       0,158541
9635,158542,0,                       0,158538,158538,0,                       0,158542
9636,158541,0,                       0,158539,158539,0,                       0,158541
9637,158542,0,                       0,158538,158538,0,                       0,158542
9638,158541,0,                       0,158539,158539,0,                       0,158541
9639,158540,0,                       0,158540,158540,0,                       0,158540
9640,158541,0,                       0,158539,158539,0,                       0,158541
9641,158540,0,                       0,158540,158540,0,                       0,158540
9642,158541,0,                       0,158539,158539,0,                       0,158541
9643,158540,0,                       0,158540,158540,0,                       0,158540
9644,158541,0,                       0,158539,158539,0,                       0,158541
9645,158542,0,                       0,158538,158538,0,                       0,158542
9646,158543,0,                       0,158537,158537,0,                       0,158543
9647,158542,0,                       0,158538,158538,0,                       0,158542
9648,158541,0,                       0,158539,158539,0,                       0,158541
9649,158542,0,                       0,158538,158538,0,                       0,158542
9650,158541,0,                       0,158539,158539,0,                       0,158541
9651,158540,0,                       0,158540,158540,0,                       0,158540
9652,158539,0,                       0,158541,158541,0,                       0,158539
9653,158540,0,                       0,158540,158540,0,                       0,158540
9654,158541,0,                       0,158539,158539,0,                       0,158541
9655,158540,0,                       0,158540,158540,0,                       0,158540
9656,158541,0,                       0,158539,158539,0,                       0,158541
9657,158540,0,                       0,158540,158540,0,                       0,158540
9658,158541,0,                       0,158539,158539,0,                       0,158541
9659,158542,0,                       0,158538,158538,0,                       0,158542
9660,158541,0,                       0,158539,158539,0,                       0,158541
9661,158540,0,                       0,158540,158540,0,                       0,158540
9662,158539,0,                       0,158541,158541,0,                       0,158539
9663,158538,0,                       0,158542,158542,0,                       0,158538
9664,158537,0,                       0,158543,158543,0,                       0,158537
9665,158538,0,                       0,158542,158542,0,                       0,158538
9666,158539,0,                       0,158541,158541,0,                       0,158539
9667,158540,0,                       0,158540,158540,0,                       0,158540
9668,158541,0,                       0,158539,158539,0,                       0,158541
9669,158540,0,                       0,158540,158540,0,                       0,158540
9670,158541,0,                       0,158539,158539,0,                       0,158541
9671,158540,0,                       0,158540,158540,0,                       0,158540
9672,158539,0,                       0,158541,158541,0,                       0,158539
9673,158538,0,                       0,158542,158542,0,                       0,158538
9674,158539,0,                       0,158541,158541,0,                       0,158539
9675,158540,0,                       0,158540,158540,0,                       0,158540
9676,158539,0,                       0,158541,158541,0,                       0,158539
9677,158538,0,                       0,158542,158542,0,                       0,158538
9678,158537,0,                       0,158543,158543,0,                       0,158537
9679,158538,0,                       0,158542,158542,0,                       0,158538
9680,158539,0,                       0,158541,158541,0,                       0,158539
9681,158540,0,                       0,158540,158540,0,                       0,158540
9682,158539,0,                       0,158541,158541,0,                       0,158539
9683,158538,0,                       0,158542,158542,0,                       0,158538
9684,158539,0,                       0,158541,158541,0,                       0,158539
9685,158538,0,                       0,158542,158542,0,                       0,158538
9686,158539,0,                       0,158541,158541,0,                       0,158539
9687,158540,0,                       0,158540,158540,0,                       0,158540
9688,158539,0,                       0,158541,158541,0,                       0,158539
9689,158540,0,                       0,158540,158540,0,                       0,158540
9690,158541,0,                       0,158539,158539,0,                       0,158541
9691,158540,0,                       0,158540,158540,0,                       0,158540
9692,158541,0,                       0,158539,158539,0,                       0,158541
9693,158542,0,                       0,158538,158538,0,                       0,158542
9694,158541,0,                       0,158539,158539,0,                       0,158541
9695,158540,0,                       0,158540,158540,0,                       0,158540
9696,158541,0,                       0,158539,158539,0,                       0,158541
9697,158542,0,                       0,158538,158538,0,                       0,158542
9698,158541,0,                       0,158539,158539,0,                       0,158541
9699,158540,0,                       0,158540,158540,0,                       0,158540
9700,158539,0,                       0,158541,158541,0,                       0,158539
9701,158540,0,                       0,158540,158540,0,                       0,158540
9702,158541,0,                       0,158539,158539,0,                       0,158541
9703,158540,0,                       0,158540,158540,0,                       0,158540
9704,158541,0,                       0,158539,158539,0,                       0,158541
9705,158540,0,                       0,158540,158540,0,                       0,158540
9706,158541,0,                       0,158539,158539,0,                       0,158541
9707,158542,0,                       0,158538,158538,0,                       0,158542
9708,158541,0,                       0,158539,158539,0,                       0,158541
9709,158540,0,                       0,158540,158540,0,                       0,158540
9710,158541,0,                       0,158539,158539,0,                       0,158541
9711,158542,0,                       0,158538,158538,0,                       0,158542
9712,158541,0,                       0,158539,158539,0,                       0,158541
9713,158542,0,                       0,158538,158538,0,                       0,158542
9714,158541,0,                       0,158539,158539,0,                       0,158541
9715,158542,0,                       0,158538,158538,0,                       0,158542
9716,158541,0,                       0,158539,158539,0,                       0,158541
9717,158540,0,                       0,158540,158540,0,                       0,158540
9718,158541,0,                       0,158539,158539,0,                       0,158541
9719,158542,0,                       0,158538,158538,0,                       0,158542
9720,158541,0,                       0,158539,158539,0,                       0,158541
9721,158540,0,                       0,158540,158540,0,                       0,158540
9722,158541,0,                       0,158539,158539,0,                       0,158541
9723,158542,0,                       0,158538,158538,0,                       0,158542
9724,158543,0,                       0,158537,158537,0,                       0,158543
9725,158544,0,                       0,158536,158536,0,                       0,158544
9726,158543,0,                       0,158537,158537,0,                       0,158543
9727,158544,0,                       0,158536,158536,0,                       0,158544
9728,158545,0,                       0,158535,158535,0,                       0,158545
9729,158544,0,                       0,158536,158536,0,                       0,158544
9730,158543,0,                       0,158537,158537,0,                       0,158543
9731,158542,0,                       0,158538,158538,0,                       0,158542
9732,158541,0,                       0,158539,158539,0,                       0,158541
9733,158540,0,                       0,158540,158540,0,                       0,158540
9734,158539,0,                       0,158541,158541,0,                       0,158539
9735,158538,0,                       0,158542,158542,0,                       0,158538
9736,158539,0,                       0,158541,158541,0,                       0,158539
9737,158540,0,                       0,158540,158540,0,                       0,158540
9738,158541,0,                       0,158539,158539,0,                       0,158541
9739,158540,0,                       0,158540,158540,0,                       0,158540
9740,158539,0,                       0,158541,158541,0,                       0,158539
9741,158540,0,                       0,158540,158540,0,                       0,158540
9742,158539,0,                       0,158541,158541,0,                       0,158539
9743,158540,0,                       0,158540,158540,0,                       0,158540
9744,158539,0,                       0,158541,158541,0,                       0,158539
9745,158538,0,                       0,158542,158542,0,                       0,158538
9746,158539,0,                       0,158541,158541,0,                       0,158539
9747,158540,0,                       0,158540,158540,0,                       0,158540
9748,158539,0,                       0,158541,158541,0,                       0,158539
9749,158538,0,                       0,158542,158542,0,                       0,158538
9750,158537,0,                       0,158543,158543,0,                       0,158537
9751,158538,0,                       0,158542,158542,0,                       0,158538
9752,158539,0,                       0,158541,158541,0,                       0,158539
9753,158540,0,                       0,158540,158540,0,                       0,158540
9754,158539,0,                       0,158541,158541,0,                       0,158539
9755,158540,0,                       0,158540,158540,0,                       0,158540
9756,158541,0,                       0,158539,158539,0,                       0,158541
9757,158542,0,                       0,158538,158538,0,                       0,158542
9758,158541,0,                       0,158539,158539,0,                       0,158541
9759,158540,0,                       0,158540,158540,0,                       0,158540
9760,158541,0,                       0,158539,158539,0,                       0,158541
9761,158540,0,                       0,158540,158540,0,                       0,158540
9762,158541,0,                       0,158539,158539,0,                       0,158541
9763,158542,0,                       0,158538,158538,0,                       0,158542
9764,158541,0,                       0,158539,158539,0,                       0,158541
9765,158540,0,                       0,158540,158540,0,                       0,158540
9766,158539,0,                       0,158541,158541,0,                       0,158539
9767,158540,0,                       0,158540,158540,0,                       0,158540
9768,158541,0,                       0,158539,158539,0,                       0,158541
9769,158542,0,                       0,158538,158538,0,                       0,158542
9770,158541,0,                       0,158539,158539,0,                       0,158541
9771,158540,0,                       0,158540,158540,0,                       0,158540
9772,158541,0,                       0,158539,158539,0,                       0,158541
9773,158540,0,                       0,158540,158540,0,                       0,158540
9774,158541,0,                       0,158539,158539,0,                       0,158541
9775,158542,0,                       0,158538,158538,0,                       0,158542
9776,158541,0,                       0,158539,158539,0,                       0,158541
9777,158540,0,                       0,158540,158540,0,                       0,158540
9778,158541,0,                       0,158539,158539,0,                       0,158541
9779,158542,0,                       0,158538,158538,0,                       0,158542
9780,158541,0,                       0,158539,158539,0,                       0,158541
9781,158540,0,                       0,158540,158540,0,                       0,158540
9782,158541,0,                       0,158539,158539,0,                       0,158541
9783,158542,0,                       0,158538,158538,0,                       0,158542
9784,158541,0,                       0,158539,158539,0,                       0,158541
9785,158540,0,                       0,158540,158540,0,                       0,158540
9786,158539,0,                       0,158541,158541,0,                       0,158539
9787,158540,0,                       0,158540,158540,0,                       0,158540
9788,158539,0,                       0,158541,158541,0,                       0,158539
9789,158538,0,                       0,158542,158542,0,                       0,158538
9790,158537,0,                       0,158543,158543,0,                       0,158537
9791,158538,0,                       0,158542,158542,0,                       0,158538
9792,158539,0,                       0,158541,158541,0,                       0,158539
9793,158540,0,                       0,158540,158540,0,                       0,158540
9794,158541,0,                       0,158539,158539,0,                       0,158541
9795,158542,0,                       0,158538,158538,0,                       0,158542
9796,158541,0,                       0,158539,158539,0,                       0,158541
9797,158540,0,                       0,158540,158540,0,                       0,158540
9798,158541,0,                       0,158539,158539,0,                       0,158541
9799,158540,0,                       0,158540,158540,0,                       0,158540
9800,158541,0,                       0,158539,158539,0,                       0,158541
9801,158542,0,                       0,158538,158538,0,                       0,158542
9802,158541,0,                       0,158539,158539,0,                       0,158541
9803,158540,0,                       0,158540,158540,0,                       0,158540
9804,158541,0,                       0,158539,158539,0,                       0,158541
9805,158542,0,                       0,158538,158538,0,                       0,158542
9806,158541,0,                       0,158539,158539,0,                       0,158541
9807,158540,0,                       0,158540,158540,0,                       0,158540
9808,158541,0,                       0,158539,158539,0,                       0,158541
9809,158540,0,                       0,158540,158540,0,                       0,158540
9810,158541,0,                       0,158539,158539,0,                       0,158541
9811,158542,0,                       0,158538,158538,0,                       0,158542
9812,158541,0,                       0,158539,158539,0,                       0,158541
9813,158542,0,                       0,158538,158538,0,                       0,158542
9814,158541,0,                       0,158539,158539,0,                       0,158541
9815,158540,0,                       0,158540,158540,0,                       0,158540
9816,158541,0,                       0,158539,158539,0,                       0,158541
9817,158540,0,                       0,158540,158540,0,                       0,158540
9818,158539,0,                       0,158541,158541,0,                       0,158539
9819,158540,0,                       0,158540,158540,0,                       0,158540
9820,158539,0,                       0,158541,158541,0,                       0,158539
9821,158540,0,                       0,158540,158540,0,                       0,158540
9822,158541,0,                       0,158539,158539,0,                       0,158541
9823,158540,0,                       0,158540,158540,0,                       0,158540
9824,158539,0,                       0,158541,158541,0,                       0,158539
9825,158538,0,                       0,158542,158542,0,                       0,158538
9826,158539,0,                       0,158541,158541,0,                       0,158539
9827,158540,0,                       0,158540,158540,0,                       0,158540
9828,158539,0,                       0,158541,158541,0,                       0,158539
9829,158540,0,                       0,158540,158540,0,                       0,158540
9830,158539,0,                       0,158541,158541,0,                       0,158539
9831,158540,0,                       0,158540,158540,0,                       0,158540
9832,158539,0,                       0,158541,158541,0,                       0,158539
9833,158540,0,                       0,158540,158540,0,                       0,158540
9834,158539,0,                       0,158541,158541,0,                       0,158539
9835,158538,0,                       0,158542,158542,0,                       0,158538
9836,158539,0,                       0,158541,158541,0,                       0,158539
9837,158540,0,                       0,158540,158540,0,                       0,158540
9838,158541,0,                       0,158539,158539,0,                       0,158541
9839,158540,0,                       0,158540,158540,0,                       0,158540
9840,158541,0,                       0,158539,158539,0,                       0,158541
9841,158540,0,                       0,158540,158540,0,                       0,158540
9842,158541,0,                       0,158539,158539,0,                       0,158541
9843,158542,0,                       0,158538,158538,0,                       0,158542
9844,158541,0,                       0,158539,158539,0,                       0,158541
9845,158540,0,                       0,158540,158540,0,                       0,158540
9846,158541,0,                       0,158539,158539,0,                       0,158541
9847,158540,0,                       0,158540,158540,0,                       0,158540
9848,158539,0,                       0,158541,158541,0,                       0,158539
9849,158540,0,                       0,158540,158540,0,                       0,158540
9850,158541,0,                       0,158539,158539,0,                       0,158541
9851,158542,0,                       0,158538,158538,0,                       0,158542
9852,158541,0,                       0,158539,158539,0,                       0,158541
9853,158540,0,                       0,158540,158540,0,                       0,158540
9854,158539,0,                       0,158541,158541,0,                       0,158539
9855,158538,0,                       0,158542,158542,0,                       0,158538
9856,158539,0,                       0,158541,158541,0,                       0,158539
9857,158540,0,                       0,158540,158540,0,                       0,158540
9858,158541,0,                       0,158539,158539,0,                       0,158541
9859,158540,0,                       0,158540,158540,0,                       0,158540
9860,158539,0,                       0,158541,158541,0,                       0,158539
9861,158540,0,                       0,158540,158540,0,                       0,158540
9862,158539,0,                       0,158541,158541,0,                       0,158539
9863,158540,0,                       0,158540,158540,0,                       0,158540
9864,158539,0,                       0,158541,158541,0,                       0,158539
9865,158540,0,                       0,158540,158540,0,                       0,158540
9866,158539,0,                       0,158541,158541,0,                       0,158539
9867,158540,0,                       0,158540,158540,0,                       0,158540
9868,158541,0,                       0,158539,158539,0,                       0,158541
9869,158542,0,                       0,158538,158538,0,                       0,158542
9870,158541,0,                       0,158539,158539,0,                       0,158541
9871,158540,0,                       0,158540,158540,0,                       0,158540
9872,158539,0,                       0,158541,158541,0,                       0,158539
9873,158540,0,                       0,158540,158540,0,                       0,158540
9874,158539,0,                       0,158541,158541,0,                       0,158539
9875,158540,0,                       0,158540,158540,0,                       0,158540
9876,158541,0,                       0,158539,158539,0,                       0,158541
9877,158540,0,                       0,158540,158540,0,                       0,158540
9878,158539,0,                       0,158541,158541,0,                       0,158539
9879,158538,0,                       0,158542,158542,0,                       0,158538
9880,158539,0,                       0,158541,158541,0,                       0,158539
9881,158538,0,                       0,158542,158542,0,                       0,158538
9882,158539,0,                       0,158541,158541,0,                       0,158539
9883,158540,0,                       0,158540,158540,0,                       0,158540
9884,158539,0,                       0,158541,158541,0,                       0,158539
9885,158538,0,                       0,158542,158542,0,                       0,158538
9886,158539,0,                       0,158541,158541,0,                       0,158539
9887,158538,0,                       0,158542,158542,0,                       0,158538
9888,158539,0,                       0,158541,158541,0,                       0,158539
9889,158538,0,                       0,158542,158542,0,                       0,158538
9890,158539,0,                       0,158541,158541,0,                       0,158539
9891,158540,0,                       0,158540,158540,0,                       0,158540
9892,158539,0,                       0,158541,158541,0,                       0,158539
9893,158538,0,                       0,158542,158542,0,                       0,158538
9894,158539,0,                       0,158541,158541,0,                       0,158539
9895,158538,0,                       0,158542,158542,0,                       0,158538
9896,158537,0,                       0,158543,158543,0,                       0,158537
9897,158538,0,                       0,158542,158542,0,                       0,158538
9898,158539,0,                       0,158541,158541,0,                       0,158539
9899,158540,0,                       0,158540,158540,0,                       0,158540
9900,158539,0,                       0,158541,158541,0,                       0,158539
9901,158540,0,                       0,158540,158540,0,                       0,158540
9902,158539,0,                       0,158541,158541,0,                       0,158539
9903,158538,0,                       0,158542,158542,0,                       0,158538
9904,158539,0,                       0,158541,158541,0,                       0,158539
9905,158538,0,                       0,158542,158542,0,                       0,158538
9906,158539,0,                       0,158541,158541,0,                       0,158539
9907,158540,0,                       0,158540,158540,0,                       0,158540
9908,158541,0,                       0,158539,158539,0,                       0,158541
9909,158540,0,                       0,158540,158540,0,                       0,158540
9910,158539,0,                       0,158541,158541,0,                       0,158539
9911,158540,0,                       0,158540,158540,0,                       0,158540
9912,158541,0,                       0,158539,158539,0,                       0,158541
9913,158540,0,                       0,158540,158540,0,                       0,158540
9914,158541,0,                       0,158539,158539,0,                       0,158541
9915,158540,0,                       0,158540,158540,0,                       0,158540
9916,158539,0,                       0,158541,158541,0,                       0,158539
9917,158540,0,                       0,158540,158540,0,                       0,158540
9918,158541,0,                       0,158539,158539,0,                       0,158541
9919,158540,0,                       0,158540,158540,0,                       0,158540
9920,158539,0,                       0,158541,158541,0,                       0,158539
9921,158540,0,                       0,158540,158540,0,                       0,158540
9922,158539,0,                       0,158541,158541,0,                       0,158539
9923,158540,0,                       0,158540,158540,0,                       0,158540
9924,158539,0,                       0,158541,158541,0,                       0,158539
9925,158538,0,                       0,158542,158542,0,                       0,158538
9926,158539,0,                       0,158541,158541,0,                       0,158539
9927,158540,0,                       0,158540,158540,0,                       0,158540
9928,158541,0,                       0,158539,158539,0,                       0,158541
9929,158542,0,                       0,158538,158538,0,                       0,158542
9930,158543,0,                       0,158537,158537,0,                       0,158543
9931,158542,0,                       0,158538,158538,0,                       0,158542
9932,158541,0,                       0,158539,158539,0,                       0,158541
9933,158540,0,                       0,158540,158540,0,                       0,158540
9934,158539,0,                       0,158541,158541,0,                       0,158539
9935,158540,0,                       0,158540,158540,0,                       0,158540
9936,158541,0,                       0,158539,158539,0,                       0,158541
9937,158542,0,                       0,158538,158538,0,                       0,158542
9938,158543,0,                       0,158537,158537,0,                       0,158543
9939,158542,0,                       0,158538,158538,0,                       0,158542
9940,158541,0,                       0,158539,158539,0,                       0,158541
9941,158542,0,                       0,158538,158538,0,                       0,158542
9942,158543,0,                       0,158537,158537,0,                       0,158543
9943,158542,0,                       0,158538,158538,0,                       0,158542
9944,158541,0,                       0,158539,158539,0,                       0,158541
9945,158540,0,                       0,158540,158540,0,                       0,158540
9946,158539,0,                       0,158541,158541,0,                       0,158539
9947,158538,0,                       0,158542,158542,0,                       0,158538
9948,158537,0,                       0,158543,158543,0,                       0,158537
9949,158538,0,                       0,158542,158542,0,                       0,158538
9950,158539,0,                       0,158541,158541,0,                       0,158539
9951,158540,0,                       0,158540,158540,0,                       0,158540
9952,158541,0,                       0,158539,158539,0,                       0,158541
9953,158540,0,                       0,158540,158540,0,                       0,158540
9954,158541,0,                       0,158539,158539,0,                       0,158541
9955,158542,0,                       0,158538,158538,0,                       0,158542
9956,158541,0,                       0,158539,158539,0,                       0,158541
9957,158540,0,                       0,158540,158540,0,                       0,158540
9958,158541,0,                       0,158539,158539,0,                       0,158541
9959,158540,0,                       0,158540,158540,0,                       0,158540
9960,158539,0,                       0,158541,158541,0,                       0,158539
9961,158538,0,                       0,158542,158542,0,                       0,158538
9962,158539,0,                       0,158541,158541,0,                       0,158539
9963,158540,0,                       0,158540,158540,0,                       0,158540
9964,158539,0,                       0,158541,158541,0,                       0,158539
9965,158540,0,                       0,158540,158540,0,                       0,158540
9966,158541,0,                       0,158539,158539,0,                       0,158541
9967,158540,0,                       0,158540,158540,0,                       0,158540
9968,158541,0,                       0,158539,158539,0,                       0,158541
9969,158540,0,                       0,158540,158540,0,                       0,158540
9970,158541,0,                       0,158539,158539,0,                       0,158541
9971,158542,0,                       0,158538,158538,0,                       0,158542
9972,158541,0,                       0,158539,158539,0,                       0,158541
9973,158540,0,                       0,158540,158540,0,                       0,158540
9974,158541,0,                       0,158539,158539,0,                       0,158541
9975,158540,0,                       0,158540,158540,0,                       0,158540
9976,158541,0,                       0,158539,158539,0,                       0,158541
9977,158540,0,                       0,158540,158540,0,                       0,158540
9978,158539,0,                       0,158541,158541,0,                       0,158539
9979,158538,0,                       0,158542,158542,0,                       0,158538
9980,158539,0,                       0,158541,158541,0,                       0,158539
9981,158540,0,                       0,158540,158540,0,                       0,158540
9982,158539,0,                       0,158541,158541,0,                       0,158539
9983,158540,0,                       0,158540,158540,0,                       0,158540
9984,158541,0,                       0,158539,158539,0,                       0,158541
9985,158540,0,                       0,158540,158540,0,                       0,158540
9986,158539,0,                       0,158541,158541,0,                       0,158539
9987,158540,0,                       0,158540,158540,0,                       0,158540
9988,158541,0,                       0,158539,158539,0,                       0,158541
9989,158542,0,                       0,158538,158538,0,                       0,158542
9990,158541,0,                       0,158539,158539,0,                       0,158541
9991,158542,0,                       0,158538,158538,0,                       0,158542
9992,158541,0,                       0,158539,158539,0,                       0,158541
9993,158540,0,                       0,158540,158540,0,                       0,158540
9994,158541,0,                       0,158539,158539,0,                       0,158541
9995,158542,0,                       0,158538,158538,0,                       0,158542
9996,158541,0,                       0,158539,158539,0,                       0,158541
9997,158542,0,                       0,158538,158538,0,                       0,158542
9998,158541,0,                       0,158539,158539,0,                       0,158541
9999,158540,0,                       0,158540,158540,0,                       0,158540
10000,158541,0,                       0,158539,158539,0,                       0,158541
10001,158542,0,                       0,158538,158538,0,                       0,158542
10002,158543,0,                       0,158537,158537,0,                       0,158543
10003,158542,0,                       0,158538,158538,0,                       0,158542
10004,158541,0,                       0,158539,158539,0,                       0,158541
10005,158542,0,                       0,158538,158538,0,                       0,158542
10006,158541,0,                       0,158539,158539,0,                       0,158541
10007,158542,0,                       0,158538,158538,0,                       0,158542
10008,158541,0,                       0,158539,158539,0,                       0,158541
10009,158542,0,                       0,158538,158538,0,                       0,158542
10010,158543,0,                       0,158537,158537,0,                       0,158543
10011,158542,0,                       0,158538,158538,0,                       0,158542
10012,158541,0,                       0,158539,158539,0,                       0,158541
10013,158540,0,                       0,158540,158540,0,                       0,158540
10014,158541,0,                       0,158539,158539,0,                       0,158541
10015,158542,0,                       0,158538,158538,0,                       0,158542
10016,158543,0,                       0,158537,158537,0,                       0,158543
10017,158542,0,                       0,158538,158538,0,                       0,158542
10018,158541,0,                       0,158539,158539,0,                       0,158541
10019,158542,0,                       0,158538,158538,0,                       0,158542
10020,158541,0,                       0,158539,158539,0,                       0,158541
10021,158542,0,                       0,158538,158538,0,                       0,158542
10022,158541,0,                       0,158539,158539,0,                       0,158541
10023,158542,0,                       0,158538,158538,0,                       0,158542
10024,158543,0,                       0,158537,158537,0,                       0,158543
10025,158544,0,                       0,158536,158536,0,                       0,158544
10026,158545,0,                       0,158535,158535,0,                       0,158545
10027,158546,0,                       0,158534,158534,0,                       0,158546
10028,158545,0,                       0,158535,158535,0,                       0,158545
10029,158546,0,                       0,158534,158534,0,                       0,158546
10030,158547,0,                       0,158533,158533,0,                       0,158547
10031,158548,0,                       0,158532,158532,0,                       0,158548
10032,158549,0,                       0,158531,158531,0,                       0,158549
10033,158548,0,                       0,158532,158532,0,                       0,158548
10034,158549,0,                       0,158531,158531,0,                       0,158549
10035,158548,0,                       0,158532,158532,0,                       0,158548
10036,158547,0,                       0,158533,158533,0,                       0,158547
10037,158546,0,                       0,158534,158534,0,                       0,158546
10038,158545,0,                       0,158535,158535,0,                       0,158545
10039,158544,0,                       0,158536,158536,0,                       0,158544
10040,158543,0,                       0,158537,158537,0,                       0,158543
10041,158542,0,                       0,158538,158538,0,                       0,158542
10042,158543,0,                       0,158537,158537,0,                       0,158543
10043,158544,0,                       0,158536,158536,0,                       0,158544
10044,158545,0,                       0,158535,158535,0,                       0,158545
10045,158546,0,                       0,158534,158534,0,                       0,158546
10046,158545,0,                       0,158535,158535,0,                       0,158545
10047,158544,0,                       0,158536,158536,0,                       0,158544
10048,158543,0,                       0,158537,158537,0,                       0,158543
10049,158544,0,                       0,158536,158536,0,                       0,158544
10050,158545,0,                       0,158535,158535,0,                       0,158545
10051,158544,0,                       0,158536,158536,0,                       0,158544
10052,158543,0,                       0,158537,158537,0,                       0,158543
10053,158544,0,                       0,158536,158536,0,                       0,158544
10054,158545,0,                       0,158535,158535,0,                       0,158545
10055,158546,0,                       0,158534,158534,0,                       0,158546
10056,158545,0,                       0,158535,158535,0,                       0,158545
10057,158544,0,                       0,158536,158536,0,                       0,158544
10058,158545,0,                       0,158535,158535,0,                       0,158545
10059,158546,0,                       0,158534,158534,0,                       0,158546
10060,158547,0,                       0,158533,158533,0,                       0,158547
10061,158546,0,                       0,158534,158534,0,                       0,158546
10062,158545,0,                       0,158535,158535,0,                       0,158545
10063,158546,0,                       0,158534,158534,0,                       0,158546
10064,158545,0,                       0,158535,158535,0,                       0,158545
10065,158544,0,                       0,158536,158536,0,                       0,158544
10066,158543,0,                       0,158537,158537,0,                       0,158543
10067,158542,0,                       0,158538,158538,0,                       0,158542
10068,158541,0,                       0,158539,158539,0,                       0,158541
10069,158542,0,                       0,158538,158538,0,                       0,158542
10070,158541,0,                       0,158539,158539,0,                       0,158541
10071,158540,0,                       0,158540,158540,0,                       0,158540
10072,158541,0,                       0,158539,158539,0,                       0,158541
10073,158540,0,                       0,158540,158540,0,                       0,158540
10074,158539,0,                       0,158541,158541,0,                       0,158539
10075,158538,0,                       0,158542,158542,0,                       0,158538
10076,158539,0,                       0,158541,158541,0,                       0,158539
10077,158538,0,                       0,158542,158542,0,                       0,158538
10078,158539,0,                       0,158541,158541,0,                       0,158539
10079,158538,0,                       0,158542,158542,0,                       0,158538
10080,158539,0,                       0,158541,158541,0,                       0,158539
10081,158540,0,                       0,158540,158540,0,                       0,158540
10082,158541,0,                       0,158539,158539,0,                       0,158541
10083,158542,0,                       0,158538,158538,0,                       0,158542
10084,158541,0,                       0,158539,158539,0,                       0,158541
10085,158540,0,                       0,158540,158540,0,                       0,158540
10086,158539,0,                       0,158541,158541,0,                       0,158539
10087,158540,0,                       0,158540,158540,0,                       0,158540
10088,158541,0,                       0,158539,158539,0,                       0,158541
10089,158540,0,                       0,158540,158540,0,                       0,158540
10090,158539,0,                       0,158541,158541,0,                       0,158539
10091,158538,0,                       0,158542,158542,0,                       0,158538
10092,158539,0,                       0,158541,158541,0,                       0,158539
10093,158538,0,                       0,158542,158542,0,                       0,158538
10094,158537,0,                       0,158543,158543,0,                       0,158537
10095,158538,0,                       0,158542,158542,0,                       0,158538
10096,158539,0,                       0,158541,158541,0,                       0,158539
10097,158540,0,                       0,158540,158540,0,                       0,158540
10098,158541,0,                       0,158539,158539,0,                       0,158541
10099,158540,0,                       0,158540,158540,0,                       0,158540
10100,158539,0,                       0,158541,158541,0,                       0,158539
10101,158540,0,                       0,158540,158540,0,                       0,158540
10102,158541,0,                       0,158539,158539,0,                       0,158541
10103,158540,0,                       0,158540,158540,0,                       0,158540
10104,158539,0,                       0,158541,158541,0,                       0,158539
10105,158538,0,                       0,158542,158542,0,                       0,158538
10106,158539,0,                       0,158541,158541,0,                       0,158539
10107,158540,0,                       0,158540,158540,0,                       0,158540
10108,158541,0,                       0,158539,158539,0,                       0,158541
10109,158542,0,                       0,158538,158538,0,                       0,158542
10110,158543,0,                       0,158537,158537,0,                       0,158543
10111,158544,0,                       0,158536,158536,0,                       0,158544
10112,158545,0,                       0,158535,158535,0,                       0,158545
10113,158546,0,                       0,158534,158534,0,                       0,158546
10114,158545,0,                       0,158535,158535,0,                       0,158545
10115,158544,0,                       0,158536,158536,0,                       0,158544
10116,158543,0,                       0,158537,158537,0,                       0,158543
10117,158542,0,                       0,158538,158538,0,                       0,158542
10118,158541,0,                       0,158539,158539,0,                       0,158541
10119,158540,0,                       0,158540,158540,0,                       0,158540
10120,158539,0,                       0,158541,158541,0,                       0,158539
10121,158540,0,                       0,158540,158540,0,                       0,158540
10122,158539,0,                       0,158541,158541,0,                       0,158539
10123,158540,0,                       0,158540,158540,0,                       0,158540
10124,158541,0,                       0,158539,158539,0,                       0,158541
10125,158542,0,                       0,158538,158538,0,                       0,158542
10126,158541,0,                       0,158539,158539,0,                       0,158541
10127,158542,0,                       0,158538,158538,0,                       0,158542
10128,158541,0,                       0,158539,158539,0,                       0,158541
10129,158540,0,                       0,158540,158540,0,                       0,158540
10130,158541,0,                       0,158539,158539,0,                       0,158541
10131,158542,0,                       0,158538,158538,0,                       0,158542
10132,158543,0,                       0,158537,158537,0,                       0,158543
10133,158542,0,                       0,158538,158538,0,                       0,158542
10134,158543,0,                       0,158537,158537,0,                       0,158543
10135,158542,0,                       0,158538,158538,0,                       0,158542
10136,158541,0,                       0,158539,158539,0,                       0,158541
10137,158542,0,                       0,158538,158538,0,                       0,158542
10138,158541,0,                       0,158539,158539,0,                       0,158541
10139,158542,0,                       0,158538,158538,0,                       0,158542
10140,158543,0,                       0,158537,158537,0,                       0,158543
10141,158544,0,                       0,158536,158536,0,                       0,158544
10142,158543,0,                       0,158537,158537,0,                       0,158543
10143,158542,0,                       0,158538,158538,0,                       0,158542
10144,158543,0,                       0,158537,158537,0,                       0,158543
10145,158542,0,                       0,158538,158538,0,                       0,158542
10146,158541,0,                       0,158539,158539,0,                       0,158541
10147,158540,0,                       0,158540,158540,0,                       0,158540
10148,158541,0,                       0,158539,158539,0,                       0,158541
10149,158542,0,                       0,158538,158538,0,                       0,158542
10150,158541,0,                       0,158539,158539,0,                       0,158541
10151,158542,0,                       0,158538,158538,0,                       0,158542
10152,158543,0,                       0,158537,158537,0,                       0,158543
10153,158542,0,                       0,158538,158538,0,                       0,158542
10154,158541,0,                       0,158539,158539,0,                       0,158541
10155,158540,0,                       0,158540,158540,0,                       0,158540
10156,158539,0,                       0,158541,158541,0,                       0,158539
10157,158538,0,                       0,158542,158542,0,                       0,158538
10158,158539,0,                       0,158541,158541,0,                       0,158539
10159,158540,0,                       0,158540,158540,0,                       0,158540
10160,158539,0,                       0,158541,158541,0,                       0,158539
10161,158540,0,                       0,158540,158540,0,                       0,158540
10162,158541,0,                       0,158539,158539,0,                       0,158541
10163,158540,0,                       0,158540,158540,0,                       0,158540
10164,158541,0,                       0,158539,158539,0,                       0,158541
10165,158542,0,                       0,158538,158538,0,                       0,158542
10166,158541,0,                       0,158539,158539,0,                       0,158541
10167,158540,0,                       0,158540,158540,0,                       0,158540
10168,158539,0,                       0,158541,158541,0,                       0,158539
10169,158540,0,                       0,158540,158540,0,                       0,158540
10170,158541,0,                       0,158539,158539,0,                       0,158541
10171,158542,0,                       0,158538,158538,0,                       0,158542
10172,158543,0,                       0,158537,158537,0,                       0,158543
10173,158542,0,                       0,158538,158538,0,                       0,158542
10174,158543,0,                       0,158537,158537,0,                       0,158543
10175,158542,0,                       0,158538,158538,0,                       0,158542
10176,158541,0,                       0,158539,158539,0,                       0,158541
10177,158540,0,                       0,158540,158540,0,                       0,158540
10178,158539,0,                       0,158541,158541,0,                       0,158539
10179,158538,0,                       0,158542,158542,0,                       0,158538
10180,158539,0,                       0,158541,158541,0,                       0,158539
10181,158540,0,                       0,158540,158540,0,                       0,158540
10182,158541,0,                       0,158539,158539,0,                       0,158541
10183,158540,0,                       0,158540,158540,0,                       0,158540
10184,158541,0,                       0,158539,158539,0,                       0,158541
10185,158540,0,                       0,158540,158540,0,                       0,158540
10186,158539,0,                       0,158541,158541,0,                       0,158539
10187,158540,0,                       0,158540,158540,0,                       0,158540
10188,158541,0,                       0,158539,158539,0,                       0,158541
10189,158540,0,                       0,158540,158540,0,                       0,158540
10190,158539,0,                       0,158541,158541,0,                       0,158539
10191,158540,0,                       0,158540,158540,0,                       0,158540
10192,158539,0,                       0,158541,158541,0,                       0,158539
10193,158538,0,                       0,158542,158542,0,                       0,158538
10194,158539,0,                       0,158541,158541,0,                       0,158539
10195,158540,0,                       0,158540,158540,0,                       0,158540
10196,158541,0,                       0,158539,158539,0,                       0,158541
10197,158542,0,                       0,158538,158538,0,                       0,158542
10198,158541,0,                       0,158539,158539,0,                       0,158541
10199,158540,0,                       0,158540,158540,0,                       0,158540
10200,158539,0,                       0,158541,158541,0,                       0,158539
10201,158538,0,                       0,158542,158542,0,                       0,158538
10202,158539,0,                       0,158541,158541,0,                       0,158539
10203,158540,0,                       0,158540,158540,0,                       0,158540
10204,158541,0,                       0,158539,158539,0,                       0,158541
10205,158540,0,                       0,158540,158540,0,                       0,158540
10206,158539,0,                       0,158541,158541,0,                       0,158539
10207,158540,0,                       0,158540,158540,0,                       0,158540
10208,158541,0,                       0,158539,158539,0,                       0,158541
10209,158542,0,                       0,158538,158538,0,                       0,158542
10210,158543,0,                       0,158537,158537,0,                       0,158543
10211,158542,0,                       0,158538,158538,0,                       0,158542
10212,158541,0,                       0,158539,158539,0,                       0,158541
10213,158540,0,                       0,158540,158540,0,                       0,158540
10214,158541,0,                       0,158539,158539,0,                       0,158541
10215,158542,0,                       0,158538,158538,0,                       0,158542
10216,158541,0,                       0,158539,158539,0,                       0,158541
10217,158542,0,                       0,158538,158538,0,                       0,158542
10218,158541,0,                       0,158539,158539,0,                       0,158541
10219,158540,0,                       0,158540,158540,0,                       0,158540
10220,158539,0,                       0,158541,158541,0,                       0,158539
10221,158540,0,                       0,158540,158540,0,                       0,158540
10222,158541,0,                       0,158539,158539,0,                       0,158541
10223,158542,0,                       0,158538,158538,0,                       0,158542
10224,158541,0,                       0,158539,158539,0,                       0,158541
10225,158540,0,                       0,158540,158540,0,                       0,158540
10226,158539,0,                       0,158541,158541,0,                       0,158539
10227,158538,0,                       0,158542,158542,0,                       0,158538
10228,158539,0,                       0,158541,158541,0,                       0,158539
10229,158540,0,                       0,158540,158540,0,                       0,158540
10230,158539,0,                       0,158541,158541,0,                       0,158539
10231,158540,0,                       0,158540,158540,0,                       0,158540
10232,158539,0,                       0,158541,158541,0,                       0,158539
10233,158540,0,                       0,158540,158540,0,                       0,158540
10234,158539,0,                       0,158541,158541,0,                       0,158539
10235,158540,0,                       0,158540,158540,0,                       0,158540
10236,158539,0,                       0,158541,158541,0,                       0,158539
10237,158540,0,                       0,158540,158540,0,                       0,158540
10238,158539,0,                       0,158541,158541,0,                       0,158539
10239,158540,0,                       0,158540,158540,0,                       0,158540
10240,158541,0,                       0,158539,158539,0,                       0,158541
10241,158540,0,                       0,158540,158540,0,                       0,158540
10242,158541,0,                       0,158539,158539,0,                       0,158541
10243,158542,0,                       0,158538,158538,0,                       0,158542
10244,158543,0,                       0,158537,158537,0,                       0,158543
10245,158544,0,                       0,158536,158536,0,                       0,158544
10246,158543,0,                       0,158537,158537,0,                       0,158543
10247,158542,0,                       0,158538,158538,0,                       0,158542
10248,158541,0,                       0,158539,158539,0,                       0,158541
10249,158540,0,                       0,158540,158540,0,                       0,158540
10250,158541,0,                       0,158539,158539,0,                       0,158541
10251,158540,0,                       0,158540,158540,0,                       0,158540
10252,158539,0,                       0,158541,158541,0,                       0,158539
10253,158538,0,                       0,158542,158542,0,                       0,158538
10254,158537,0,                       0,158543,158543,0,                       0,158537
10255,158536,0,                       0,158544,158544,0,                       0,158536
10256,158535,0,                       0,158545,158545,0,                       0,158535
10257,158536,0,                       0,158544,158544,0,                       0,158536
10258,158537,0,                       0,158543,158543,0,                       0,158537
10259,158538,0,                       0,158542,158542,0,                       0,158538
10260,158539,0,                       0,158541,158541,0,                       0,158539
10261,158540,0,                       0,158540,158540,0,                       0,158540
10262,158539,0,                       0,158541,158541,0,                       0,158539
10263,158540,0,                       0,158540,158540,0,                       0,158540
10264,158541,0,                       0,158539,158539,0,                       0,158541
10265,158540,0,                       0,158540,158540,0,                       0,158540
10266,158539,0,                       0,158541,158541,0,                       0,158539
10267,158540,0,                       0,158540,158540,0,                       0,158540
10268,158539,0,                       0,158541,158541,0,                       0,158539
10269,158540,0,                       0,158540,158540,0,                       0,158540
10270,158539,0,                       0,158541,158541,0,                       0,158539
10271,158538,0,                       0,158542,158542,0,                       0,158538
10272,158537,0,                       0,158543,158543,0,                       0,158537
10273,158538,0,                       0,158542,158542,0,                       0,158538
10274,158539,0,                       0,158541,158541,0,                       0,158539
10275,158540,0,                       0,158540,158540,0,                       0,158540
10276,158541,0,                       0,158539,158539,0,                       0,158541
10277,158540,0,                       0,158540,158540,0,                       0,158540
10278,158541,0,                       0,158539,158539,0,                       0,158541
10279,158542,0,                       0,158538,158538,0,                       0,158542
10280,158541,0,                       0,158539,158539,0,                       0,158541
10281,158542,0,                       0,158538,158538,0,                       0,158542
10282,158541,0,                       0,158539,158539,0,                       0,158541
10283,158542,0,                       0,158538,158538,0,                       0,158542
10284,158541,0,                       0,158539,158539,0,                       0,158541
10285,158542,0,                       0,158538,158538,0,                       0,158542
10286,158543,0,                       0,158537,158537,0,                       0,158543
10287,158542,0,                       0,158538,158538,0,                       0,158542
10288,158541,0,                       0,158539,158539,0,                       0,158541
10289,158540,0,                       0,158540,158540,0,                       0,158540
10290,158539,0,                       0,158541,158541,0,                       0,158539
10291,158540,0,                       0,158540,158540,0,                       0,158540
10292,158539,0,                       0,158541,158541,0,                       0,158539
10293,158540,0,                       0,158540,158540,0,                       0,158540
10294,158541,0,                       0,158539,158539,0,                       0,158541
10295,158540,0,                       0,158540,158540,0,                       0,158540
10296,158541,0,                       0,158539,158539,0,                       0,158541
10297,158540,0,                       0,158540,158540,0,                       0,158540
10298,158541,0,                       0,158539,158539,0,                       0,158541
10299,158542,0,                       0,158538,158538,0,                       0,158542
10300,158541,0,                       0,158539,158539,0,                       0,158541
10301,158542,0,                       0,158538,158538,0,                       0,158542
10302,158541,0,                       0,158539,158539,0,                       0,158541
10303,158540,0,                       0,158540,158540,0,                       0,158540
10304,158539,0,                       0,158541,158541,0,                       0,158539
10305,158540,0,                       0,158540,158540,0,                       0,158540
10306,158539,0,                       0,158541,158541,0,                       0,158539
10307,158540,0,                       0,158540,158540,0,                       0,158540
10308,158539,0,                       0,158541,158541,0,                       0,158539
10309,158538,0,                       0,158542,158542,0,                       0,158538
10310,158539,0,                       0,158541,158541,0,                       0,158539
10311,158538,0,                       0,158542,158542,0,                       0,158538
10312,158539,0,                       0,158541,158541,0,                       0,158539
10313,158538,0,                       0,158542,158542,0,                       0,158538
10314,158539,0,                       0,158541,158541,0,                       0,158539
10315,158540,0,                       0,158540,158540,0,                       0,158540
10316,158541,0,                       0,158539,158539,0,                       0,158541
10317,158540,0,                       0,158540,158540,0,                       0,158540
10318,158539,0,                       0,158541,158541,0,                       0,158539
10319,158538,0,                       0,158542,158542,0,                       0,158538
10320,158539,0,                       0,158541,158541,0,                       0,158539
10321,158540,0,                       0,158540,158540,0,                       0,158540
10322,158539,0,                       0,158541,158541,0,                       0,158539
10323,158538,0,                       0,158542,158542,0,                       0,158538
10324,158539,0,                       0,158541,158541,0,                       0,158539
10325,158540,0,                       0,158540,158540,0,                       0,158540
10326,158541,0,                       0,158539,158539,0,                       0,158541
10327,158540,0,                       0,158540,158540,0,                       0,158540
10328,158541,0,                       0,158539,158539,0,                       0,158541
10329,158540,0,                       0,158540,158540,0,                       0,158540
10330,158539,0,                       0,158541,158541,0,                       0,158539
10331,158538,0,                       0,158542,158542,0,                       0,158538
10332,158539,0,                       0,158541,158541,0,                       0,158539
10333,158538,0,                       0,158542,158542,0,                       0,158538
10334,158539,0,                       0,158541,158541,0,                       0,158539
10335,158540,0,                       0,158540,158540,0,                       0,158540
10336,158541,0,                       0,158539,158539,0,                       0,158541
10337,158542,0,                       0,158538,158538,0,                       0,158542
10338,158541,0,                       0,158539,158539,0,                       0,158541
10339,158540,0,                       0,158540,158540,0,                       0,158540
10340,158539,0,                       0,158541,158541,0,                       0,158539
10341,158540,0,                       0,158540,158540,0,                       0,158540
10342,158539,0,                       0,158541,158541,0,                       0,158539
10343,158540,0,                       0,158540,158540,0,                       0,158540
10344,158541,0,                       0,158539,158539,0,                       0,158541
10345,158540,0,                       0,158540,158540,0,                       0,158540
10346,158539,0,                       0,158541,158541,0,                       0,158539
10347,158540,0,                       0,158540,158540,0,                       0,158540
10348,158539,0,                       0,158541,158541,0,                       0,158539
10349,158540,0,                       0,158540,158540,0,                       0,158540
10350,158541,0,                       0,158539,158539,0,                       0,158541
10351,158540,0,                       0,158540,158540,0,                       0,158540
10352,158541,0,                       0,158539,158539,0,                       0,158541
10353,158540,0,                       0,158540,158540,0,                       0,158540
10354,158539,0,                       0,158541,158541,0,                       0,158539
10355,158540,0,                       0,158540,158540,0,                       0,158540
10356,158539,0,                       0,158541,158541,0,                       0,158539
10357,158538,0,                       0,158542,158542,0,                       0,158538
10358,158539,0,                       0,158541,158541,0,                       0,158539
10359,158540,0,                       0,158540,158540,0,                       0,158540
10360,158539,0,                       0,158541,158541,0,                       0,158539
10361,158540,0,                       0,158540,158540,0,                       0,158540
10362,158541,0,                       0,158539,158539,0,                       0,158541
10363,158542,0,                       0,158538,158538,0,                       0,158542
10364,158541,0,                       0,158539,158539,0,                       0,158541
10365,158540,0,                       0,158540,158540,0,                       0,158540
10366,158541,0,                       0,158539,158539,0,                       0,158541
10367,158542,0,                       0,158538,158538,0,                       0,158542
10368,158541,0,                       0,158539,158539,0,                       0,158541
10369,158542,0,                       0,158538,158538,0,                       0,158542
10370,158541,0,                       0,158539,158539,0,                       0,158541
10371,158540,0,                       0,158540,158540,0,                       0,158540
10372,158541,0,                       0,158539,158539,0,                       0,158541
10373,158540,0,                       0,158540,158540,0,                       0,158540
10374,158539,0,                       0,158541,158541,0,                       0,158539
10375,158540,0,                       0,158540,158540,0,                       0,158540
10376,158539,0,                       0,158541,158541,0,                       0,158539
10377,158540,0,                       0,158540,158540,0,                       0,158540
10378,158539,0,                       0,158541,158541,0,                       0,158539
10379,158540,0,                       0,158540,158540,0,                       0,158540
10380,158539,0,                       0,158541,158541,0,                       0,158539
10381,158540,0,                       0,158540,158540,0,                       0,158540
10382,158541,0,                       0,158539,158539,0,                       0,158541
10383,158540,0,                       0,158540,158540,0,                       0,158540
10384,158539,0,                       0,158541,158541,0,                       0,158539
10385,158540,0,                       0,158540,158540,0,                       0,158540
10386,158539,0,                       0,158541,158541,0,                       0,158539
10387,158540,0,                       0,158540,158540,0,                       0,158540
10388,158541,0,                       0,158539,158539,0,                       0,158541
10389,158542,0,                       0,158538,158538,0,                       0,158542
10390,158543,0,                       0,158537,158537,0,                       0,158543
10391,158544,0,                       0,158536,158536,0,                       0,158544
10392,158543,0,                       0,158537,158537,0,                       0,158543
10393,158542,0,                       0,158538,158538,0,                       0,158542
10394,158541,0,                       0,158539,158539,0,                       0,158541
10395,158540,0,                       0,158540,158540,0,                       0,158540
10396,158539,0,                       0,158541,158541,0,                       0,158539
10397,158538,0,                       0,158542,158542,0,                       0,158538
10398,158537,0,                       0,158543,158543,0,                       0,158537
10399,158538,0,                       0,158542,158542,0,                       0,158538
10400,158537,0,                       0,158543,158543,0,                       0,158537
10401,158536,0,                       0,158544,158544,0,                       0,158536
10402,158535,0,                       0,158545,158545,0,                       0,158535
10403,158534,0,                       0,158546,158546,0,                       0,158534
10404,158533,0,                       0,158547,158547,0,                       0,158533
10405,158532,0,                       0,158548,158548,0,                       0,158532
10406,158533,0,                       0,158547,158547,0,                       0,158533
10407,158534,0,                       0,158546,158546,0,                       0,158534
10408,158535,0,                       0,158545,158545,0,                       0,158535
10409,158536,0,                       0,158544,158544,0,                       0,158536
10410,158537,0,                       0,158543,158543,0,                       0,158537
10411,158538,0,                       0,158542,158542,0,                       0,158538
10412,158539,0,                       0,158541,158541,0,                       0,158539
10413,158540,0,                       0,158540,158540,0,                       0,158540
10414,158541,0,                       0,158539,158539,0,                       0,158541
10415,158542,0,                       0,158538,158538,0,                       0,158542
10416,158541,0,                       0,158539,158539,0,                       0,158541
10417,158540,0,                       0,158540,158540,0,                       0,158540
10418,158541,0,                       0,158539,158539,0,                       0,158541
10419,158540,0,                       0,158540,158540,0,                       0,158540
10420,158541,0,                       0,158539,158539,0,                       0,158541
10421,158542,0,                       0,158538,158538,0,                       0,158542
10422,158541,0,                       0,158539,158539,0,                       0,158541
10423,158540,0,                       0,158540,158540,0,                       0,158540
10424,158539,0,                       0,158541,158541,0,                       0,158539
10425,158540,0,                       0,158540,158540,0,                       0,158540
10426,158541,0,                       0,158539,158539,0,                       0,158541
10427,158542,0,                       0,158538,158538,0,                       0,158542
10428,158541,0,                       0,158539,158539,0,                       0,158541
10429,158540,0,                       0,158540,158540,0,                       0,158540
10430,158541,0,                       0,158539,158539,0,                       0,158541
10431,158540,0,                       0,158540,158540,0,                       0,158540
10432,158541,0,                       0,158539,158539,0,                       0,158541
10433,158542,0,                       0,158538,158538,0,                       0,158542
10434,158541,0,                       0,158539,158539,0,                       0,158541
10435,158540,0,                       0,158540,158540,0,                       0,158540
10436,158539,0,                       0,158541,158541,0,                       0,158539
10437,158540,0,                       0,158540,158540,0,                       0,158540
10438,158539,0,                       0,158541,158541,0,                       0,158539
10439,158540,0,                       0,158540,158540,0,                       0,158540
10440,158541,0,                       0,158539,158539,0,                       0,158541
10441,158542,0,                       0,158538,158538,0,                       0,158542
10442,158541,0,                       0,158539,158539,0,                       0,158541
10443,158540,0,                       0,158540,158540,0,                       0,158540
10444,158539,0,                       0,158541,158541,0,                       0,158539
10445,158538,0,                       0,158542,158542,0,                       0,158538
10446,158539,0,                       0,158541,158541,0,                       0,158539
10447,158540,0,                       0,158540,158540,0,                       0,158540
10448,158541,0,                       0,158539,158539,0,                       0,158541
10449,158542,0,                       0,158538,158538,0,                       0,158542
10450,158541,0,                       0,158539,158539,0,                       0,158541
10451,158540,0,                       0,158540,158540,0,                       0,158540
10452,158541,0,                       0,158539,158539,0,                       0,158541
10453,158542,0,                       0,158538,158538,0,                       0,158542
10454,158541,0,                       0,158539,158539,0,                       0,158541
10455,158542,0,                       0,158538,158538,0,                       0,158542
10456,158541,0,                       0,158539,158539,0,                       0,158541
10457,158542,0,                       0,158538,158538,0,                       0,158542
10458,158541,0,                       0,158539,158539,0,                       0,158541
10459,158542,0,                       0,158538,158538,0,                       0,158542
10460,158541,0,                       0,158539,158539,0,                       0,158541
10461,158540,0,                       0,158540,158540,0,                       0,158540
10462,158541,0,                       0,158539,158539,0,                       0,158541
10463,158540,0,                       0,158540,158540,0,                       0,158540
10464,158539,0,                       0,158541,158541,0,                       0,158539
10465,158538,0,                       0,158542,158542,0,                       0,158538
10466,158539,0,                       0,158541,158541,0,                       0,158539
10467,158540,0,                       0,158540,158540,0,                       0,158540
10468,158539,0,                       0,158541,158541,0,                       0,158539
10469,158540,0,                       0,158540,158540,0,                       0,158540
10470,158541,0,                       0,158539,158539,0,                       0,158541
10471,158542,0,                       0,158538,158538,0,                       0,158542
10472,158541,0,                       0,158539,158539,0,                       0,158541
10473,158540,0,                       0,158540,158540,0,                       0,158540
10474,158541,0,                       0,158539,158539,0,                       0,158541
10475,158542,0,                       0,158538,158538,0,                       0,158542
10476,158541,0,                       0,158539,158539,0,                       0,158541
10477,158540,0,                       0,158540,158540,0,                       0,158540
10478,158539,0,                       0,158541,158541,0,                       0,158539
10479,158540,0,                       0,158540,158540,0,                       0,158540
10480,158541,0,                       0,158539,158539,0,                       0,158541
10481,158540,0,                       0,158540,158540,0,                       0,158540
10482,158539,0,                       0,158541,158541,0,                       0,158539
10483,158540,0,                       0,158540,158540,0,                       0,158540
10484,158539,0,                       0,158541,158541,0,                       0,158539
10485,158538,0,                       0,158542,158542,0,                       0,158538
10486,158539,0,                       0,158541,158541,0,                       0,158539
10487,158538,0,                       0,158542,158542,0,                       0,158538
10488,158539,0,                       0,158541,158541,0,                       0,158539
10489,158540,0,                       0,158540,158540,0,                       0,158540
10490,158539,0,                       0,158541,158541,0,                       0,158539
10491,158538,0,                       0,158542,158542,0,                       0,158538
10492,158537,0,                       0,158543,158543,0,                       0,158537
10493,158538,0,                       0,158542,158542,0,                       0,158538
10494,158539,0,                       0,158541,158541,0,                       0,158539
10495,158538,0,                       0,158542,158542,0,                       0,158538
10496,158539,0,                       0,158541,158541,0,                       0,158539
10497,158540,0,                       0,158540,158540,0,                       0,158540
10498,158541,0,                       0,158539,158539,0,                       0,158541
10499,158540,0,                       0,158540,158540,0,                       0,158540
10500,158539,0,                       0,158541,158541,0,                       0,158539
10501,158540,0,                       0,158540,158540,0,                       0,158540
10502,158541,0,                       0,158539,158539,0,                       0,158541
10503,158542,0,                       0,158538,158538,0,                       0,158542
10504,158541,0,                       0,158539,158539,0,                       0,158541
10505,158542,0,                       0,158538,158538,0,                       0,158542
10506,158541,0,                       0,158539,158539,0,                       0,158541
10507,158542,0,                       0,158538,158538,0,                       0,158542
10508,158541,0,                       0,158539,158539,0,                       0,158541
10509,158540,0,                       0,158540,158540,0,                       0,158540
10510,158541,0,                       0,158539,158539,0,                       0,158541
10511,158542,0,                       0,158538,158538,0,                       0,158542
10512,158541,0,                       0,158539,158539,0,                       0,158541
10513,158540,0,                       0,158540,158540,0,                       0,158540
10514,158541,0,                       0,158539,158539,0,                       0,158541
10515,158542,0,                       0,158538,158538,0,                       0,158542
10516,158543,0,                       0,158537,158537,0,                       0,158543
10517,158542,0,                       0,158538,158538,0,                       0,158542
10518,158541,0,                       0,158539,158539,0,                       0,158541
10519,158540,0,                       0,158540,158540,0,                       0,158540
10520,158539,0,                       0,158541,158541,0,                       0,158539
10521,158540,0,                       0,158540,158540,0,                       0,158540
10522,158541,0,                       0,158539,158539,0,                       0,158541
10523,158540,0,                       0,158540,158540,0,                       0,158540
10524,158541,0,                       0,158539,158539,0,                       0,158541
10525,158540,0,                       0,158540,158540,0,                       0,158540
10526,158539,0,                       0,158541,158541,0,                       0,158539
10527,158538,0,                       0,158542,158542,0,                       0,158538
10528,158537,0,                       0,158543,158543,0,                       0,158537
10529,158538,0,                       0,158542,158542,0,                       0,158538
10530,158537,0,                       0,158543,158543,0,                       0,158537
10531,158538,0,                       0,158542,158542,0,                       0,158538
10532,158537,0,                       0,158543,158543,0,                       0,158537
10533,158536,0,                       0,158544,158544,0,                       0,158536
10534,158537,0,                       0,158543,158543,0,                       0,158537
10535,158538,0,                       0,158542,158542,0,                       0,158538
10536,158539,0,                       0,158541,158541,0,                       0,158539
10537,158538,0,                       0,158542,158542,0,                       0,158538
10538,158539,0,                       0,158541,158541,0,                       0,158539
10539,158538,0,                       0,158542,158542,0,                       0,158538
10540,158539,0,                       0,158541,158541,0,                       0,158539
10541,158538,0,                       0,158542,158542,0,                       0,158538
10542,158539,0,                       0,158541,158541,0,                       0,158539
10543,158538,0,                       0,158542,158542,0,                       0,158538
10544,158539,0,                       0,158541,158541,0,                       0,158539
10545,158540,0,                       0,158540,158540,0,                       0,158540
10546,158541,0,                       0,158539,158539,0,                       0,158541
10547,158540,0,                       0,158540,158540,0,                       0,158540
10548,158541,0,                       0,158539,158539,0,                       0,158541
10549,158540,0,                       0,158540,158540,0,                       0,158540
10550,158539,0,                       0,158541,158541,0,                       0,158539
10551,158540,0,                       0,158540,158540,0,                       0,158540
10552,158541,0,                       0,158539,158539,0,                       0,158541
10553,158542,0,                       0,158538,158538,0,                       0,158542
10554,158541,0,                       0,158539,158539,0,                       0,158541
10555,158542,0,                       0,158538,158538,0,                       0,158542
10556,158541,0,                       0,158539,158539,0,                       0,158541
10557,158542,0,                       0,158538,158538,0,                       0,158542
10558,158541,0,                       0,158539,158539,0,                       0,158541
10559,158540,0,                       0,158540,158540,0,                       0,158540
10560,158541,0,                       0,158539,158539,0,                       0,158541
10561,158542,0,                       0,158538,158538,0,                       0,158542
10562,158541,0,                       0,158539,158539,0,                       0,158541
10563,158542,0,                       0,158538,158538,0,                       0,158542
10564,158541,0,                       0,158539,158539,0,                       0,158541
10565,158540,0,                       0,158540,158540,0,                       0,158540
10566,158539,0,                       0,158541,158541,0,                       0,158539
10567,158540,0,                       0,158540,158540,0,                       0,158540
10568,158539,0,                       0,158541,158541,0,                       0,158539
10569,158540,0,                       0,158540,158540,0,                       0,158540
10570,158541,0,                       0,158539,158539,0,                       0,158541
10571,158540,0,                       0,158540,158540,0,                       0,158540
10572,158541,0,                       0,158539,158539,0,                       0,158541
10573,158540,0,                       0,158540,158540,0,                       0,158540
10574,158541,0,                       0,158539,158539,0,                       0,158541
10575,158540,0,                       0,158540,158540,0,                       0,158540
10576,158539,0,                       0,158541,158541,0,                       0,158539
10577,158540,0,                       0,158540,158540,0,                       0,158540
10578,158541,0,                       0,158539,158539,0,                       0,158541
10579,158540,0,                       0,158540,158540,0,                       0,158540
10580,158539,0,                       0,158541,158541,0,                       0,158539
10581,158540,0,                       0,158540,158540,0,                       0,158540
10582,158541,0,                       0,158539,158539,0,                       0,158541
10583,158542,0,                       0,158538,158538,0,                       0,158542
10584,158541,0,                       0,158539,158539,0,                       0,158541
10585,158540,0,                       0,158540,158540,0,                       0,158540
10586,158541,0,                       0,158539,158539,0,                       0,158541
10587,158540,0,                       0,158540,158540,0,                       0,158540
10588,158541,0,                       0,158539,158539,0,                       0,158541
10589,158540,0,                       0,158540,158540,0,                       0,158540
10590,158541,0,                       0,158539,158539,0,                       0,158541
10591,158542,0,                       0,158538,158538,0,                       0,158542
10592,158541,0,                       0,158539,158539,0,                       0,158541
10593,158542,0,                       0,158538,158538,0,                       0,158542
10594,158541,0,                       0,158539,158539,0,                       0,158541
10595,158540,0,                       0,158540,158540,0,                       0,158540
10596,158541,0,                       0,158539,158539,0,                       0,158541
10597,158540,0,                       0,158540,158540,0,                       0,158540
10598,158539,0,                       0,158541,158541,0,                       0,158539
10599,158540,0,                       0,158540,158540,0,                       0,158540
10600,158541,0,                       0,158539,158539,0,                       0,158541
10601,158540,0,                       0,158540,158540,0,                       0,158540
10602,158541,0,                       0,158539,158539,0,                       0,158541
10603,158540,0,                       0,158540,158540,0,                       0,158540
10604,158541,0,                       0,158539,158539,0,                       0,158541
10605,158542,0,                       0,158538,158538,0,                       0,158542
10606,158543,0,                       0,158537,158537,0,                       0,158543
10607,158544,0,                       0,158536,158536,0,                       0,158544
10608,158543,0,                       0,158537,158537,0,                       0,158543
10609,158542,0,                       0,158538,158538,0,                       0,158542
10610,158541,0,                       0,158539,158539,0,                       0,158541
10611,158540,0,                       0,158540,158540,0,                       0,158540
10612,158541,0,                       0,158539,158539,0,                       0,158541
10613,158540,0,                       0,158540,158540,0,                       0,158540
10614,158541,0,                       0,158539,158539,0,                       0,158541
10615,158540,0,                       0,158540,158540,0,                       0,158540
10616,158541,0,                       0,158539,158539,0,                       0,158541
10617,158540,0,                       0,158540,158540,0,                       0,158540
10618,158539,0,                       0,158541,158541,0,                       0,158539
10619,158540,0,                       0,158540,158540,0,                       0,158540
10620,158541,0,                       0,158539,158539,0,                       0,158541
10621,158542,0,                       0,158538,158538,0,                       0,158542
10622,158543,0,                       0,158537,158537,0,                       0,158543
10623,158544,0,                       0,158536,158536,0,                       0,158544
10624,158545,0,                       0,158535,158535,0,                       0,158545
10625,158546,0,                       0,158534,158534,0,                       0,158546
10626,158545,0,                       0,158535,158535,0,                       0,158545
10627,158544,0,                       0,158536,158536,0,                       0,158544
10628,158543,0,                       0,158537,158537,0,                       0,158543
10629,158542,0,                       0,158538,158538,0,                       0,158542
10630,158541,0,                       0,158539,158539,0,                       0,158541
10631,158540,0,                       0,158540,158540,0,                       0,158540
10632,158539,0,                       0,158541,158541,0,                       0,158539
10633,158538,0,                       0,158542,158542,0,                       0,158538
10634,158539,0,                       0,158541,158541,0,                       0,158539
10635,158540,0,                       0,158540,158540,0,                       0,158540
10636,158539,0,                       0,158541,158541,0,                       0,158539
10637,158540,0,                       0,158540,158540,0,                       0,158540
10638,158539,0,                       0,158541,158541,0,                       0,158539
10639,158540,0,                       0,158540,158540,0,                       0,158540
10640,158539,0,                       0,158541,158541,0,                       0,158539
10641,158540,0,                       0,158540,158540,0,                       0,158540
10642,158539,0,                       0,158541,158541,0,                       0,158539
10643,158540,0,                       0,158540,158540,0,                       0,158540
10644,158541,0,                       0,158539,158539,0,                       0,158541
10645,158540,0,                       0,158540,158540,0,                       0,158540
10646,158541,0,                       0,158539,158539,0,                       0,158541
10647,158540,0,                       0,158540,158540,0,                       0,158540
10648,158539,0,                       0,158541,158541,0,                       0,158539
10649,158540,0,                       0,158540,158540,0,                       0,158540
10650,158539,0,                       0,158541,158541,0,                       0,158539
10651,158540,0,                       0,158540,158540,0,                       0,158540
10652,158539,0,                       0,158541,158541,0,                       0,158539
10653,158540,0,                       0,158540,158540,0,                       0,158540
10654,158541,0,                       0,158539,158539,0,                       0,158541
10655,158540,0,                       0,158540,158540,0,                       0,158540
10656,158541,0,                       0,158539,158539,0,                       0,158541
10657,158540,0,                       0,158540,158540,0,                       0,158540
10658,158539,0,                       0,158541,158541,0,                       0,158539
10659,158540,0,                       0,158540,158540,0,                       0,158540
10660,158541,0,                       0,158539,158539,0,                       0,158541
10661,158540,0,                       0,158540,158540,0,                       0,158540
10662,158541,0,                       0,158539,158539,0,                       0,158541
10663,158540,0,                       0,158540,158540,0,                       0,158540
10664,158539,0,                       0,158541,158541,0,                       0,158539
10665,158540,0,                       0,158540,158540,0,                       0,158540
10666,158541,0,                       0,158539,158539,0,                       0,158541
10667,158540,0,                       0,158540,158540,0,                       0,158540
10668,158539,0,                       0,158541,158541,0,                       0,158539
10669,158538,0,                       0,158542,158542,0,                       0,158538
10670,158539,0,                       0,158541,158541,0,                       0,158539
10671,158538,0,                       0,158542,158542,0,                       0,158538
10672,158539,0,                       0,158541,158541,0,                       0,158539
10673,158538,0,                       0,158542,158542,0,                       0,158538
10674,158539,0,                       0,158541,158541,0,                       0,158539
10675,158540,0,                       0,158540,158540,0,                       0,158540
10676,158539,0,                       0,158541,158541,0,                       0,158539
10677,158540,0,                       0,158540,158540,0,                       0,158540
10678,158539,0,                       0,158541,158541,0,                       0,158539
10679,158540,0,                       0,158540,158540,0,                       0,158540
10680,158539,0,                       0,158541,158541,0,                       0,158539
10681,158538,0,                       0,158542,158542,0,                       0,158538
10682,158539,0,                       0,158541,158541,0,                       0,158539
10683,158540,0,                       0,158540,158540,0,                       0,158540
10684,158541,0,                       0,158539,158539,0,                       0,158541
10685,158540,0,                       0,158540,158540,0,                       0,158540
10686,158539,0,                       0,158541,158541,0,                       0,158539
10687,158540,0,                       0,158540,158540,0,                       0,158540
10688,158541,0,                       0,158539,158539,0,                       0,158541
10689,158542,0,                       0,158538,158538,0,                       0,158542
10690,158541,0,                       0,158539,158539,0,                       0,158541
10691,158540,0,                       0,158540,158540,0,                       0,158540
10692,158539,0,                       0,158541,158541,0,                       0,158539
10693,158540,0,                       0,158540,158540,0,                       0,158540
10694,158541,0,                       0,158539,158539,0,                       0,158541
10695,158542,0,                       0,158538,158538,0,                       0,158542
10696,158541,0,                       0,158539,158539,0,                       0,158541
10697,158542,0,                       0,158538,158538,0,                       0,158542
10698,158543,0,                       0,158537,158537,0,                       0,158543
10699,158542,0,                       0,158538,158538,0,                       0,158542
10700,158543,0,                       0,158537,158537,0,                       0,158543
10701,158542,0,                       0,158538,158538,0,                       0,158542
10702,158541,0,                       0,158539,158539,0,                       0,158541
10703,158540,0,                       0,158540,158540,0,                       0,158540
10704,158541,0,                       0,158539,158539,0,                       0,158541
10705,158542,0,                       0,158538,158538,0,                       0,158542
10706,158541,0,                       0,158539,158539,0,                       0,158541
10707,158540,0,                       0,158540,158540,0,                       0,158540
10708,158541,0,                       0,158539,158539,0,                       0,158541
10709,158540,0,                       0,158540,158540,0,                       0,158540
10710,158539,0,                       0,158541,158541,0,                       0,158539
10711,158540,0,                       0,158540,158540,0,                       0,158540
10712,158541,0,                       0,158539,158539,0,                       0,158541
10713,158540,0,                       0,158540,158540,0,                       0,158540
10714,158541,0,                       0,158539,158539,0,                       0,158541
10715,158542,0,                       0,158538,158538,0,                       0,158542
10716,158541,0,                       0,158539,158539,0,                       0,158541
10717,158540,0,                       0,158540,158540,0,                       0,158540
10718,158539,0,                       0,158541,158541,0,                       0,158539
10719,158540,0,                       0,158540,158540,0,                       0,158540
10720,158541,0,                       0,158539,158539,0,                       0,158541
10721,158542,0,                       0,158538,158538,0,                       0,158542
10722,158541,0,                       0,158539,158539,0,                       0,158541
10723,158540,0,                       0,158540,158540,0,                       0,158540
10724,158539,0,                       0,158541,158541,0,                       0,158539
10725,158540,0,                       0,158540,158540,0,                       0,158540
10726,158539,0,                       0,158541,158541,0,                       0,158539
10727,158540,0,                       0,158540,158540,0,                       0,158540
10728,158539,0,                       0,158541,158541,0,                       0,158539
10729,158540,0,                       0,158540,158540,0,                       0,158540
10730,158539,0,                       0,158541,158541,0,                       0,158539
10731,158540,0,                       0,158540,158540,0,                       0,158540
10732,158541,0,                       0,158539,158539,0,                       0,158541
10733,158540,0,                       0,158540,158540,0,                       0,158540
10734,158541,0,                       0,158539,158539,0,                       0,158541
10735,158540,0,                       0,158540,158540,0,                       0,158540
10736,158541,0,                       0,158539,158539,0,                       0,158541
10737,158540,0,                       0,158540,158540,0,                       0,158540
10738,158541,0,                       0,158539,158539,0,                       0,158541
10739,158542,0,                       0,158538,158538,0,                       0,158542
10740,158543,0,                       0,158537,158537,0,                       0,158543
10741,158542,0,                       0,158538,158538,0,                       0,158542
10742,158543,0,                       0,158537,158537,0,                       0,158543
10743,158542,0,                       0,158538,158538,0,                       0,158542
10744,158543,0,                       0,158537,158537,0,                       0,158543
10745,158542,0,                       0,158538,158538,0,                       0,158542
10746,158541,0,                       0,158539,158539,0,                       0,158541
10747,158540,0,                       0,158540,158540,0,                       0,158540
10748,158539,0,                       0,158541,158541,0,                       0,158539
10749,158540,0,                       0,158540,158540,0,                       0,158540
10750,158541,0,                       0,158539,158539,0,                       0,158541
10751,158540,0,                       0,158540,158540,0,                       0,158540
10752,158541,0,                       0,158539,158539,0,                       0,158541
10753,158540,0,                       0,158540,158540,0,                       0,158540
10754,158539,0,                       0,158541,158541,0,                       0,158539
10755,158540,0,                       0,158540,158540,0,                       0,158540
10756,158541,0,                       0,158539,158539,0,                       0,158541
10757,158540,0,                       0,158540,158540,0,                       0,158540
10758,158539,0,                       0,158541,158541,0,                       0,158539
10759,158540,0,                       0,158540,158540,0,                       0,158540
10760,158541,0,                       0,158539,158539,0,                       0,158541
10761,158540,0,                       0,158540,158540,0,                       0,158540
10762,158539,0,                       0,158541,158541,0,                       0,158539
10763,158540,0,                       0,158540,158540,0,                       0,158540
10764,158539,0,                       0,158541,158541,0,                       0,158539
10765,158538,0,                       0,158542,158542,0,                       0,158538
10766,158539,0,                       0,158541,158541,0,                       0,158539
10767,158540,0,                       0,158540,158540,0,                       0,158540
10768,158539,0,                       0,158541,158541,0,                       0,158539
10769,158538,0,                       0,158542,158542,0,                       0,158538
10770,158539,0,                       0,158541,158541,0,                       0,158539
10771,158540,0,                       0,158540,158540,0,                       0,158540
10772,158541,0,                       0,158539,158539,0,                       0,158541
10773,158540,0,                       0,158540,158540,0,                       0,158540
10774,158539,0,                       0,158541,158541,0,                       0,158539
10775,158540,0,                       0,158540,158540,0,                       0,158540
10776,158539,0,                       0,158541,158541,0,                       0,158539
10777,158538,0,                       0,158542,158542,0,                       0,158538
10778,158539,0,                       0,158541,158541,0,                       0,158539
10779,158538,0,                       0,158542,158542,0,                       0,158538
10780,158539,0,                       0,158541,158541,0,                       0,158539
10781,158540,0,                       0,158540,158540,0,                       0,158540
10782,158541,0,                       0,158539,158539,0,                       0,158541
10783,158542,0,                       0,158538,158538,0,                       0,158542
10784,158543,0,                       0,158537,158537,0,                       0,158543
10785,158544,0,                       0,158536,158536,0,                       0,158544
10786,158543,0,                       0,158537,158537,0,                       0,158543
10787,158542,0,                       0,158538,158538,0,                       0,158542
10788,158541,0,                       0,158539,158539,0,                       0,158541
10789,158540,0,                       0,158540,158540,0,                       0,158540
10790,158541,0,                       0,158539,158539,0,                       0,158541
10791,158540,0,                       0,158540,158540,0,                       0,158540
10792,158541,0,                       0,158539,158539,0,                       0,158541
10793,158540,0,                       0,158540,158540,0,                       0,158540
10794,158539,0,                       0,158541,158541,0,                       0,158539
10795,158540,0,                       0,158540,158540,0,                       0,158540
10796,158541,0,                       0,158539,158539,0,                       0,158541
10797,158540,0,                       0,158540,158540,0,                       0,158540
10798,158539,0,                       0,158541,158541,0,                       0,158539
10799,158540,0,                       0,158540,158540,0,                       0,158540
10800,158541,0,                       0,158539,158539,0,                       0,158541
10801,158540,0,                       0,158540,158540,0,                       0,158540
10802,158539,0,                       0,158541,158541,0,                       0,158539
10803,158540,0,                       0,158540,158540,0,                       0,158540
10804,158541,0,                       0,158539,158539,0,                       0,158541
10805,158540,0,                       0,158540,158540,0,                       0,158540
10806,158539,0,                       0,158541,158541,0,                       0,158539
10807,158538,0,                       0,158542,158542,0,                       0,158538
10808,158539,0,                       0,158541,158541,0,                       0,158539
10809,158540,0,                       0,158540,158540,0,                       0,158540
10810,158541,0,                       0,158539,158539,0,                       0,158541
10811,158542,0,                       0,158538,158538,0,                       0,158542
10812,158541,0,                       0,158539,158539,0,                       0,158541
10813,158540,0,                       0,158540,158540,0,                       0,158540
10814,158539,0,                       0,158541,158541,0,                       0,158539
10815,158540,0,                       0,158540,158540,0,                       0,158540
10816,158541,0,                       0,158539,158539,0,                       0,158541
10817,158540,0,                       0,158540,158540,0,                       0,158540
10818,158541,0,                       0,158539,158539,0,                       0,158541
10819,158540,0,                       0,158540,158540,0,                       0,158540
10820,158539,0,                       0,158541,158541,0,                       0,158539
10821,158538,0,                       0,158542,158542,0,                       0,158538
10822,158539,0,                       0,158541,158541,0,                       0,158539
10823,158540,0,                       0,158540,158540,0,                       0,158540
10824,158539,0,                       0,158541,158541,0,                       0,158539
10825,158540,0,                       0,158540,158540,0,                       0,158540
10826,158541,0,                       0,158539,158539,0,                       0,158541
10827,158540,0,                       0,158540,158540,0,                       0,158540
10828,158541,0,                       0,158539,158539,0,                       0,158541
10829,158542,0,                       0,158538,158538,0,                       0,158542
10830,158543,0,                       0,158537,158537,0,                       0,158543
10831,158542,0,                       0,158538,158538,0,                       0,158542
10832,158541,0,                       0,158539,158539,0,                       0,158541
10833,158540,0,                       0,158540,158540,0,                       0,158540
10834,158541,0,                       0,158539,158539,0,                       0,158541
10835,158540,0,                       0,158540,158540,0,                       0,158540
10836,158539,0,                       0,158541,158541,0,                       0,158539
10837,158540,0,                       0,158540,158540,0,                       0,158540
10838,158541,0,                       0,158539,158539,0,                       0,158541
10839,158542,0,                       0,158538,158538,0,                       0,158542
10840,158541,0,                       0,158539,158539,0,                       0,158541
10841,158540,0,                       0,158540,158540,0,                       0,158540
10842,158539,0,                       0,158541,158541,0,                       0,158539
10843,158538,0,                       0,158542,158542,0,                       0,158538
10844,158539,0,                       0,158541,158541,0,                       0,158539
10845,158540,0,                       0,158540,158540,0,                       0,158540
10846,158541,0,                       0,158539,158539,0,                       0,158541
10847,158540,0,                       0,158540,158540,0,                       0,158540
10848,158541,0,                       0,158539,158539,0,                       0,158541
10849,158542,0,                       0,158538,158538,0,                       0,158542
10850,158541,0,                       0,158539,158539,0,                       0,158541
10851,158542,0,                       0,158538,158538,0,                       0,158542
10852,158541,0,                       0,158539,158539,0,                       0,158541
10853,158540,0,                       0,158540,158540,0,                       0,158540
10854,158539,0,                       0,158541,158541,0,                       0,158539
10855,158540,0,                       0,158540,158540,0,                       0,158540
10856,158539,0,                       0,158541,158541,0,                       0,158539
10857,158540,0,                       0,158540,158540,0,                       0,158540
10858,158541,0,                       0,158539,158539,0,                       0,158541
10859,158542,0,                       0,158538,158538,0,                       0,158542
10860,158541,0,                       0,158539,158539,0,                       0,158541
10861,158540,0,                       0,158540,158540,0,                       0,158540
10862,158541,0,                       0,158539,158539,0,                       0,158541
10863,158542,0,                       0,158538,158538,0,                       0,158542
10864,158543,0,                       0,158537,158537,0,                       0,158543
10865,158542,0,                       0,158538,158538,0,                       0,158542
10866,158541,0,                       0,158539,158539,0,                       0,158541
10867,158540,0,                       0,158540,158540,0,                       0,158540
10868,158541,0,                       0,158539,158539,0,                       0,158541
10869,158540,0,                       0,158540,158540,0,                       0,158540
10870,158541,0,                       0,158539,158539,0,                       0,158541
10871,158542,0,                       0,158538,158538,0,                       0,158542
10872,158541,0,                       0,158539,158539,0,                       0,158541
10873,158540,0,                       0,158540,158540,0,                       0,158540
10874,158541,0,                       0,158539,158539,0,                       0,158541
10875,158542,0,                       0,158538,158538,0,                       0,158542
10876,158543,0,                       0,158537,158537,0,                       0,158543
10877,158542,0,                       0,158538,158538,0,                       0,158542
10878,158541,0,                       0,158539,158539,0,                       0,158541
10879,158542,0,                       0,158538,158538,0,                       0,158542
10880,158543,0,                       0,158537,158537,0,                       0,158543
10881,158544,0,                       0,158536,158536,0,                       0,158544
10882,158543,0,                       0,158537,158537,0,                       0,158543
10883,158542,0,                       0,158538,158538,0,                       0,158542
10884,158541,0,                       0,158539,158539,0,                       0,158541
10885,158540,0,                       0,158540,158540,0,                       0,158540
10886,158541,0,                       0,158539,158539,0,                       0,158541
10887,158540,0,                       0,158540,158540,0,                       0,158540
10888,158541,0,                       0,158539,158539,0,                       0,158541
10889,158540,0,                       0,158540,158540,0,                       0,158540
10890,158539,0,                       0,158541,158541,0,                       0,158539
10891,158540,0,                       0,158540,158540,0,                       0,158540
10892,158541,0,                       0,158539,158539,0,                       0,158541
10893,158542,0,                       0,158538,158538,0,                       0,158542
10894,158541,0,                       0,158539,158539,0,                       0,158541
10895,158542,0,                       0,158538,158538,0,                       0,158542
10896,158541,0,                       0,158539,158539,0,                       0,158541
10897,158540,0,                       0,158540,158540,0,                       0,158540
10898,158539,0,                       0,158541,158541,0,                       0,158539
10899,158540,0,                       0,158540,158540,0,                       0,158540
10900,158541,0,                       0,158539,158539,0,                       0,158541
10901,158540,0,                       0,158540,158540,0,                       0,158540
10902,158539,0,                       0,158541,158541,0,                       0,158539
10903,158538,0,                       0,158542,158542,0,                       0,158538
10904,158537,0,                       0,158543,158543,0,                       0,158537
10905,158538,0,                       0,158542,158542,0,                       0,158538
10906,158539,0,                       0,158541,158541,0,                       0,158539
10907,158540,0,                       0,158540,158540,0,                       0,158540
10908,158539,0,                       0,158541,158541,0,                       0,158539
10909,158538,0,                       0,158542,158542,0,                       0,158538
10910,158539,0,                       0,158541,158541,0,                       0,158539
10911,158540,0,                       0,158540,158540,0,                       0,158540
10912,158539,0,                       0,158541,158541,0,                       0,158539
10913,158538,0,                       0,158542,158542,0,                       0,158538
10914,158539,0,                       0,158541,158541,0,                       0,158539
10915,158540,0,                       0,158540,158540,0,                       0,158540
10916,158541,0,                       0,158539,158539,0,                       0,158541
10917,158542,0,                       0,158538,158538,0,                       0,158542
10918,158541,0,                       0,158539,158539,0,                       0,158541
10919,158540,0,                       0,158540,158540,0,                       0,158540
10920,158541,0,                       0,158539,158539,0,                       0,158541
10921,158540,0,                       0,158540,158540,0,                       0,158540
10922,158539,0,                       0,158541,158541,0,                       0,158539
10923,158540,0,                       0,158540,158540,0,                       0,158540
10924,158541,0,                       0,158539,158539,0,                       0,158541
10925,158540,0,                       0,158540,158540,0,                       0,158540
10926,158539,0,                       0,158541,158541,0,                       0,158539
10927,158540,0,                       0,158540,158540,0,                       0,158540
10928,158541,0,                       0,158539,158539,0,                       0,158541
10929,158540,0,                       0,158540,158540,0,                       0,158540
10930,158541,0,                       0,158539,158539,0,                       0,158541
10931,158540,0,                       0,158540,158540,0,                       0,158540
10932,158539,0,                       0,158541,158541,0,                       0,158539
10933,158540,0,                       0,158540,158540,0,                       0,158540
10934,158539,0,                       0,158541,158541,0,                       0,158539
10935,158538,0,                       0,158542,158542,0,                       0,158538
10936,158537,0,                       0,158543,158543,0,                       0,158537
10937,158538,0,                       0,158542,158542,0,                       0,158538
10938,158539,0,                       0,158541,158541,0,                       0,158539
10939,158538,0,                       0,158542,158542,0,                       0,158538
10940,158539,0,                       0,158541,158541,0,                       0,158539
10941,158538,0,                       0,158542,158542,0,                       0,158538
10942,158539,0,                       0,158541,158541,0,                       0,158539
10943,158540,0,                       0,158540,158540,0,                       0,158540
10944,158539,0,                       0,158541,158541,0,                       0,158539
10945,158540,0,                       0,158540,158540,0,                       0,158540
10946,158539,0,                       0,158541,158541,0,                       0,158539
10947,158538,0,                       0,158542,158542,0,                       0,158538
10948,158539,0,                       0,158541,158541,0,                       0,158539
10949,158538,0,                       0,158542,158542,0,                       0,158538
10950,158539,0,                       0,158541,158541,0,                       0,158539
10951,158538,0,                       0,158542,158542,0,                       0,158538
10952,158539,0,                       0,158541,158541,0,                       0,158539
10953,158538,0,                       0,158542,158542,0,                       0,158538
10954,158539,0,                       0,158541,158541,0,                       0,158539
10955,158538,0,                       0,158542,158542,0,                       0,158538
10956,158539,0,                       0,158541,158541,0,                       0,158539
10957,158540,0,                       0,158540,158540,0,                       0,158540
10958,158541,0,                       0,158539,158539,0,                       0,158541
10959,158540,0,                       0,158540,158540,0,                       0,158540
10960,158539,0,                       0,158541,158541,0,                       0,158539
10961,158538,0,                       0,158542,158542,0,                       0,158538
10962,158537,0,                       0,158543,158543,0,                       0,158537
10963,158538,0,                       0,158542,158542,0,                       0,158538
10964,158539,0,                       0,158541,158541,0,                       0,158539
10965,158540,0,                       0,158540,158540,0,                       0,158540
10966,158539,0,                       0,158541,158541,0,                       0,158539
10967,158538,0,                       0,158542,158542,0,                       0,158538
10968,158539,0,                       0,158541,158541,0,                       0,158539
10969,158540,0,                       0,158540,158540,0,                       0,158540
10970,158539,0,                       0,158541,158541,0,                       0,158539
10971,158540,0,                       0,158540,158540,0,                       0,158540
10972,158539,0,                       0,158541,158541,0,                       0,158539
10973,158538,0,                       0,158542,158542,0,                       0,158538
10974,158539,0,                       0,158541,158541,0,                       0,158539
10975,158538,0,                       0,158542,158542,0,                       0,158538
10976,158539,0,                       0,158541,158541,0,                       0,158539
10977,158540,0,                       0,158540,158540,0,                       0,158540
10978,158539,0,                       0,158541,158541,0,                       0,158539
10979,158540,0,                       0,158540,158540,0,                       0,158540
10980,158539,0,                       0,158541,158541,0,                       0,158539
10981,158540,0,                       0,158540,158540,0,                       0,158540
10982,158541,0,                       0,158539,158539,0,                       0,158541
10983,158542,0,                       0,158538,158538,0,                       0,158542
10984,158541,0,                       0,158539,158539,0,                       0,158541
10985,158540,0,                       0,158540,158540,0,                       0,158540
10986,158541,0,                       0,158539,158539,0,                       0,158541
10987,158540,0,                       0,158540,158540,0,                       0,158540
10988,158541,0,                       0,158539,158539,0,                       0,158541
10989,158540,0,                       0,158540,158540,0,                       0,158540
10990,158541,0,                       0,158539,158539,0,                       0,158541
10991,158542,0,                       0,158538,158538,0,                       0,158542
10992,158541,0,                       0,158539,158539,0,                       0,158541
10993,158540,0,                       0,158540,158540,0,                       0,158540
10994,158539,0,                       0,158541,158541,0,                       0,158539
10995,158540,0,                       0,158540,158540,0,                       0,158540
10996,158539,0,                       0,158541,158541,0,                       0,158539
10997,158538,0,                       0,158542,158542,0,                       0,158538
10998,158539,0,                       0,158541,158541,0,                       0,158539
10999,158540,0,                       0,158540,158540,0,                       0,158540
11000,158541,0,                       0,158539,158539,0,                       0,158541
11001,158542,0,                       0,158538,158538,0,                       0,158542
11002,158541,0,                       0,158539,158539,0,                       0,158541
11003,158540,0,                       0,158540,158540,0,                       0,158540
11004,158541,0,                       0,158539,158539,0,                       0,158541
11005,158542,0,                       0,158538,158538,0,                       0,158542
11006,158541,0,                       0,158539,158539,0,                       0,158541
11007,158542,0,                       0,158538,158538,0,                       0,158542
11008,158541,0,                       0,158539,158539,0,                       0,158541
11009,158540,0,                       0,158540,158540,0,                       0,158540
11010,158541,0,                       0,158539,158539,0,                       0,158541
11011,158540,0,                       0,158540,158540,0,                       0,158540
11012,158541,0,                       0,158539,158539,0,                       0,158541
11013,158542,0,                       0,158538,158538,0,                       0,158542
11014,158541,0,                       0,158539,158539,0,                       0,158541
11015,158542,0,                       0,158538,158538,0,                       0,158542
11016,158541,0,                       0,158539,158539,0,                       0,158541
11017,158540,0,                       0,158540,158540,0,                       0,158540
11018,158541,0,                       0,158539,158539,0,                       0,158541
11019,158540,0,                       0,158540,158540,0,                       0,158540
11020,158541,0,                       0,158539,158539,0,                       0,158541
11021,158540,0,                       0,158540,158540,0,                       0,158540
11022,158541,0,                       0,158539,158539,0,                       0,158541
11023,158542,0,                       0,158538,158538,0,                       0,158542
11024,158541,0,                       0,158539,158539,0,                       0,158541
11025,158540,0,                       0,158540,158540,0,                       0,158540
11026,158541,0,                       0,158539,158539,0,                       0,158541
11027,158542,0,                       0,158538,158538,0,                       0,158542
11028,158541,0,                       0,158539,158539,0,                       0,158541
11029,158540,0,                       0,158540,158540,0,                       0,158540
11030,158539,0,                       0,158541,158541,0,                       0,158539
11031,158538,0,                       0,158542,158542,0,                       0,158538
11032,158537,0,                       0,158543,158543,0,                       0,158537
11033,158538,0,                       0,158542,158542,0,                       0,158538
11034,158539,0,                       0,158541,158541,0,                       0,158539
11035,158540,0,                       0,158540,158540,0,                       0,158540
11036,158541,0,                       0,158539,158539,0,                       0,158541
11037,158540,0,                       0,158540,158540,0,                       0,158540
11038,158541,0,                       0,158539,158539,0,                       0,158541
11039,158542,0,                       0,158538,158538,0,                       0,158542
11040,158541,0,                       0,158539,158539,0,                       0,158541
11041,158540,0,                       0,158540,158540,0,                       0,158540
11042,158539,0,                       0,158541,158541,0,                       0,158539
11043,158540,0,                       0,158540,158540,0,                       0,158540
11044,158539,0,                       0,158541,158541,0,                       0,158539
11045,158540,0,                       0,158540,158540,0,                       0,158540
11046,158541,0,                       0,158539,158539,0,                       0,158541
11047,158540,0,                       0,158540,158540,0,                       0,158540
11048,158541,0,                       0,158539,158539,0,                       0,158541
11049,158542,0,                       0,158538,158538,0,                       0,158542
11050,158541,0,                       0,158539,158539,0,                       0,158541
11051,158540,0,                       0,158540,158540,0,                       0,158540
11052,158539,0,                       0,158541,158541,0,                       0,158539
11053,158540,0,                       0,158540,158540,0,                       0,158540
11054,158541,0,                       0,158539,158539,0,                       0,158541
11055,158542,0,                       0,158538,158538,0,                       0,158542
11056,158541,0,                       0,158539,158539,0,                       0,158541
11057,158542,0,                       0,158538,158538,0,                       0,158542
11058,158541,0,                       0,158539,158539,0,                       0,158541
11059,158542,0,                       0,158538,158538,0,                       0,158542
11060,158543,0,                       0,158537,158537,0,                       0,158543
11061,158542,0,                       0,158538,158538,0,                       0,158542
11062,158541,0,                       0,158539,158539,0,                       0,158541
11063,158542,0,                       0,158538,158538,0,                       0,158542
11064,158541,0,                       0,158539,158539,0,                       0,158541
11065,158540,0,                       0,158540,158540,0,                       0,158540
11066,158539,0,                       0,158541,158541,0,                       0,158539
11067,158538,0,                       0,158542,158542,0,                       0,158538
11068,158539,0,                       0,158541,158541,0,                       0,158539
11069,158538,0,                       0,158542,158542,0,                       0,158538
11070,158539,0,                       0,158541,158541,0,                       0,158539
11071,158540,0,                       0,158540,158540,0,                       0,158540
11072,158541,0,                       0,158539,158539,0,                       0,158541
11073,158542,0,                       0,158538,158538,0,                       0,158542
11074,158541,0,                       0,158539,158539,0,                       0,158541
11075,158542,0,                       0,158538,158538,0,                       0,158542
11076,158541,0,                       0,158539,158539,0,                       0,158541
11077,158540,0,                       0,158540,158540,0,                       0,158540
11078,158539,0,                       0,158541,158541,0,                       0,158539
11079,158540,0,                       0,158540,158540,0,                       0,158540
11080,158541,0,                       0,158539,158539,0,                       0,158541
11081,158540,0,                       0,158540,158540,0,                       0,158540
11082,158541,0,                       0,158539,158539,0,                       0,158541
11083,158542,0,                       0,158538,158538,0,                       0,158542
11084,158541,0,                       0,158539,158539,0,                       0,158541
11085,158540,0,                       0,158540,158540,0,                       0,158540
11086,158539,0,                       0,158541,158541,0,                       0,158539
11087,158540,0,                       0,158540,158540,0,                       0,158540
11088,158539,0,                       0,158541,158541,0,                       0,158539
11089,158538,0,                       0,158542,158542,0,                       0,158538
11090,158539,0,                       0,158541,158541,0,                       0,158539
11091,158540,0,                       0,158540,158540,0,                       0,158540
11092,158541,0,                       0,158539,158539,0,                       0,158541
11093,158540,0,                       0,158540,158540,0,                       0,158540
11094,158539,0,                       0,158541,158541,0,                       0,158539
11095,158540,0,                       0,158540,158540,0,                       0,158540
11096,158539,0,                       0,158541,158541,0,                       0,158539
11097,158540,0,                       0,158540,158540,0,                       0,158540
11098,158541,0,                       0,158539,158539,0,                       0,158541
11099,158542,0,                       0,158538,158538,0,                       0,158542
11100,158541,0,                       0,158539,158539,0,                       0,158541
11101,158542,0,                       0,158538,158538,0,                       0,158542
11102,158541,0,                       0,158539,158539,0,                       0,158541
11103,158540,0,                       0,158540,158540,0,                       0,158540
11104,158539,0,                       0,158541,158541,0,                       0,158539
11105,158540,0,                       0,158540,158540,0,                       0,158540
11106,158541,0,                       0,158539,158539,0,                       0,158541
11107,158542,0,                       0,158538,158538,0,                       0,158542
11108,158543,0,                       0,158537,158537,0,                       0,158543
11109,158542,0,                       0,158538,158538,0,                       0,158542
11110,158541,0,                       0,158539,158539,0,                       0,158541
11111,158542,0,                       0,158538,158538,0,                       0,158542
11112,158541,0,                       0,158539,158539,0,                       0,158541
11113,158540,0,                       0,158540,158540,0,                       0,158540
11114,158541,0,                       0,158539,158539,0,                       0,158541
11115,158542,0,                       0,158538,158538,0,                       0,158542
11116,158541,0,                       0,158539,158539,0,                       0,158541
11117,158540,0,                       0,158540,158540,0,                       0,158540
11118,158541,0,                       0,158539,158539,0,                       0,158541
11119,158542,0,                       0,158538,158538,0,                       0,158542
11120,158541,0,                       0,158539,158539,0,                       0,158541
11121,158542,0,                       0,158538,158538,0,                       0,158542
11122,158541,0,                       0,158539,158539,0,                       0,158541
11123,158540,0,                       0,158540,158540,0,                       0,158540
11124,158541,0,                       0,158539,158539,0,                       0,158541
11125,158542,0,                       0,158538,158538,0,                       0,158542
11126,158543,0,                       0,158537,158537,0,                       0,158543
11127,158542,0,                       0,158538,158538,0,                       0,158542
11128,158541,0,                       0,158539,158539,0,                       0,158541
11129,158540,0,                       0,158540,158540,0,                       0,158540
11130,158539,0,                       0,158541,158541,0,                       0,158539
11131,158538,0,                       0,158542,158542,0,                       0,158538
11132,158537,0,                       0,158543,158543,0,                       0,158537
11133,158538,0,                       0,158542,158542,0,                       0,158538
11134,158539,0,                       0,158541,158541,0,                       0,158539
11135,158540,0,                       0,158540,158540,0,                       0,158540
11136,158541,0,                       0,158539,158539,0,                       0,158541
11137,158542,0,                       0,158538,158538,0,                       0,158542
11138,158541,0,                       0,158539,158539,0,                       0,158541
11139,158542,0,                       0,158538,158538,0,                       0,158542
11140,158541,0,                       0,158539,158539,0,                       0,158541
11141,158540,0,                       0,158540,158540,0,                       0,158540
11142,158539,0,                       0,158541,158541,0,                       0,158539
11143,158538,0,                       0,158542,158542,0,                       0,158538
11144,158537,0,                       0,158543,158543,0,                       0,158537
11145,158538,0,                       0,158542,158542,0,                       0,158538
11146,158539,0,                       0,158541,158541,0,                       0,158539
11147,158540,0,                       0,158540,158540,0,                       0,158540
11148,158539,0,                       0,158541,158541,0,                       0,158539
11149,158538,0,                       0,158542,158542,0,                       0,158538
11150,158539,0,                       0,158541,158541,0,                       0,158539
11151,158540,0,                       0,158540,158540,0,                       0,158540
11152,158539,0,                       0,158541,158541,0,                       0,158539
11153,158540,0,                       0,158540,158540,0,                       0,158540
11154,158541,0,                       0,158539,158539,0,                       0,158541
11155,158542,0,                       0,158538,158538,0,                       0,158542
11156,158541,0,                       0,158539,158539,0,                       0,158541
11157,158542,0,                       0,158538,158538,0,                       0,158542
11158,158543,0,                       0,158537,158537,0,                       0,158543
11159,158542,0,                       0,158538,158538,0,                       0,158542
11160,158541,0,                       0,158539,158539,0,                       0,158541
11161,158540,0,                       0,158540,158540,0,                       0,158540
11162,158539,0,                       0,158541,158541,0,                       0,158539
11163,158538,0,                       0,158542,158542,0,                       0,158538
11164,158539,0,                       0,158541,158541,0,                       0,158539
11165,158540,0,                       0,158540,158540,0,                       0,158540
11166,158539,0,                       0,158541,158541,0,                       0,158539
11167,158540,0,                       0,158540,158540,0,                       0,158540
11168,158539,0,                       0,158541,158541,0,                       0,158539
11169,158538,0,                       0,158542,158542,0,                       0,158538
11170,158539,0,                       0,158541,158541,0,                       0,158539
11171,158540,0,                       0,158540,158540,0,                       0,158540
11172,158539,0,                       0,158541,158541,0,                       0,158539
11173,158540,0,                       0,158540,158540,0,                       0,158540
11174,158541,0,                       0,158539,158539,0,                       0,158541
11175,158540,0,                       0,158540,158540,0,                       0,158540
11176,158541,0,                       0,158539,158539,0,                       0,158541
11177,158540,0,                       0,158540,158540,0,                       0,158540
11178,158539,0,                       0,158541,158541,0,                       0,158539
11179,158540,0,                       0,158540,158540,0,                       0,158540
11180,158541,0,                       0,158539,158539,0,                       0,158541
11181,158540,0,                       0,158540,158540,0,                       0,158540
11182,158541,0,                       0,158539,158539,0,                       0,158541
11183,158540,0,                       0,158540,158540,0,                       0,158540
11184,158539,0,                       0,158541,158541,0,                       0,158539
11185,158540,0,                       0,158540,158540,0,                       0,158540
11186,158539,0,                       0,158541,158541,0,                       0,158539
11187,158540,0,                       0,158540,158540,0,                       0,158540
11188,158539,0,                       0,158541,158541,0,                       0,158539
11189,158540,0,                       0,158540,158540,0,                       0,158540
11190,158539,0,                       0,158541,158541,0,                       0,158539
11191,158540,0,                       0,158540,158540,0,                       0,158540
11192,158541,0,                       0,158539,158539,0,                       0,158541
11193,158542,0,                       0,158538,158538,0,                       0,158542
11194,158541,0,                       0,158539,158539,0,                       0,158541
11195,158540,0,                       0,158540,158540,0,                       0,158540
11196,158539,0,                       0,158541,158541,0,                       0,158539
11197,158538,0,                       0,158542,158542,0,                       0,158538
11198,158539,0,                       0,158541,158541,0,                       0,158539
11199,158540,0,                       0,158540,158540,0,                       0,158540
11200,158541,0,                       0,158539,158539,0,                       0,158541
11201,158540,0,                       0,158540,158540,0,                       0,158540
11202,158539,0,                       0,158541,158541,0,                       0,158539
11203,158540,0,                       0,158540,158540,0,                       0,158540
11204,158539,0,                       0,158541,158541,0,                       0,158539
11205,158538,0,                       0,158542,158542,0,                       0,158538
11206,158539,0,                       0,158541,158541,0,                       0,158539
11207,158540,0,                       0,158540,158540,0,                       0,158540
11208,158539,0,                       0,158541,158541,0,                       0,158539
11209,158540,0,                       0,158540,158540,0,                       0,158540
11210,158541,0,                       0,158539,158539,0,                       0,158541
11211,158542,0,                       0,158538,158538,0,                       0,158542
11212,158541,0,                       0,158539,158539,0,                       0,158541
11213,158540,0,                       0,158540,158540,0,                       0,158540
11214,158541,0,                       0,158539,158539,0,                       0,158541
11215,158540,0,                       0,158540,158540,0,                       0,158540
11216,158541,0,                       0,158539,158539,0,                       0,158541
11217,158540,0,                       0,158540,158540,0,                       0,158540
11218,158541,0,                       0,158539,158539,0,                       0,158541
11219,158542,0,                       0,158538,158538,0,                       0,158542
11220,158541,0,                       0,158539,158539,0,                       0,158541
11221,158540,0,                       0,158540,158540,0,                       0,158540
11222,158541,0,                       0,158539,158539,0,                       0,158541
11223,158540,0,                       0,158540,158540,0,                       0,158540
11224,158541,0,                       0,158539,158539,0,                       0,158541
11225,158542,0,                       0,158538,158538,0,                       0,158542
11226,158541,0,                       0,158539,158539,0,                       0,158541
11227,158542,0,                       0,158538,158538,0,                       0,158542
11228,158543,0,                       0,158537,158537,0,                       0,158543
11229,158542,0,                       0,158538,158538,0,                       0,158542
11230,158543,0,                       0,158537,158537,0,                       0,158543
11231,158542,0,                       0,158538,158538,0,                       0,158542
11232,158541,0,                       0,158539,158539,0,                       0,158541
11233,158540,0,                       0,158540,158540,0,                       0,158540
11234,158539,0,                       0,158541,158541,0,                       0,158539
11235,158538,0,                       0,158542,158542,0,                       0,158538
11236,158539,0,                       0,158541,158541,0,                       0,158539
11237,158540,0,                       0,158540,158540,0,                       0,158540
11238,158541,0,                       0,158539,158539,0,                       0,158541
11239,158540,0,                       0,158540,158540,0,                       0,158540
11240,158539,0,                       0,158541,158541,0,                       0,158539
11241,158538,0,                       0,158542,158542,0,                       0,158538
11242,158539,0,                       0,158541,158541,0,                       0,158539
11243,158540,0,                       0,158540,158540,0,                       0,158540
11244,158539,0,                       0,158541,158541,0,                       0,158539
11245,158538,0,                       0,158542,158542,0,                       0,158538
11246,158537,0,                       0,158543,158543,0,                       0,158537
11247,158538,0,                       0,158542,158542,0,                       0,158538
11248,158539,0,                       0,158541,158541,0,                       0,158539
11249,158540,0,                       0,158540,158540,0,                       0,158540
11250,158539,0,                       0,158541,158541,0,                       0,158539
11251,158540,0,                       0,158540,158540,0,                       0,158540
11252,158541,0,                       0,158539,158539,0,                       0,158541
11253,158540,0,                       0,158540,158540,0,                       0,158540
11254,158539,0,                       0,158541,158541,0,                       0,158539
11255,158540,0,                       0,158540,158540,0,                       0,158540
11256,158539,0,                       0,158541,158541,0,                       0,158539
11257,158538,0,                       0,158542,158542,0,                       0,158538
11258,158539,0,                       0,158541,158541,0,                       0,158539
11259,158540,0,                       0,158540,158540,0,                       0,158540
11260,158539,0,                       0,158541,158541,0,                       0,158539
11261,158540,0,                       0,158540,158540,0,                       0,158540
11262,158541,0,                       0,158539,158539,0,                       0,158541
11263,158542,0,                       0,158538,158538,0,                       0,158542
11264,158541,0,                       0,158539,158539,0,                       0,158541
11265,158542,0,                       0,158538,158538,0,                       0,158542
11266,158541,0,                       0,158539,158539,0,                       0,158541
11267,158542,0,                       0,158538,158538,0,                       0,158542
11268,158541,0,                       0,158539,158539,0,                       0,158541
11269,158540,0,                       0,158540,158540,0,                       0,158540
11270,158539,0,                       0,158541,158541,0,                       0,158539
11271,158538,0,                       0,158542,158542,0,                       0,158538
11272,158539,0,                       0,158541,158541,0,                       0,158539
11273,158540,0,                       0,158540,158540,0,                       0,158540
11274,158541,0,                       0,158539,158539,0,                       0,158541
11275,158542,0,                       0,158538,158538,0,                       0,158542
11276,158541,0,                       0,158539,158539,0,                       0,158541
11277,158540,0,                       0,158540,158540,0,                       0,158540
11278,158541,0,                       0,158539,158539,0,                       0,158541
11279,158542,0,                       0,158538,158538,0,                       0,158542
11280,158541,0,                       0,158539,158539,0,                       0,158541
11281,158540,0,                       0,158540,158540,0,                       0,158540
11282,158539,0,                       0,158541,158541,0,                       0,158539
11283,158538,0,                       0,158542,158542,0,                       0,158538
11284,158539,0,                       0,158541,158541,0,                       0,158539
11285,158540,0,                       0,158540,158540,0,                       0,158540
11286,158541,0,                       0,158539,158539,0,                       0,158541
11287,158542,0,                       0,158538,158538,0,                       0,158542
11288,158541,0,                       0,158539,158539,0,                       0,158541
11289,158540,0,                       0,158540,158540,0,                       0,158540
11290,158539,0,                       0,158541,158541,0,                       0,158539
11291,158538,0,                       0,158542,158542,0,                       0,158538
11292,158537,0,                       0,158543,158543,0,                       0,158537
11293,158538,0,                       0,158542,158542,0,                       0,158538
11294,158539,0,                       0,158541,158541,0,                       0,158539
11295,158540,0,                       0,158540,158540,0,                       0,158540
11296,158541,0,                       0,158539,158539,0,                       0,158541
11297,158542,0,                       0,158538,158538,0,                       0,158542
11298,158541,0,                       0,158539,158539,0,                       0,158541
11299,158542,0,                       0,158538,158538,0,                       0,158542
11300,158543,0,                       0,158537,158537,0,                       0,158543
11301,158542,0,                       0,158538,158538,0,                       0,158542
11302,158541,0,                       0,158539,158539,0,                       0,158541
11303,158540,0,                       0,158540,158540,0,                       0,158540
11304,158539,0,                       0,158541,158541,0,                       0,158539
11305,158538,0,                       0,158542,158542,0,                       0,158538
11306,158539,0,                       0,158541,158541,0,                       0,158539
11307,158538,0,                       0,158542,158542,0,                       0,158538
11308,158539,0,                       0,158541,158541,0,                       0,158539
11309,158538,0,                       0,158542,158542,0,                       0,158538
11310,158539,0,                       0,158541,158541,0,                       0,158539
11311,158540,0,                       0,158540,158540,0,                       0,158540
11312,158541,0,                       0,158539,158539,0,                       0,158541
11313,158542,0,                       0,158538,158538,0,                       0,158542
11314,158541,0,                       0,158539,158539,0,                       0,158541
11315,158540,0,                       0,158540,158540,0,                       0,158540
11316,158539,0,                       0,158541,158541,0,                       0,158539
11317,158538,0,                       0,158542,158542,0,                       0,158538
11318,158539,0,                       0,158541,158541,0,                       0,158539
11319,158540,0,                       0,158540,158540,0,                       0,158540
11320,158541,0,                       0,158539,158539,0,                       0,158541
11321,158542,0,                       0,158538,158538,0,                       0,158542
11322,158543,0,                       0,158537,158537,0,                       0,158543
11323,158544,0,                       0,158536,158536,0,                       0,158544
11324,158545,0,                       0,158535,158535,0,                       0,158545
11325,158544,0,                       0,158536,158536,0,                       0,158544
11326,158543,0,                       0,158537,158537,0,                       0,158543
11327,158542,0,                       0,158538,158538,0,                       0,158542
11328,158541,0,                       0,158539,158539,0,                       0,158541
11329,158540,0,                       0,158540,158540,0,                       0,158540
11330,158541,0,                       0,158539,158539,0,                       0,158541
11331,158540,0,                       0,158540,158540,0,                       0,158540
11332,158541,0,                       0,158539,158539,0,                       0,158541
11333,158540,0,                       0,158540,158540,0,                       0,158540
11334,158539,0,                       0,158541,158541,0,                       0,158539
11335,158540,0,                       0,158540,158540,0,                       0,158540
11336,158539,0,                       0,158541,158541,0,                       0,158539
11337,158540,0,                       0,158540,158540,0,                       0,158540
11338,158541,0,                       0,158539,158539,0,                       0,158541
11339,158542,0,                       0,158538,158538,0,                       0,158542
11340,158541,0,                       0,158539,158539,0,                       0,158541
11341,158542,0,                       0,158538,158538,0,                       0,158542
11342,158543,0,                       0,158537,158537,0,                       0,158543
11343,158544,0,                       0,158536,158536,0,                       0,158544
11344,158543,0,                       0,158537,158537,0,                       0,158543
11345,158542,0,                       0,158538,158538,0,                       0,158542
11346,158541,0,                       0,158539,158539,0,                       0,158541
11347,158540,0,                       0,158540,158540,0,                       0,158540
11348,158541,0,                       0,158539,158539,0,                       0,158541
11349,158540,0,                       0,158540,158540,0,                       0,158540
11350,158539,0,                       0,158541,158541,0,                       0,158539
11351,158540,0,                       0,158540,158540,0,                       0,158540
11352,158541,0,                       0,158539,158539,0,                       0,158541
11353,158540,0,                       0,158540,158540,0,                       0,158540
11354,158539,0,                       0,158541,158541,0,                       0,158539
11355,158538,0,                       0,158542,158542,0,                       0,158538
11356,158539,0,                       0,158541,158541,0,                       0,158539
11357,158540,0,                       0,158540,158540,0,                       0,158540
11358,158541,0,                       0,158539,158539,0,                       0,158541
11359,158540,0,                       0,158540,158540,0,                       0,158540
11360,158541,0,                       0,158539,158539,0,                       0,158541
11361,158540,0,                       0,158540,158540,0,                       0,158540
11362,158541,0,                       0,158539,158539,0,                       0,158541
11363,158540,0,                       0,158540,158540,0,                       0,158540
11364,158539,0,                       0,158541,158541,0,                       0,158539
11365,158538,0,                       0,158542,158542,0,                       0,158538
11366,158539,0,                       0,158541,158541,0,                       0,158539
11367,158538,0,                       0,158542,158542,0,                       0,158538
11368,158539,0,                       0,158541,158541,0,                       0,158539
11369,158540,0,                       0,158540,158540,0,                       0,158540
11370,158539,0,                       0,158541,158541,0,                       0,158539
11371,158538,0,                       0,158542,158542,0,                       0,158538
11372,158539,0,                       0,158541,158541,0,                       0,158539
11373,158540,0,                       0,158540,158540,0,                       0,158540
11374,158539,0,                       0,158541,158541,0,                       0,158539
11375,158540,0,                       0,158540,158540,0,                       0,158540
11376,158541,0,                       0,158539,158539,0,                       0,158541
11377,158542,0,                       0,158538,158538,0,                       0,158542
11378,158541,0,                       0,158539,158539,0,                       0,158541
11379,158540,0,                       0,158540,158540,0,                       0,158540
11380,158541,0,                       0,158539,158539,0,                       0,158541
11381,158542,0,                       0,158538,158538,0,                       0,158542
11382,158541,0,                       0,158539,158539,0,                       0,158541
11383,158540,0,                       0,158540,158540,0,                       0,158540
11384,158539,0,                       0,158541,158541,0,                       0,158539
11385,158540,0,                       0,158540,158540,0,                       0,158540
11386,158539,0,                       0,158541,158541,0,                       0,158539
11387,158538,0,                       0,158542,158542,0,                       0,158538
11388,158539,0,                       0,158541,158541,0,                       0,158539
11389,158540,0,                       0,158540,158540,0,                       0,158540
11390,158541,0,                       0,158539,158539,0,                       0,158541
11391,158540,0,                       0,158540,158540,0,                       0,158540
11392,158539,0,                       0,158541,158541,0,                       0,158539
11393,158540,0,                       0,158540,158540,0,                       0,158540
11394,158539,0,                       0,158541,158541,0,                       0,158539
11395,158538,0,                       0,158542,158542,0,                       0,158538
11396,158539,0,                       0,158541,158541,0,                       0,158539
11397,158540,0,                       0,158540,158540,0,                       0,158540
11398,158541,0,                       0,158539,158539,0,                       0,158541
11399,158540,0,                       0,158540,158540,0,                       0,158540
11400,158539,0,                       0,158541,158541,0,                       0,158539
11401,158540,0,                       0,158540,158540,0,                       0,158540
11402,158539,0,                       0,158541,158541,0,                       0,158539
11403,158538,0,                       0,158542,158542,0,                       0,158538
11404,158537,0,                       0,158543,158543,0,                       0,158537
11405,158538,0,                       0,158542,158542,0,                       0,158538
11406,158539,0,                       0,158541,158541,0,                       0,158539
11407,158540,0,                       0,158540,158540,0,                       0,158540
11408,158541,0,                       0,158539,158539,0,                       0,158541
11409,158540,0,                       0,158540,158540,0,                       0,158540
11410,158541,0,                       0,158539,158539,0,                       0,158541
11411,158540,0,                       0,158540,158540,0,                       0,158540
11412,158541,0,                       0,158539,158539,0,                       0,158541
11413,158540,0,                       0,158540,158540,0,                       0,158540
11414,158541,0,                       0,158539,158539,0,                       0,158541
11415,158540,0,                       0,158540,158540,0,                       0,158540
11416,158539,0,                       0,158541,158541,0,                       0,158539
11417,158538,0,                       0,158542,158542,0,                       0,158538
11418,158537,0,                       0,158543,158543,0,                       0,158537
11419,158538,0,                       0,158542,158542,0,                       0,158538
11420,158539,0,                       0,158541,158541,0,                       0,158539
11421,158540,0,                       0,158540,158540,0,                       0,158540
11422,158541,0,                       0,158539,158539,0,                       0,158541
11423,158540,0,                       0,158540,158540,0,                       0,158540
11424,158541,0,                       0,158539,158539,0,                       0,158541
11425,158542,0,                       0,158538,158538,0,                       0,158542
11426,158541,0,                       0,158539,158539,0,                       0,158541
11427,158540,0,                       0,158540,158540,0,                       0,158540
11428,158541,0,                       0,158539,158539,0,                       0,158541
11429,158542,0,                       0,158538,158538,0,                       0,158542
11430,158541,0,                       0,158539,158539,0,                       0,158541
11431,158540,0,                       0,158540,158540,0,                       0,158540
11432,158541,0,                       0,158539,158539,0,                       0,158541
11433,158540,0,                       0,158540,158540,0,                       0,158540
11434,158539,0,                       0,158541,158541,0,                       0,158539
11435,158540,0,                       0,158540,158540,0,                       0,158540
11436,158541,0,                       0,158539,158539,0,                       0,158541
11437,158540,0,                       0,158540,158540,0,                       0,158540
11438,158541,0,                       0,158539,158539,0,                       0,158541
11439,158540,0,                       0,158540,158540,0,                       0,158540
11440,158541,0,                       0,158539,158539,0,                       0,158541
11441,158542,0,                       0,158538,158538,0,                       0,158542
11442,158541,0,                       0,158539,158539,0,                       0,158541
11443,158542,0,                       0,158538,158538,0,                       0,158542
11444,158541,0,                       0,158539,158539,0,                       0,158541
11445,158542,0,                       0,158538,158538,0,                       0,158542
11446,158541,0,                       0,158539,158539,0,                       0,158541
11447,158540,0,                       0,158540,158540,0,                       0,158540
11448,158541,0,                       0,158539,158539,0,                       0,158541
11449,158540,0,                       0,158540,158540,0,                       0,158540
11450,158539,0,                       0,158541,158541,0,                       0,158539
11451,158538,0,                       0,158542,158542,0,                       0,158538
11452,158539,0,                       0,158541,158541,0,                       0,158539
11453,158540,0,                       0,158540,158540,0,                       0,158540
11454,158539,0,                       0,158541,158541,0,                       0,158539
11455,158538,0,                       0,158542,158542,0,                       0,158538
11456,158539,0,                       0,158541,158541,0,                       0,158539
11457,158540,0,                       0,158540,158540,0,                       0,158540
11458,158539,0,                       0,158541,158541,0,                       0,158539
11459,158538,0,                       0,158542,158542,0,                       0,158538
11460,158539,0,                       0,158541,158541,0,                       0,158539
11461,158540,0,                       0,158540,158540,0,                       0,158540
11462,158541,0,                       0,158539,158539,0,                       0,158541
11463,158542,0,                       0,158538,158538,0,                       0,158542
11464,158541,0,                       0,158539,158539,0,                       0,158541
11465,158540,0,                       0,158540,158540,0,                       0,158540
11466,158541,0,                       0,158539,158539,0,                       0,158541
11467,158540,0,                       0,158540,158540,0,                       0,158540
11468,158539,0,                       0,158541,158541,0,                       0,158539
11469,158540,0,                       0,158540,158540,0,                       0,158540
11470,158541,0,                       0,158539,158539,0,                       0,158541
11471,158540,0,                       0,158540,158540,0,                       0,158540
11472,158541,0,                       0,158539,158539,0,                       0,158541
11473,158542,0,                       0,158538,158538,0,                       0,158542
11474,158541,0,                       0,158539,158539,0,                       0,158541
11475,158542,0,                       0,158538,158538,0,                       0,158542
11476,158541,0,                       0,158539,158539,0,                       0,158541
11477,158540,0,                       0,158540,158540,0,                       0,158540
11478,158539,0,                       0,158541,158541,0,                       0,158539
11479,158540,0,                       0,158540,158540,0,                       0,158540
11480,158541,0,                       0,158539,158539,0,                       0,158541
11481,158540,0,                       0,158540,158540,0,                       0,158540
11482,158539,0,                       0,158541,158541,0,                       0,158539
11483,158540,0,                       0,158540,158540,0,                       0,158540
11484,158539,0,                       0,158541,158541,0,                       0,158539
11485,158540,0,                       0,158540,158540,0,                       0,158540
11486,158541,0,                       0,158539,158539,0,                       0,158541
11487,158542,0,                       0,158538,158538,0,                       0,158542
11488,158541,0,                       0,158539,158539,0,                       0,158541
11489,158540,0,                       0,158540,158540,0,                       0,158540
11490,158541,0,                       0,158539,158539,0,                       0,158541
11491,158542,0,                       0,158538,158538,0,                       0,158542
11492,158541,0,                       0,158539,158539,0,                       0,158541
11493,158542,0,                       0,158538,158538,0,                       0,158542
11494,158541,0,                       0,158539,158539,0,                       0,158541
11495,158540,0,                       0,158540,158540,0,                       0,158540
11496,158541,0,                       0,158539,158539,0,                       0,158541
11497,158542,0,                       0,158538,158538,0,                       0,158542
11498,158543,0,                       0,158537,158537,0,                       0,158543
11499,158542,0,                       0,158538,158538,0,                       0,158542
11500,158541,0,                       0,158539,158539,0,                       0,158541
11501,158540,0,                       0,158540,158540,0,                       0,158540
11502,158539,0,                       0,158541,158541,0,                       0,158539
11503,158538,0,                       0,158542,158542,0,                       0,158538
11504,158539,0,                       0,158541,158541,0,                       0,158539
11505,158540,0,                       0,158540,158540,0,                       0,158540
11506,158541,0,                       0,158539,158539,0,                       0,158541
11507,158540,0,                       0,158540,158540,0,                       0,158540
11508,158541,0,                       0,158539,158539,0,                       0,158541
11509,158540,0,                       0,158540,158540,0,                       0,158540
11510,158541,0,                       0,158539,158539,0,                       0,158541
11511,158542,0,                       0,158538,158538,0,                       0,158542
11512,158541,0,                       0,158539,158539,0,                       0,158541
11513,158540,0,                       0,158540,158540,0,                       0,158540
11514,158541,0,                       0,158539,158539,0,                       0,158541
11515,158542,0,                       0,158538,158538,0,                       0,158542
11516,158541,0,                       0,158539,158539,0,                       0,158541
11517,158540,0,                       0,158540,158540,0,                       0,158540
11518,158541,0,                       0,158539,158539,0,                       0,158541
11519,158540,0,                       0,158540,158540,0,                       0,158540
11520,158539,0,                       0,158541,158541,0,                       0,158539
11521,158540,0,                       0,158540,158540,0,                       0,158540
11522,158539,0,                       0,158541,158541,0,                       0,158539
11523,158538,0,                       0,158542,158542,0,                       0,158538
11524,158539,0,                       0,158541,158541,0,                       0,158539
11525,158538,0,                       0,158542,158542,0,                       0,158538
11526,158539,0,                       0,158541,158541,0,                       0,158539
11527,158540,0,                       0,158540,158540,0,                       0,158540
11528,158541,0,                       0,158539,158539,0,                       0,158541
11529,158540,0,                       0,158540,158540,0,                       0,158540
11530,158541,0,                       0,158539,158539,0,                       0,158541
11531,158540,0,                       0,158540,158540,0,                       0,158540
11532,158539,0,                       0,158541,158541,0,                       0,158539
11533,158540,0,                       0,158540,158540,0,                       0,158540
11534,158539,0,                       0,158541,158541,0,                       0,158539
11535,158538,0,                       0,158542,158542,0,                       0,158538
11536,158539,0,                       0,158541,158541,0,                       0,158539
11537,158538,0,                       0,158542,158542,0,                       0,158538
11538,158539,0,                       0,158541,158541,0,                       0,158539
11539,158538,0,                       0,158542,158542,0,                       0,158538
11540,158537,0,                       0,158543,158543,0,                       0,158537
11541,158538,0,                       0,158542,158542,0,                       0,158538
11542,158539,0,                       0,158541,158541,0,                       0,158539
11543,158540,0,                       0,158540,158540,0,                       0,158540
11544,158541,0,                       0,158539,158539,0,                       0,158541
11545,158540,0,                       0,158540,158540,0,                       0,158540
11546,158541,0,                       0,158539,158539,0,                       0,158541
11547,158540,0,                       0,158540,158540,0,                       0,158540
11548,158541,0,                       0,158539,158539,0,                       0,158541
11549,158542,0,                       0,158538,158538,0,                       0,158542
11550,158541,0,                       0,158539,158539,0,                       0,158541
11551,158542,0,                       0,158538,158538,0,                       0,158542
11552,158541,0,                       0,158539,158539,0,                       0,158541
11553,158540,0,                       0,158540,158540,0,                       0,158540
11554,158541,0,                       0,158539,158539,0,                       0,158541
11555,158540,0,                       0,158540,158540,0,                       0,158540
11556,158539,0,                       0,158541,158541,0,                       0,158539
11557,158540,0,                       0,158540,158540,0,                       0,158540
11558,158541,0,                       0,158539,158539,0,                       0,158541
11559,158542,0,                       0,158538,158538,0,                       0,158542
11560,158543,0,                       0,158537,158537,0,                       0,158543
11561,158542,0,                       0,158538,158538,0,                       0,158542
11562,158541,0,                       0,158539,158539,0,                       0,158541
11563,158540,0,                       0,158540,158540,0,                       0,158540
11564,158541,0,                       0,158539,158539,0,                       0,158541
11565,158540,0,                       0,158540,158540,0,                       0,158540
11566,158539,0,                       0,158541,158541,0,                       0,158539
11567,158540,0,                       0,158540,158540,0,                       0,158540
11568,158539,0,                       0,158541,158541,0,                       0,158539
11569,158538,0,                       0,158542,158542,0,                       0,158538
11570,158539,0,                       0,158541,158541,0,                       0,158539
11571,158540,0,                       0,158540,158540,0,                       0,158540
11572,158541,0,                       0,158539,158539,0,                       0,158541
11573,158542,0,                       0,158538,158538,0,                       0,158542
11574,158543,0,                       0,158537,158537,0,                       0,158543
11575,158542,0,                       0,158538,158538,0,                       0,158542
11576,158541,0,                       0,158539,158539,0,                       0,158541
11577,158540,0,                       0,158540,158540,0,                       0,158540
11578,158541,0,                       0,158539,158539,0,                       0,158541
11579,158540,0,                       0,158540,158540,0,                       0,158540
11580,158539,0,                       0,158541,158541,0,                       0,158539
11581,158540,0,                       0,158540,158540,0,                       0,158540
11582,158539,0,                       0,158541,158541,0,                       0,158539
11583,158540,0,                       0,158540,158540,0,                       0,158540
11584,158539,0,                       0,158541,158541,0,                       0,158539
11585,158540,0,                       0,158540,158540,0,                       0,158540
11586,158541,0,                       0,158539,158539,0,                       0,158541
11587,158540,0,                       0,158540,158540,0,                       0,158540
11588,158541,0,                       0,158539,158539,0,                       0,158541
11589,158540,0,                       0,158540,158540,0,                       0,158540
11590,158541,0,                       0,158539,158539,0,                       0,158541
11591,158542,0,                       0,158538,158538,0,                       0,158542
11592,158541,0,                       0,158539,158539,0,                       0,158541
11593,158540,0,                       0,158540,158540,0,                       0,158540
11594,158541,0,                       0,158539,158539,0,                       0,158541
11595,158540,0,                       0,158540,158540,0,                       0,158540
11596,158539,0,                       0,158541,158541,0,                       0,158539
11597,158540,0,                       0,158540,158540,0,                       0,158540
11598,158541,0,                       0,158539,158539,0,                       0,158541
11599,158540,0,                       0,158540,158540,0,                       0,158540
11600,158539,0,                       0,158541,158541,0,                       0,158539
11601,158540,0,                       0,158540,158540,0,                       0,158540
11602,158539,0,                       0,158541,158541,0,                       0,158539
11603,158538,0,                       0,158542,158542,0,                       0,158538
11604,158539,0,                       0,158541,158541,0,                       0,158539
11605,158538,0,                       0,158542,158542,0,                       0,158538
11606,158539,0,                       0,158541,158541,0,                       0,158539
11607,158538,0,                       0,158542,158542,0,                       0,158538
11608,158539,0,                       0,158541,158541,0,                       0,158539
11609,158538,0,                       0,158542,158542,0,                       0,158538
11610,158539,0,                       0,158541,158541,0,                       0,158539
11611,158540,0,                       0,158540,158540,0,                       0,158540
11612,158541,0,                       0,158539,158539,0,                       0,158541
11613,158540,0,                       0,158540,158540,0,                       0,158540
11614,158539,0,                       0,158541,158541,0,                       0,158539
11615,158540,0,                       0,158540,158540,0,                       0,158540
11616,158539,0,                       0,158541,158541,0,                       0,158539
11617,158540,0,                       0,158540,158540,0,                       0,158540
11618,158539,0,                       0,158541,158541,0,                       0,158539
11619,158538,0,                       0,158542,158542,0,                       0,158538
11620,158537,0,                       0,158543,158543,0,                       0,158537
11621,158538,0,                       0,158542,158542,0,                       0,158538
11622,158539,0,                       0,158541,158541,0,                       0,158539
11623,158540,0,                       0,158540,158540,0,                       0,158540
11624,158541,0,                       0,158539,158539,0,                       0,158541
11625,158540,0,                       0,158540,158540,0,                       0,158540
11626,158539,0,                       0,158541,158541,0,                       0,158539
11627,158538,0,                       0,158542,158542,0,                       0,158538
11628,158539,0,                       0,158541,158541,0,                       0,158539
11629,158538,0,                       0,158542,158542,0,                       0,158538
11630,158537,0,                       0,158543,158543,0,                       0,158537
11631,158536,0,                       0,158544,158544,0,                       0,158536
11632,158537,0,                       0,158543,158543,0,                       0,158537
11633,158538,0,                       0,158542,158542,0,                       0,158538
11634,158539,0,                       0,158541,158541,0,                       0,158539
11635,158540,0,                       0,158540,158540,0,                       0,158540
11636,158541,0,                       0,158539,158539,0,                       0,158541
11637,158542,0,                       0,158538,158538,0,                       0,158542
11638,158543,0,                       0,158537,158537,0,                       0,158543
11639,158542,0,                       0,158538,158538,0,                       0,158542
11640,158541,0,                       0,158539,158539,0,                       0,158541
11641,158540,0,                       0,158540,158540,0,                       0,158540
11642,158541,0,                       0,158539,158539,0,                       0,158541
11643,158540,0,                       0,158540,158540,0,                       0,158540
11644,158539,0,                       0,158541,158541,0,                       0,158539
11645,158540,0,                       0,158540,158540,0,                       0,158540
11646,158541,0,                       0,158539,158539,0,                       0,158541
11647,158542,0,                       0,158538,158538,0,                       0,158542
11648,158541,0,                       0,158539,158539,0,                       0,158541
11649,158540,0,                       0,158540,158540,0,                       0,158540
11650,158539,0,                       0,158541,158541,0,                       0,158539
11651,158540,0,                       0,158540,158540,0,                       0,158540
11652,158539,0,                       0,158541,158541,0,                       0,158539
11653,158538,0,                       0,158542,158542,0,                       0,158538
11654,158539,0,                       0,158541,158541,0,                       0,158539
11655,158540,0,                       0,158540,158540,0,                       0,158540
11656,158541,0,                       0,158539,158539,0,                       0,158541
11657,158540,0,                       0,158540,158540,0,                       0,158540
11658,158539,0,                       0,158541,158541,0,                       0,158539
11659,158538,0,                       0,158542,158542,0,                       0,158538
11660,158539,0,                       0,158541,158541,0,                       0,158539
11661,158540,0,                       0,158540,158540,0,                       0,158540
11662,158539,0,                       0,158541,158541,0,                       0,158539
11663,158540,0,                       0,158540,158540,0,                       0,158540
11664,158539,0,                       0,158541,158541,0,                       0,158539
11665,158540,0,                       0,158540,158540,0,                       0,158540
11666,158539,0,                       0,158541,158541,0,                       0,158539
11667,158540,0,                       0,158540,158540,0,                       0,158540
11668,158539,0,                       0,158541,158541,0,                       0,158539
11669,158540,0,                       0,158540,158540,0,                       0,158540
11670,158539,0,                       0,158541,158541,0,                       0,158539
11671,158538,0,                       0,158542,158542,0,                       0,158538
11672,158539,0,                       0,158541,158541,0,                       0,158539
11673,158538,0,                       0,158542,158542,0,                       0,158538
11674,158537,0,                       0,158543,158543,0,                       0,158537
11675,158538,0,                       0,158542,158542,0,                       0,158538
11676,158539,0,                       0,158541,158541,0,                       0,158539
11677,158540,0,                       0,158540,158540,0,                       0,158540
11678,158539,0,                       0,158541,158541,0,                       0,158539
11679,158540,0,                       0,158540,158540,0,                       0,158540
11680,158539,0,                       0,158541,158541,0,                       0,158539
11681,158540,0,                       0,158540,158540,0,                       0,158540
11682,158539,0,                       0,158541,158541,0,                       0,158539
11683,158538,0,                       0,158542,158542,0,                       0,158538
11684,158539,0,                       0,158541,158541,0,                       0,158539
11685,158540,0,                       0,158540,158540,0,                       0,158540
11686,158541,0,                       0,158539,158539,0,                       0,158541
11687,158540,0,                       0,158540,158540,0,                       0,158540
11688,158541,0,                       0,158539,158539,0,                       0,158541
11689,158540,0,                       0,158540,158540,0,                       0,158540
11690,158539,0,                       0,158541,158541,0,                       0,158539
11691,158538,0,                       0,158542,158542,0,                       0,158538
11692,158537,0,                       0,158543,158543,0,                       0,158537
11693,158538,0,                       0,158542,158542,0,                       0,158538
11694,158539,0,                       0,158541,158541,0,                       0,158539
11695,158540,0,                       0,158540,158540,0,                       0,158540
11696,158541,0,                       0,158539,158539,0,                       0,158541
11697,158540,0,                       0,158540,158540,0,                       0,158540
11698,158541,0,                       0,158539,158539,0,                       0,158541
11699,158540,0,                       0,158540,158540,0,                       0,158540
11700,158541,0,                       0,158539,158539,0,                       0,158541
11701,158540,0,                       0,158540,158540,0,                       0,158540
11702,158539,0,                       0,158541,158541,0,                       0,158539
11703,158538,0,                       0,158542,158542,0,                       0,158538
11704,158539,0,                       0,158541,158541,0,                       0,158539
11705,158540,0,                       0,158540,158540,0,                       0,158540
11706,158541,0,                       0,158539,158539,0,                       0,158541
11707,158540,0,                       0,158540,158540,0,                       0,158540
11708,158541,0,                       0,158539,158539,0,                       0,158541
11709,158540,0,                       0,158540,158540,0,                       0,158540
11710,158541,0,                       0,158539,158539,0,                       0,158541
11711,158542,0,                       0,158538,158538,0,                       0,158542
11712,158541,0,                       0,158539,158539,0,                       0,158541
11713,158540,0,                       0,158540,158540,0,                       0,158540
11714,158539,0,                       0,158541,158541,0,                       0,158539
11715,158540,0,                       0,158540,158540,0,                       0,158540
11716,158541,0,                       0,158539,158539,0,                       0,158541
11717,158542,0,                       0,158538,158538,0,                       0,158542
11718,158541,0,                       0,158539,158539,0,                       0,158541
11719,158540,0,                       0,158540,158540,0,                       0,158540
11720,158541,0,                       0,158539,158539,0,                       0,158541
11721,158540,0,                       0,158540,158540,0,                       0,158540
11722,158539,0,                       0,158541,158541,0,                       0,158539
11723,158540,0,                       0,158540,158540,0,                       0,158540
11724,158539,0,                       0,158541,158541,0,                       0,158539
11725,158540,0,                       0,158540,158540,0,                       0,158540
11726,158539,0,                       0,158541,158541,0,                       0,158539
11727,158540,0,                       0,158540,158540,0,                       0,158540
11728,158539,0,                       0,158541,158541,0,                       0,158539
11729,158540,0,                       0,158540,158540,0,                       0,158540
11730,158539,0,                       0,158541,158541,0,                       0,158539
11731,158540,0,                       0,158540,158540,0,                       0,158540
11732,158539,0,                       0,158541,158541,0,                       0,158539
11733,158540,0,                       0,158540,158540,0,                       0,158540
11734,158541,0,                       0,158539,158539,0,                       0,158541
11735,158542,0,                       0,158538,158538,0,                       0,158542
11736,158543,0,                       0,158537,158537,0,                       0,158543
11737,158544,0,                       0,158536,158536,0,                       0,158544
11738,158545,0,                       0,158535,158535,0,                       0,158545
11739,158546,0,                       0,158534,158534,0,                       0,158546
11740,158547,0,                       0,158533,158533,0,                       0,158547
11741,158546,0,                       0,158534,158534,0,                       0,158546
11742,158545,0,                       0,158535,158535,0,                       0,158545
11743,158544,0,                       0,158536,158536,0,                       0,158544
11744,158543,0,                       0,158537,158537,0,                       0,158543
11745,158542,0,                       0,158538,158538,0,                       0,158542
11746,158541,0,                       0,158539,158539,0,                       0,158541
11747,158540,0,                       0,158540,158540,0,                       0,158540
11748,158541,0,                       0,158539,158539,0,                       0,158541
11749,158540,0,                       0,158540,158540,0,                       0,158540
11750,158539,0,                       0,158541,158541,0,                       0,158539
11751,158538,0,                       0,158542,158542,0,                       0,158538
11752,158539,0,                       0,158541,158541,0,                       0,158539
11753,158540,0,                       0,158540,158540,0,                       0,158540
11754,158541,0,                       0,158539,158539,0,                       0,158541
11755,158540,0,                       0,158540,158540,0,                       0,158540
11756,158541,0,                       0,158539,158539,0,                       0,158541
11757,158540,0,                       0,158540,158540,0,                       0,158540
11758,158541,0,                       0,158539,158539,0,                       0,158541
11759,158540,0,                       0,158540,158540,0,                       0,158540
11760,158541,0,                       0,158539,158539,0,                       0,158541
11761,158542,0,                       0,158538,158538,0,                       0,158542
11762,158541,0,                       0,158539,158539,0,                       0,158541
11763,158540,0,                       0,158540,158540,0,                       0,158540
11764,158539,0,                       0,158541,158541,0,                       0,158539
11765,158540,0,                       0,158540,158540,0,                       0,158540
11766,158541,0,                       0,158539,158539,0,                       0,158541
11767,158542,0,                       0,158538,158538,0,                       0,158542
11768,158541,0,                       0,158539,158539,0,                       0,158541
11769,158540,0,                       0,158540,158540,0,                       0,158540
11770,158539,0,                       0,158541,158541,0,                       0,158539
11771,158538,0,                       0,158542,158542,0,                       0,158538
11772,158537,0,                       0,158543,158543,0,                       0,158537
11773,158536,0,                       0,158544,158544,0,                       0,158536
11774,158535,0,                       0,158545,158545,0,                       0,158535
11775,158534,0,                       0,158546,158546,0,                       0,158534
11776,158533,0,                       0,158547,158547,0,                       0,158533
11777,158534,0,                       0,158546,158546,0,                       0,158534
11778,158535,0,                       0,158545,158545,0,                       0,158535
11779,158536,0,                       0,158544,158544,0,                       0,158536
11780,158537,0,                       0,158543,158543,0,                       0,158537
11781,158538,0,                       0,158542,158542,0,                       0,158538
11782,158539,0,                       0,158541,158541,0,                       0,158539
11783,158538,0,                       0,158542,158542,0,                       0,158538
11784,158539,0,                       0,158541,158541,0,                       0,158539
11785,158540,0,                       0,158540,158540,0,                       0,158540
11786,158541,0,                       0,158539,158539,0,                       0,158541
11787,158542,0,                       0,158538,158538,0,                       0,158542
11788,158541,0,                       0,158539,158539,0,                       0,158541
11789,158540,0,                       0,158540,158540,0,                       0,158540
11790,158539,0,                       0,158541,158541,0,                       0,158539
11791,158540,0,                       0,158540,158540,0,                       0,158540
11792,158541,0,                       0,158539,158539,0,                       0,158541
11793,158540,0,                       0,158540,158540,0,                       0,158540
11794,158541,0,                       0,158539,158539,0,                       0,158541
11795,158540,0,                       0,158540,158540,0,                       0,158540
11796,158539,0,                       0,158541,158541,0,                       0,158539
11797,158540,0,                       0,158540,158540,0,                       0,158540
11798,158541,0,                       0,158539,158539,0,                       0,158541
11799,158542,0,                       0,158538,158538,0,                       0,158542
11800,158541,0,                       0,158539,158539,0,                       0,158541
11801,158540,0,                       0,158540,158540,0,                       0,158540
11802,158541,0,                       0,158539,158539,0,                       0,158541
11803,158542,0,                       0,158538,158538,0,                       0,158542
11804,158541,0,                       0,158539,158539,0,                       0,158541
11805,158540,0,                       0,158540,158540,0,                       0,158540
11806,158539,0,                       0,158541,158541,0,                       0,158539
11807,158540,0,                       0,158540,158540,0,                       0,158540
11808,158541,0,                       0,158539,158539,0,                       0,158541
11809,158540,0,                       0,158540,158540,0,                       0,158540
11810,158541,0,                       0,158539,158539,0,                       0,158541
11811,158540,0,                       0,158540,158540,0,                       0,158540
11812,158541,0,                       0,158539,158539,0,                       0,158541
11813,158542,0,                       0,158538,158538,0,                       0,158542
11814,158541,0,                       0,158539,158539,0,                       0,158541
11815,158540,0,                       0,158540,158540,0,                       0,158540
11816,158539,0,                       0,158541,158541,0,                       0,158539
11817,158538,0,                       0,158542,158542,0,                       0,158538
11818,158539,0,                       0,158541,158541,0,                       0,158539
11819,158538,0,                       0,158542,158542,0,                       0,158538
11820,158539,0,                       0,158541,158541,0,                       0,158539
11821,158540,0,                       0,158540,158540,0,                       0,158540
11822,158539,0,                       0,158541,158541,0,                       0,158539
11823,158540,0,                       0,158540,158540,0,                       0,158540
11824,158541,0,                       0,158539,158539,0,                       0,158541
11825,158542,0,                       0,158538,158538,0,                       0,158542
11826,158541,0,                       0,158539,158539,0,                       0,158541
11827,158540,0,                       0,158540,158540,0,                       0,158540
11828,158541,0,                       0,158539,158539,0,                       0,158541
11829,158542,0,                       0,158538,158538,0,                       0,158542
11830,158541,0,                       0,158539,158539,0,                       0,158541
11831,158542,0,                       0,158538,158538,0,                       0,158542
11832,158541,0,                       0,158539,158539,0,                       0,158541
11833,158540,0,                       0,158540,158540,0,                       0,158540
11834,158539,0,                       0,158541,158541,0,                       0,158539
11835,158540,0,                       0,158540,158540,0,                       0,158540
11836,158541,0,                       0,158539,158539,0,                       0,158541
11837,158540,0,                       0,158540,158540,0,                       0,158540
11838,158541,0,                       0,158539,158539,0,                       0,158541
11839,158540,0,                       0,158540,158540,0,                       0,158540
11840,158541,0,                       0,158539,158539,0,                       0,158541
11841,158542,0,                       0,158538,158538,0,                       0,158542
11842,158541,0,                       0,158539,158539,0,                       0,158541
11843,158540,0,                       0,158540,158540,0,                       0,158540
11844,158541,0,                       0,158539,158539,0,                       0,158541
11845,158540,0,                       0,158540,158540,0,                       0,158540
11846,158539,0,                       0,158541,158541,0,                       0,158539
11847,158538,0,                       0,158542,158542,0,                       0,158538
11848,158539,0,                       0,158541,158541,0,                       0,158539
11849,158540,0,                       0,158540,158540,0,                       0,158540
11850,158539,0,                       0,158541,158541,0,                       0,158539
11851,158538,0,                       0,158542,158542,0,                       0,158538
11852,158539,0,                       0,158541,158541,0,                       0,158539
11853,158538,0,                       0,158542,158542,0,                       0,158538
11854,158537,0,                       0,158543,158543,0,                       0,158537
11855,158538,0,                       0,158542,158542,0,                       0,158538
11856,158539,0,                       0,158541,158541,0,                       0,158539
11857,158540,0,                       0,158540,158540,0,                       0,158540
11858,158541,0,                       0,158539,158539,0,                       0,158541
11859,158540,0,                       0,158540,158540,0,                       0,158540
11860,158541,0,                       0,158539,158539,0,                       0,158541
11861,158542,0,                       0,158538,158538,0,                       0,158542
11862,158541,0,                       0,158539,158539,0,                       0,158541
11863,158540,0,                       0,158540,158540,0,                       0,158540
11864,158539,0,                       0,158541,158541,0,                       0,158539
11865,158538,0,                       0,158542,158542,0,                       0,158538
11866,158539,0,                       0,158541,158541,0,                       0,158539
11867,158540,0,                       0,158540,158540,0,                       0,158540
11868,158541,0,                       0,158539,158539,0,                       0,158541
11869,158542,0,                       0,158538,158538,0,                       0,158542
11870,158541,0,                       0,158539,158539,0,                       0,158541
11871,158540,0,                       0,158540,158540,0,                       0,158540
11872,158539,0,                       0,158541,158541,0,                       0,158539
11873,158540,0,                       0,158540,158540,0,                       0,158540
11874,158541,0,                       0,158539,158539,0,                       0,158541
11875,158542,0,                       0,158538,158538,0,                       0,158542
11876,158541,0,                       0,158539,158539,0,                       0,158541
11877,158540,0,                       0,158540,158540,0,                       0,158540
11878,158541,0,                       0,158539,158539,0,                       0,158541
11879,158540,0,                       0,158540,158540,0,                       0,158540
11880,158539,0,                       0,158541,158541,0,                       0,158539
11881,158540,0,                       0,158540,158540,0,                       0,158540
11882,158541,0,                       0,158539,158539,0,                       0,158541
11883,158542,0,                       0,158538,158538,0,                       0,158542
11884,158541,0,                       0,158539,158539,0,                       0,158541
11885,158540,0,                       0,158540,158540,0,                       0,158540
11886,158541,0,                       0,158539,158539,0,                       0,158541
11887,158540,0,                       0,158540,158540,0,                       0,158540
11888,158541,0,                       0,158539,158539,0,                       0,158541
11889,158540,0,                       0,158540,158540,0,                       0,158540
11890,158539,0,                       0,158541,158541,0,                       0,158539
11891,158538,0,                       0,158542,158542,0,                       0,158538
11892,158539,0,                       0,158541,158541,0,                       0,158539
11893,158540,0,                       0,158540,158540,0,                       0,158540
11894,158541,0,                       0,158539,158539,0,                       0,158541
11895,158540,0,                       0,158540,158540,0,                       0,158540
11896,158539,0,                       0,158541,158541,0,                       0,158539
11897,158540,0,                       0,158540,158540,0,                       0,158540
11898,158539,0,                       0,158541,158541,0,                       0,158539
11899,158538,0,                       0,158542,158542,0,                       0,158538
11900,158539,0,                       0,158541,158541,0,                       0,158539
11901,158540,0,                       0,158540,158540,0,                       0,158540
11902,158541,0,                       0,158539,158539,0,                       0,158541
11903,158542,0,                       0,158538,158538,0,                       0,158542
11904,158541,0,                       0,158539,158539,0,                       0,158541
11905,158540,0,                       0,158540,158540,0,                       0,158540
11906,158541,0,                       0,158539,158539,0,                       0,158541
11907,158540,0,                       0,158540,158540,0,                       0,158540
11908,158541,0,                       0,158539,158539,0,                       0,158541
11909,158540,0,                       0,158540,158540,0,                       0,158540
11910,158541,0,                       0,158539,158539,0,                       0,158541
11911,158542,0,                       0,158538,158538,0,                       0,158542
11912,158541,0,                       0,158539,158539,0,                       0,158541
11913,158540,0,                       0,158540,158540,0,                       0,158540
11914,158541,0,                       0,158539,158539,0,                       0,158541
11915,158542,0,                       0,158538,158538,0,                       0,158542
11916,158541,0,                       0,158539,158539,0,                       0,158541
11917,158540,0,                       0,158540,158540,0,                       0,158540
11918,158541,0,                       0,158539,158539,0,                       0,158541
11919,158540,0,                       0,158540,158540,0,                       0,158540
11920,158541,0,                       0,158539,158539,0,                       0,158541
11921,158542,0,                       0,158538,158538,0,                       0,158542
11922,158541,0,                       0,158539,158539,0,                       0,158541
11923,158542,0,                       0,158538,158538,0,                       0,158542
11924,158541,0,                       0,158539,158539,0,                       0,158541
11925,158540,0,                       0,158540,158540,0,                       0,158540
11926,158539,0,                       0,158541,158541,0,                       0,158539
11927,158540,0,                       0,158540,158540,0,                       0,158540
11928,158539,0,                       0,158541,158541,0,                       0,158539
11929,158540,0,                       0,158540,158540,0,                       0,158540
11930,158541,0,                       0,158539,158539,0,                       0,158541
11931,158540,0,                       0,158540,158540,0,                       0,158540
11932,158541,0,                       0,158539,158539,0,                       0,158541
11933,158540,0,                       0,158540,158540,0,                       0,158540
11934,158539,0,                       0,158541,158541,0,                       0,158539
11935,158538,0,                       0,158542,158542,0,                       0,158538
11936,158539,0,                       0,158541,158541,0,                       0,158539
11937,158538,0,                       0,158542,158542,0,                       0,158538
11938,158539,0,                       0,158541,158541,0,                       0,158539
11939,158540,0,                       0,158540,158540,0,                       0,158540
11940,158539,0,                       0,158541,158541,0,                       0,158539
11941,158540,0,                       0,158540,158540,0,                       0,158540
11942,158539,0,                       0,158541,158541,0,                       0,158539
11943,158540,0,                       0,158540,158540,0,                       0,158540
11944,158541,0,                       0,158539,158539,0,                       0,158541
11945,158542,0,                       0,158538,158538,0,                       0,158542
11946,158541,0,                       0,158539,158539,0,                       0,158541
11947,158540,0,                       0,158540,158540,0,                       0,158540
11948,158541,0,                       0,158539,158539,0,                       0,158541
11949,158540,0,                       0,158540,158540,0,                       0,158540
11950,158539,0,                       0,158541,158541,0,                       0,158539
11951,158540,0,                       0,158540,158540,0,                       0,158540
11952,158541,0,                       0,158539,158539,0,                       0,158541
11953,158540,0,                       0,158540,158540,0,                       0,158540
11954,158541,0,                       0,158539,158539,0,                       0,158541
11955,158540,0,                       0,158540,158540,0,                       0,158540
11956,158541,0,                       0,158539,158539,0,                       0,158541
11957,158540,0,                       0,158540,158540,0,                       0,158540
11958,158539,0,                       0,158541,158541,0,                       0,158539
11959,158540,0,                       0,158540,158540,0,                       0,158540
11960,158539,0,                       0,158541,158541,0,                       0,158539
11961,158540,0,                       0,158540,158540,0,                       0,158540
11962,158541,0,                       0,158539,158539,0,                       0,158541
11963,158540,0,                       0,158540,158540,0,                       0,158540
11964,158541,0,                       0,158539,158539,0,                       0,158541
11965,158540,0,                       0,158540,158540,0,                       0,158540
11966,158539,0,                       0,158541,158541,0,                       0,158539
11967,158540,0,                       0,158540,158540,0,                       0,158540
11968,158539,0,                       0,158541,158541,0,                       0,158539
11969,158540,0,                       0,158540,158540,0,                       0,158540
11970,158539,0,                       0,158541,158541,0,                       0,158539
11971,158540,0,                       0,158540,158540,0,                       0,158540
11972,158539,0,                       0,158541,158541,0,                       0,158539
11973,158538,0,                       0,158542,158542,0,                       0,158538
11974,158539,0,                       0,158541,158541,0,                       0,158539
11975,158540,0,                       0,158540,158540,0,                       0,158540
11976,158539,0,                       0,158541,158541,0,                       0,158539
11977,158540,0,                       0,158540,158540,0,                       0,158540
11978,158541,0,                       0,158539,158539,0,                       0,158541
11979,158542,0,                       0,158538,158538,0,                       0,158542
11980,158541,0,                       0,158539,158539,0,                       0,158541
11981,158540,0,                       0,158540,158540,0,                       0,158540
11982,158541,0,                       0,158539,158539,0,                       0,158541
11983,158540,0,                       0,158540,158540,0,                       0,158540
11984,158539,0,                       0,158541,158541,0,                       0,158539
11985,158540,0,                       0,158540,158540,0,                       0,158540
11986,158541,0,                       0,158539,158539,0,                       0,158541
11987,158542,0,                       0,158538,158538,0,                       0,158542
11988,158543,0,                       0,158537,158537,0,                       0,158543
11989,158544,0,                       0,158536,158536,0,                       0,158544
11990,158545,0,                       0,158535,158535,0,                       0,158545
11991,158544,0,                       0,158536,158536,0,                       0,158544
11992,158543,0,                       0,158537,158537,0,                       0,158543
11993,158542,0,                       0,158538,158538,0,                       0,158542
11994,158541,0,                       0,158539,158539,0,                       0,158541
11995,158540,0,                       0,158540,158540,0,                       0,158540
11996,158541,0,                       0,158539,158539,0,                       0,158541
11997,158540,0,                       0,158540,158540,0,                       0,158540
11998,158541,0,                       0,158539,158539,0,                       0,158541
11999,158542,0,                       0,158538,158538,0,                       0,158542
12000,158541,0,                       0,158539,158539,0,                       0,158541
12001,158540,0,                       0,158540,158540,0,                       0,158540
12002,158539,0,                       0,158541,158541,0,                       0,158539
12003,158540,0,                       0,158540,158540,0,                       0,158540
12004,158541,0,                       0,158539,158539,0,                       0,158541
12005,158540,0,                       0,158540,158540,0,                       0,158540
12006,158541,0,                       0,158539,158539,0,                       0,158541
12007,158542,0,                       0,158538,158538,0,                       0,158542
12008,158543,0,                       0,158537,158537,0,                       0,158543
12009,158544,0,                       0,158536,158536,0,                       0,158544
12010,158543,0,                       0,158537,158537,0,                       0,158543
12011,158542,0,                       0,158538,158538,0,                       0,158542
12012,158541,0,                       0,158539,158539,0,                       0,158541
12013,158540,0,                       0,158540,158540,0,                       0,158540
12014,158541,0,                       0,158539,158539,0,                       0,158541
12015,158540,0,                       0,158540,158540,0,                       0,158540
12016,158539,0,                       0,158541,158541,0,                       0,158539
12017,158540,0,                       0,158540,158540,0,                       0,158540
12018,158541,0,                       0,158539,158539,0,                       0,158541
12019,158540,0,                       0,158540,158540,0,                       0,158540
12020,158539,0,                       0,158541,158541,0,                       0,158539
12021,158540,0,                       0,158540,158540,0,                       0,158540
12022,158541,0,                       0,158539,158539,0,                       0,158541
12023,158540,0,                       0,158540,158540,0,                       0,158540
12024,158539,0,                       0,158541,158541,0,                       0,158539
12025,158538,0,                       0,158542,158542,0,                       0,158538
12026,158537,0,                       0,158543,158543,0,                       0,158537
12027,158538,0,                       0,158542,158542,0,                       0,158538
12028,158539,0,                       0,158541,158541,0,                       0,158539
12029,158538,0,                       0,158542,158542,0,                       0,158538
12030,158539,0,                       0,158541,158541,0,                       0,158539
12031,158540,0,                       0,158540,158540,0,                       0,158540
12032,158539,0,                       0,158541,158541,0,                       0,158539
12033,158538,0,                       0,158542,158542,0,                       0,158538
12034,158539,0,                       0,158541,158541,0,                       0,158539
12035,158540,0,                       0,158540,158540,0,                       0,158540
12036,158539,0,                       0,158541,158541,0,                       0,158539
12037,158540,0,                       0,158540,158540,0,                       0,158540
12038,158541,0,                       0,158539,158539,0,                       0,158541
12039,158542,0,                       0,158538,158538,0,                       0,158542
12040,158541,0,                       0,158539,158539,0,                       0,158541
12041,158540,0,                       0,158540,158540,0,                       0,158540
12042,158541,0,                       0,158539,158539,0,                       0,158541
12043,158540,0,                       0,158540,158540,0,                       0,158540
12044,158541,0,                       0,158539,158539,0,                       0,158541
12045,158540,0,                       0,158540,158540,0,                       0,158540
12046,158539,0,                       0,158541,158541,0,                       0,158539
12047,158540,0,                       0,158540,158540,0,                       0,158540
12048,158539,0,                       0,158541,158541,0,                       0,158539
12049,158540,0,                       0,158540,158540,0,                       0,158540
12050,158541,0,                       0,158539,158539,0,                       0,158541
12051,158540,0,                       0,158540,158540,0,                       0,158540
12052,158539,0,                       0,158541,158541,0,                       0,158539
12053,158540,0,                       0,158540,158540,0,                       0,158540
12054,158541,0,                       0,158539,158539,0,                       0,158541
12055,158542,0,                       0,158538,158538,0,                       0,158542
12056,158541,0,                       0,158539,158539,0,                       0,158541
12057,158540,0,                       0,158540,158540,0,                       0,158540
12058,158539,0,                       0,158541,158541,0,                       0,158539
12059,158540,0,                       0,158540,158540,0,                       0,158540
12060,158541,0,                       0,158539,158539,0,                       0,158541
12061,158542,0,                       0,158538,158538,0,                       0,158542
12062,158541,0,                       0,158539,158539,0,                       0,158541
12063,158542,0,                       0,158538,158538,0,                       0,158542
12064,158541,0,                       0,158539,158539,0,                       0,158541
12065,158542,0,                       0,158538,158538,0,                       0,158542
12066,158543,0,                       0,158537,158537,0,                       0,158543
12067,158542,0,                       0,158538,158538,0,                       0,158542
12068,158541,0,                       0,158539,158539,0,                       0,158541
12069,158540,0,                       0,158540,158540,0,                       0,158540
12070,158539,0,                       0,158541,158541,0,                       0,158539
12071,158540,0,                       0,158540,158540,0,                       0,158540
12072,158541,0,                       0,158539,158539,0,                       0,158541
12073,158542,0,                       0,158538,158538,0,                       0,158542
12074,158541,0,                       0,158539,158539,0,                       0,158541
12075,158542,0,                       0,158538,158538,0,                       0,158542
12076,158543,0,                       0,158537,158537,0,                       0,158543
12077,158542,0,                       0,158538,158538,0,                       0,158542
12078,158541,0,                       0,158539,158539,0,                       0,158541
12079,158542,0,                       0,158538,158538,0,                       0,158542
12080,158541,0,                       0,158539,158539,0,                       0,158541
12081,158540,0,                       0,158540,158540,0,                       0,158540
12082,158539,0,                       0,158541,158541,0,                       0,158539
12083,158540,0,                       0,158540,158540,0,                       0,158540
12084,158539,0,                       0,158541,158541,0,                       0,158539
12085,158540,0,                       0,158540,158540,0,                       0,158540
12086,158539,0,                       0,158541,158541,0,                       0,158539
12087,158538,0,                       0,158542,158542,0,                       0,158538
12088,158539,0,                       0,158541,158541,0,                       0,158539
12089,158540,0,                       0,158540,158540,0,                       0,158540
12090,158539,0,                       0,158541,158541,0,                       0,158539
12091,158538,0,                       0,158542,158542,0,                       0,158538
12092,158539,0,                       0,158541,158541,0,                       0,158539
12093,158540,0,                       0,158540,158540,0,                       0,158540
12094,158541,0,                       0,158539,158539,0,                       0,158541
12095,158542,0,                       0,158538,158538,0,                       0,158542
12096,158543,0,                       0,158537,158537,0,                       0,158543
12097,158542,0,                       0,158538,158538,0,                       0,158542
12098,158541,0,                       0,158539,158539,0,                       0,158541
12099,158540,0,                       0,158540,158540,0,                       0,158540
12100,158539,0,                       0,158541,158541,0,                       0,158539
12101,158538,0,                       0,158542,158542,0,                       0,158538
12102,158539,0,                       0,158541,158541,0,                       0,158539
12103,158538,0,                       0,158542,158542,0,                       0,158538
12104,158537,0,                       0,158543,158543,0,                       0,158537
12105,158538,0,                       0,158542,158542,0,                       0,158538
12106,158539,0,                       0,158541,158541,0,                       0,158539
12107,158538,0,                       0,158542,158542,0,                       0,158538
12108,158539,0,                       0,158541,158541,0,                       0,158539
12109,158540,0,                       0,158540,158540,0,                       0,158540
12110,158539,0,                       0,158541,158541,0,                       0,158539
12111,158540,0,                       0,158540,158540,0,                       0,158540
12112,158541,0,                       0,158539,158539,0,                       0,158541
12113,158540,0,                       0,158540,158540,0,                       0,158540
12114,158539,0,                       0,158541,158541,0,                       0,158539
12115,158540,0,                       0,158540,158540,0,                       0,158540
12116,158539,0,                       0,158541,158541,0,                       0,158539
12117,158540,0,                       0,158540,158540,0,                       0,158540
12118,158541,0,                       0,158539,158539,0,                       0,158541
12119,158542,0,                       0,158538,158538,0,                       0,158542
12120,158541,0,                       0,158539,158539,0,                       0,158541
12121,158542,0,                       0,158538,158538,0,                       0,158542
12122,158543,0,                       0,158537,158537,0,                       0,158543
12123,158542,0,                       0,158538,158538,0,                       0,158542
12124,158541,0,                       0,158539,158539,0,                       0,158541
12125,158542,0,                       0,158538,158538,0,                       0,158542
12126,158541,0,                       0,158539,158539,0,                       0,158541
12127,158540,0,                       0,158540,158540,0,                       0,158540
12128,158541,0,                       0,158539,158539,0,                       0,158541
12129,158542,0,                       0,158538,158538,0,                       0,158542
12130,158541,0,                       0,158539,158539,0,                       0,158541
12131,158540,0,                       0,158540,158540,0,                       0,158540
12132,158541,0,                       0,158539,158539,0,                       0,158541
12133,158542,0,                       0,158538,158538,0,                       0,158542
12134,158541,0,                       0,158539,158539,0,                       0,158541
12135,158540,0,                       0,158540,158540,0,                       0,158540
12136,158539,0,                       0,158541,158541,0,                       0,158539
12137,158538,0,                       0,158542,158542,0,                       0,158538
12138,158537,0,                       0,158543,158543,0,                       0,158537
12139,158536,0,                       0,158544,158544,0,                       0,158536
12140,158537,0,                       0,158543,158543,0,                       0,158537
12141,158538,0,                       0,158542,158542,0,                       0,158538
12142,158537,0,                       0,158543,158543,0,                       0,158537
12143,158538,0,                       0,158542,158542,0,                       0,158538
12144,158539,0,                       0,158541,158541,0,                       0,158539
12145,158540,0,                       0,158540,158540,0,                       0,158540
12146,158541,0,                       0,158539,158539,0,                       0,158541
12147,158542,0,                       0,158538,158538,0,                       0,158542
12148,158541,0,                       0,158539,158539,0,                       0,158541
12149,158542,0,                       0,158538,158538,0,                       0,158542
12150,158541,0,                       0,158539,158539,0,                       0,158541
12151,158540,0,                       0,158540,158540,0,                       0,158540
12152,158541,0,                       0,158539,158539,0,                       0,158541
12153,158542,0,                       0,158538,158538,0,                       0,158542
12154,158541,0,                       0,158539,158539,0,                       0,158541
12155,158540,0,                       0,158540,158540,0,                       0,158540
12156,158541,0,                       0,158539,158539,0,                       0,158541
12157,158540,0,                       0,158540,158540,0,                       0,158540
12158,158539,0,                       0,158541,158541,0,                       0,158539
12159,158540,0,                       0,158540,158540,0,                       0,158540
12160,158541,0,                       0,158539,158539,0,                       0,158541
12161,158540,0,                       0,158540,158540,0,                       0,158540
12162,158541,0,                       0,158539,158539,0,                       0,158541
12163,158542,0,                       0,158538,158538,0,                       0,158542
12164,158541,0,                       0,158539,158539,0,                       0,158541
12165,158542,0,                       0,158538,158538,0,                       0,158542
12166,158541,0,                       0,158539,158539,0,                       0,158541
12167,158542,0,                       0,158538,158538,0,                       0,158542
12168,158541,0,                       0,158539,158539,0,                       0,158541
12169,158542,0,                       0,158538,158538,0,                       0,158542
12170,158541,0,                       0,158539,158539,0,                       0,158541
12171,158542,0,                       0,158538,158538,0,                       0,158542
12172,158541,0,                       0,158539,158539,0,                       0,158541
12173,158540,0,                       0,158540,158540,0,                       0,158540
12174,158541,0,                       0,158539,158539,0,                       0,158541
12175,158540,0,                       0,158540,158540,0,                       0,158540
12176,158539,0,                       0,158541,158541,0,                       0,158539
12177,158540,0,                       0,158540,158540,0,                       0,158540
12178,158541,0,                       0,158539,158539,0,                       0,158541
12179,158542,0,                       0,158538,158538,0,                       0,158542
12180,158541,0,                       0,158539,158539,0,                       0,158541
12181,158540,0,                       0,158540,158540,0,                       0,158540
12182,158539,0,                       0,158541,158541,0,                       0,158539
12183,158540,0,                       0,158540,158540,0,                       0,158540
12184,158539,0,                       0,158541,158541,0,                       0,158539
12185,158540,0,                       0,158540,158540,0,                       0,158540
12186,158539,0,                       0,158541,158541,0,                       0,158539
12187,158540,0,                       0,158540,158540,0,                       0,158540
12188,158541,0,                       0,158539,158539,0,                       0,158541
12189,158542,0,                       0,158538,158538,0,                       0,158542
12190,158541,0,                       0,158539,158539,0,                       0,158541
12191,158540,0,                       0,158540,158540,0,                       0,158540
12192,158539,0,                       0,158541,158541,0,                       0,158539
12193,158540,0,                       0,158540,158540,0,                       0,158540
12194,158539,0,                       0,158541,158541,0,                       0,158539
12195,158540,0,                       0,158540,158540,0,                       0,158540
12196,158539,0,                       0,158541,158541,0,                       0,158539
12197,158538,0,                       0,158542,158542,0,                       0,158538
12198,158539,0,                       0,158541,158541,0,                       0,158539
12199,158538,0,                       0,158542,158542,0,                       0,158538
12200,158537,0,                       0,158543,158543,0,                       0,158537
12201,158536,0,                       0,158544,158544,0,                       0,158536
12202,158535,0,                       0,158545,158545,0,                       0,158535
12203,158534,0,                       0,158546,158546,0,                       0,158534
12204,158533,0,                       0,158547,158547,0,                       0,158533
12205,158532,0,                       0,158548,158548,0,                       0,158532
12206,158533,0,                       0,158547,158547,0,                       0,158533
12207,158534,0,                       0,158546,158546,0,                       0,158534
12208,158535,0,                       0,158545,158545,0,                       0,158535
12209,158536,0,                       0,158544,158544,0,                       0,158536
12210,158537,0,                       0,158543,158543,0,                       0,158537
12211,158538,0,                       0,158542,158542,0,                       0,158538
12212,158539,0,                       0,158541,158541,0,                       0,158539
12213,158540,0,                       0,158540,158540,0,                       0,158540
12214,158541,0,                       0,158539,158539,0,                       0,158541
12215,158542,0,                       0,158538,158538,0,                       0,158542
12216,158541,0,                       0,158539,158539,0,                       0,158541
12217,158542,0,                       0,158538,158538,0,                       0,158542
12218,158541,0,                       0,158539,158539,0,                       0,158541
12219,158540,0,                       0,158540,158540,0,                       0,158540
12220,158539,0,                       0,158541,158541,0,                       0,158539
12221,158540,0,                       0,158540,158540,0,                       0,158540
12222,158541,0,                       0,158539,158539,0,                       0,158541
12223,158540,0,                       0,158540,158540,0,                       0,158540
12224,158541,0,                       0,158539,158539,0,                       0,158541
12225,158540,0,                       0,158540,158540,0,                       0,158540
12226,158541,0,                       0,158539,158539,0,                       0,158541
12227,158542,0,                       0,158538,158538,0,                       0,158542
12228,158543,0,                       0,158537,158537,0,                       0,158543
12229,158542,0,                       0,158538,158538,0,                       0,158542
12230,158541,0,                       0,158539,158539,0,                       0,158541
12231,158540,0,                       0,158540,158540,0,                       0,158540
12232,158541,0,                       0,158539,158539,0,                       0,158541
12233,158540,0,                       0,158540,158540,0,                       0,158540
12234,158539,0,                       0,158541,158541,0,                       0,158539
12235,158540,0,                       0,158540,158540,0,                       0,158540
12236,158541,0,                       0,158539,158539,0,                       0,158541
12237,158540,0,                       0,158540,158540,0,                       0,158540
12238,158541,0,                       0,158539,158539,0,                       0,158541
12239,158542,0,                       0,158538,158538,0,                       0,158542
12240,158541,0,                       0,158539,158539,0,                       0,158541
12241,158542,0,                       0,158538,158538,0,                       0,158542
12242,158543,0,                       0,158537,158537,0,                       0,158543
12243,158542,0,                       0,158538,158538,0,                       0,158542
12244,158541,0,                       0,158539,158539,0,                       0,158541
12245,158542,0,                       0,158538,158538,0,                       0,158542
12246,158541,0,                       0,158539,158539,0,                       0,158541
12247,158542,0,                       0,158538,158538,0,                       0,158542
12248,158541,0,                       0,158539,158539,0,                       0,158541
12249,158542,0,                       0,158538,158538,0,                       0,158542
12250,158541,0,                       0,158539,158539,0,                       0,158541
12251,158540,0,                       0,158540,158540,0,                       0,158540
12252,158541,0,                       0,158539,158539,0,                       0,158541
12253,158540,0,                       0,158540,158540,0,                       0,158540
12254,158541,0,                       0,158539,158539,0,                       0,158541
12255,158540,0,                       0,158540,158540,0,                       0,158540
12256,158541,0,                       0,158539,158539,0,                       0,158541
12257,158542,0,                       0,158538,158538,0,                       0,158542
12258,158543,0,                       0,158537,158537,0,                       0,158543
12259,158542,0,                       0,158538,158538,0,                       0,158542
12260,158541,0,                       0,158539,158539,0,                       0,158541
12261,158540,0,                       0,158540,158540,0,                       0,158540
12262,158541,0,                       0,158539,158539,0,                       0,158541
12263,158540,0,                       0,158540,158540,0,                       0,158540
12264,158541,0,                       0,158539,158539,0,                       0,158541
12265,158540,0,                       0,158540,158540,0,                       0,158540
12266,158541,0,                       0,158539,158539,0,                       0,158541
12267,158540,0,                       0,158540,158540,0,                       0,158540
12268,158541,0,                       0,158539,158539,0,                       0,158541
12269,158540,0,                       0,158540,158540,0,                       0,158540
12270,158539,0,                       0,158541,158541,0,                       0,158539
12271,158538,0,                       0,158542,158542,0,                       0,158538
12272,158537,0,                       0,158543,158543,0,                       0,158537
12273,158538,0,                       0,158542,158542,0,                       0,158538
12274,158539,0,                       0,158541,158541,0,                       0,158539
12275,158540,0,                       0,158540,158540,0,                       0,158540
12276,158539,0,                       0,158541,158541,0,                       0,158539
12277,158540,0,                       0,158540,158540,0,                       0,158540
12278,158539,0,                       0,158541,158541,0,                       0,158539
12279,158540,0,                       0,158540,158540,0,                       0,158540
12280,158539,0,                       0,158541,158541,0,                       0,158539
12281,158540,0,                       0,158540,158540,0,                       0,158540
12282,158539,0,                       0,158541,158541,0,                       0,158539
12283,158540,0,                       0,158540,158540,0,                       0,158540
12284,158539,0,                       0,158541,158541,0,                       0,158539
12285,158538,0,                       0,158542,158542,0,                       0,158538
12286,158539,0,                       0,158541,158541,0,                       0,158539
12287,158540,0,                       0,158540,158540,0,                       0,158540
12288,158539,0,                       0,158541,158541,0,                       0,158539
12289,158538,0,                       0,158542,158542,0,                       0,158538
12290,158537,0,                       0,158543,158543,0,                       0,158537
12291,158538,0,                       0,158542,158542,0,                       0,158538
12292,158539,0,                       0,158541,158541,0,                       0,158539
12293,158538,0,                       0,158542,158542,0,                       0,158538
12294,158539,0,                       0,158541,158541,0,                       0,158539
12295,158540,0,                       0,158540,158540,0,                       0,158540
12296,158541,0,                       0,158539,158539,0,                       0,158541
12297,158542,0,                       0,158538,158538,0,                       0,158542
12298,158543,0,                       0,158537,158537,0,                       0,158543
12299,158544,0,                       0,158536,158536,0,                       0,158544
12300,158545,0,                       0,158535,158535,0,                       0,158545
12301,158544,0,                       0,158536,158536,0,                       0,158544
12302,158543,0,                       0,158537,158537,0,                       0,158543
12303,158542,0,                       0,158538,158538,0,                       0,158542
12304,158541,0,                       0,158539,158539,0,                       0,158541
12305,158540,0,                       0,158540,158540,0,                       0,158540
12306,158541,0,                       0,158539,158539,0,                       0,158541
12307,158542,0,                       0,158538,158538,0,                       0,158542
12308,158541,0,                       0,158539,158539,0,                       0,158541
12309,158540,0,                       0,158540,158540,0,                       0,158540
12310,158541,0,                       0,158539,158539,0,                       0,158541
12311,158542,0,                       0,158538,158538,0,                       0,158542
12312,158541,0,                       0,158539,158539,0,                       0,158541
12313,158540,0,                       0,158540,158540,0,                       0,158540
12314,158541,0,                       0,158539,158539,0,                       0,158541
12315,158542,0,                       0,158538,158538,0,                       0,158542
12316,158541,0,                       0,158539,158539,0,                       0,158541
12317,158540,0,                       0,158540,158540,0,                       0,158540
12318,158541,0,                       0,158539,158539,0,                       0,158541
12319,158542,0,                       0,158538,158538,0,                       0,158542
12320,158541,0,                       0,158539,158539,0,                       0,158541
12321,158542,0,                       0,158538,158538,0,                       0,158542
12322,158541,0,                       0,158539,158539,0,                       0,158541
12323,158542,0,                       0,158538,158538,0,                       0,158542
12324,158541,0,                       0,158539,158539,0,                       0,158541
12325,158540,0,                       0,158540,158540,0,                       0,158540
12326,158539,0,                       0,158541,158541,0,                       0,158539
12327,158538,0,                       0,158542,158542,0,                       0,158538
12328,158539,0,                       0,158541,158541,0,                       0,158539
12329,158540,0,                       0,158540,158540,0,                       0,158540
12330,158539,0,                       0,158541,158541,0,                       0,158539
12331,158540,0,                       0,158540,158540,0,                       0,158540
12332,158541,0,                       0,158539,158539,0,                       0,158541
12333,158540,0,                       0,158540,158540,0,                       0,158540
12334,158539,0,                       0,158541,158541,0,                       0,158539
12335,158540,0,                       0,158540,158540,0,                       0,158540
12336,158541,0,                       0,158539,158539,0,                       0,158541
12337,158542,0,                       0,158538,158538,0,                       0,158542
12338,158541,0,                       0,158539,158539,0,                       0,158541
12339,158540,0,                       0,158540,158540,0,                       0,158540
12340,158539,0,                       0,158541,158541,0,                       0,158539
12341,158540,0,                       0,158540,158540,0,                       0,158540
12342,158539,0,                       0,158541,158541,0,                       0,158539
12343,158540,0,                       0,158540,158540,0,                       0,158540
12344,158541,0,                       0,158539,158539,0,                       0,158541
12345,158542,0,                       0,158538,158538,0,                       0,158542
12346,158541,0,                       0,158539,158539,0,                       0,158541
12347,158540,0,                       0,158540,158540,0,                       0,158540
12348,158539,0,                       0,158541,158541,0,                       0,158539
12349,158540,0,                       0,158540,158540,0,                       0,158540
12350,158541,0,                       0,158539,158539,0,                       0,158541
12351,158542,0,                       0,158538,158538,0,                       0,158542
12352,158541,0,                       0,158539,158539,0,                       0,158541
12353,158540,0,                       0,158540,158540,0,                       0,158540
12354,158539,0,                       0,158541,158541,0,                       0,158539
12355,158540,0,                       0,158540,158540,0,                       0,158540
12356,158541,0,                       0,158539,158539,0,                       0,158541
12357,158540,0,                       0,158540,158540,0,                       0,158540
12358,158541,0,                       0,158539,158539,0,                       0,158541
12359,158540,0,                       0,158540,158540,0,                       0,158540
12360,158539,0,                       0,158541,158541,0,                       0,158539
12361,158540,0,                       0,158540,158540,0,                       0,158540
12362,158541,0,                       0,158539,158539,0,                       0,158541
12363,158540,0,                       0,158540,158540,0,                       0,158540
12364,158541,0,                       0,158539,158539,0,                       0,158541
12365,158540,0,                       0,158540,158540,0,                       0,158540
12366,158539,0,                       0,158541,158541,0,                       0,158539
12367,158538,0,                       0,158542,158542,0,                       0,158538
12368,158539,0,                       0,158541,158541,0,                       0,158539
12369,158540,0,                       0,158540,158540,0,                       0,158540
12370,158541,0,                       0,158539,158539,0,                       0,158541
12371,158542,0,                       0,158538,158538,0,                       0,158542
12372,158543,0,                       0,158537,158537,0,                       0,158543
12373,158542,0,                       0,158538,158538,0,                       0,158542
12374,158541,0,                       0,158539,158539,0,                       0,158541
12375,158540,0,                       0,158540,158540,0,                       0,158540
12376,158539,0,                       0,158541,158541,0,                       0,158539
12377,158540,0,                       0,158540,158540,0,                       0,158540
12378,158541,0,                       0,158539,158539,0,                       0,158541
12379,158542,0,                       0,158538,158538,0,                       0,158542
12380,158541,0,                       0,158539,158539,0,                       0,158541
12381,158540,0,                       0,158540,158540,0,                       0,158540
12382,158541,0,                       0,158539,158539,0,                       0,158541
12383,158540,0,                       0,158540,158540,0,                       0,158540
12384,158541,0,                       0,158539,158539,0,                       0,158541
12385,158540,0,                       0,158540,158540,0,                       0,158540
12386,158539,0,                       0,158541,158541,0,                       0,158539
12387,158538,0,                       0,158542,158542,0,                       0,158538
12388,158539,0,                       0,158541,158541,0,                       0,158539
12389,158540,0,                       0,158540,158540,0,                       0,158540
12390,158541,0,                       0,158539,158539,0,                       0,158541
12391,158542,0,                       0,158538,158538,0,                       0,158542
12392,158543,0,                       0,158537,158537,0,                       0,158543
12393,158542,0,                       0,158538,158538,0,                       0,158542
12394,158541,0,                       0,158539,158539,0,                       0,158541
12395,158540,0,                       0,158540,158540,0,                       0,158540
12396,158539,0,                       0,158541,158541,0,                       0,158539
12397,158538,0,                       0,158542,158542,0,                       0,158538
12398,158537,0,                       0,158543,158543,0,                       0,158537
12399,158538,0,                       0,158542,158542,0,                       0,158538
12400,158537,0,                       0,158543,158543,0,                       0,158537
12401,158536,0,                       0,158544,158544,0,                       0,158536
12402,158537,0,                       0,158543,158543,0,                       0,158537
12403,158538,0,                       0,158542,158542,0,                       0,158538
12404,158539,0,                       0,158541,158541,0,                       0,158539
12405,158540,0,                       0,158540,158540,0,                       0,158540
12406,158539,0,                       0,158541,158541,0,                       0,158539
12407,158540,0,                       0,158540,158540,0,                       0,158540
12408,158541,0,                       0,158539,158539,0,                       0,158541
12409,158542,0,                       0,158538,158538,0,                       0,158542
12410,158541,0,                       0,158539,158539,0,                       0,158541
12411,158540,0,                       0,158540,158540,0,                       0,158540
12412,158541,0,                       0,158539,158539,0,                       0,158541
12413,158540,0,                       0,158540,158540,0,                       0,158540
12414,158539,0,                       0,158541,158541,0,                       0,158539
12415,158538,0,                       0,158542,158542,0,                       0,158538
12416,158539,0,                       0,158541,158541,0,                       0,158539
12417,158540,0,                       0,158540,158540,0,                       0,158540
12418,158539,0,                       0,158541,158541,0,                       0,158539
12419,158538,0,                       0,158542,158542,0,                       0,158538
12420,158539,0,                       0,158541,158541,0,                       0,158539
12421,158538,0,                       0,158542,158542,0,                       0,158538
12422,158539,0,                       0,158541,158541,0,                       0,158539
12423,158540,0,                       0,158540,158540,0,                       0,158540
12424,158541,0,                       0,158539,158539,0,                       0,158541
12425,158542,0,                       0,158538,158538,0,                       0,158542
12426,158541,0,                       0,158539,158539,0,                       0,158541
12427,158540,0,                       0,158540,158540,0,                       0,158540
12428,158539,0,                       0,158541,158541,0,                       0,158539
12429,158538,0,                       0,158542,158542,0,                       0,158538
12430,158539,0,                       0,158541,158541,0,                       0,158539
12431,158540,0,                       0,158540,158540,0,                       0,158540
12432,158541,0,                       0,158539,158539,0,                       0,158541
12433,158540,0,                       0,158540,158540,0,                       0,158540
12434,158541,0,                       0,158539,158539,0,                       0,158541
12435,158540,0,                       0,158540,158540,0,                       0,158540
12436,158541,0,                       0,158539,158539,0,                       0,158541
12437,158542,0,                       0,158538,158538,0,                       0,158542
12438,158543,0,                       0,158537,158537,0,                       0,158543
12439,158544,0,                       0,158536,158536,0,                       0,158544
12440,158545,0,                       0,158535,158535,0,                       0,158545
12441,158544,0,                       0,158536,158536,0,                       0,158544
12442,158543,0,                       0,158537,158537,0,                       0,158543
12443,158542,0,                       0,158538,158538,0,                       0,158542
12444,158541,0,                       0,158539,158539,0,                       0,158541
12445,158540,0,                       0,158540,158540,0,                       0,158540
12446,158539,0,                       0,158541,158541,0,                       0,158539
12447,158538,0,                       0,158542,158542,0,                       0,158538
12448,158539,0,                       0,158541,158541,0,                       0,158539
12449,158540,0,                       0,158540,158540,0,                       0,158540
12450,158539,0,                       0,158541,158541,0,                       0,158539
12451,158540,0,                       0,158540,158540,0,                       0,158540
12452,158541,0,                       0,158539,158539,0,                       0,158541
12453,158540,0,                       0,158540,158540,0,                       0,158540
12454,158541,0,                       0,158539,158539,0,                       0,158541
12455,158540,0,                       0,158540,158540,0,                       0,158540
12456,158539,0,                       0,158541,158541,0,                       0,158539
12457,158540,0,                       0,158540,158540,0,                       0,158540
12458,158539,0,                       0,158541,158541,0,                       0,158539
12459,158540,0,                       0,158540,158540,0,                       0,158540
12460,158539,0,                       0,158541,158541,0,                       0,158539
12461,158540,0,                       0,158540,158540,0,                       0,158540
12462,158539,0,                       0,158541,158541,0,                       0,158539
12463,158538,0,                       0,158542,158542,0,                       0,158538
12464,158539,0,                       0,158541,158541,0,                       0,158539
12465,158540,0,                       0,158540,158540,0,                       0,158540
12466,158539,0,                       0,158541,158541,0,                       0,158539
12467,158538,0,                       0,158542,158542,0,                       0,158538
12468,158539,0,                       0,158541,158541,0,                       0,158539
12469,158540,0,                       0,158540,158540,0,                       0,158540
12470,158539,0,                       0,158541,158541,0,                       0,158539
12471,158540,0,                       0,158540,158540,0,                       0,158540
12472,158541,0,                       0,158539,158539,0,                       0,158541
12473,158542,0,                       0,158538,158538,0,                       0,158542
12474,158541,0,                       0,158539,158539,0,                       0,158541
12475,158542,0,                       0,158538,158538,0,                       0,158542
12476,158541,0,                       0,158539,158539,0,                       0,158541
12477,158540,0,                       0,158540,158540,0,                       0,158540
12478,158539,0,                       0,158541,158541,0,                       0,158539
12479,158540,0,                       0,158540,158540,0,                       0,158540
12480,158539,0,                       0,158541,158541,0,                       0,158539
12481,158540,0,                       0,158540,158540,0,                       0,158540
12482,158541,0,                       0,158539,158539,0,                       0,158541
12483,158540,0,                       0,158540,158540,0,                       0,158540
12484,158539,0,                       0,158541,158541,0,                       0,158539
12485,158540,0,                       0,158540,158540,0,                       0,158540
12486,158541,0,                       0,158539,158539,0,                       0,158541
12487,158542,0,                       0,158538,158538,0,                       0,158542
12488,158541,0,                       0,158539,158539,0,                       0,158541
12489,158542,0,                       0,158538,158538,0,                       0,158542
12490,158541,0,                       0,158539,158539,0,                       0,158541
12491,158540,0,                       0,158540,158540,0,                       0,158540
12492,158541,0,                       0,158539,158539,0,                       0,158541
12493,158540,0,                       0,158540,158540,0,                       0,158540
12494,158539,0,                       0,158541,158541,0,                       0,158539
12495,158540,0,                       0,158540,158540,0,                       0,158540
12496,158539,0,                       0,158541,158541,0,                       0,158539
12497,158540,0,                       0,158540,158540,0,                       0,158540
12498,158539,0,                       0,158541,158541,0,                       0,158539
12499,158538,0,                       0,158542,158542,0,                       0,158538
12500,158539,0,                       0,158541,158541,0,                       0,158539
12501,158540,0,                       0,158540,158540,0,                       0,158540
12502,158541,0,                       0,158539,158539,0,                       0,158541
12503,158540,0,                       0,158540,158540,0,                       0,158540
12504,158539,0,                       0,158541,158541,0,                       0,158539
12505,158540,0,                       0,158540,158540,0,                       0,158540
12506,158541,0,                       0,158539,158539,0,                       0,158541
12507,158542,0,                       0,158538,158538,0,                       0,158542
12508,158541,0,                       0,158539,158539,0,                       0,158541
12509,158540,0,                       0,158540,158540,0,                       0,158540
12510,158539,0,                       0,158541,158541,0,                       0,158539
12511,158538,0,                       0,158542,158542,0,                       0,158538
12512,158537,0,                       0,158543,158543,0,                       0,158537
12513,158536,0,                       0,158544,158544,0,                       0,158536
12514,158537,0,                       0,158543,158543,0,                       0,158537
12515,158538,0,                       0,158542,158542,0,                       0,158538
12516,158537,0,                       0,158543,158543,0,                       0,158537
12517,158538,0,                       0,158542,158542,0,                       0,158538
12518,158537,0,                       0,158543,158543,0,                       0,158537
12519,158538,0,                       0,158542,158542,0,                       0,158538
12520,158539,0,                       0,158541,158541,0,                       0,158539
12521,158540,0,                       0,158540,158540,0,                       0,158540
12522,158541,0,                       0,158539,158539,0,                       0,158541
12523,158540,0,                       0,158540,158540,0,                       0,158540
12524,158539,0,                       0,158541,158541,0,                       0,158539
12525,158540,0,                       0,158540,158540,0,                       0,158540
12526,158539,0,                       0,158541,158541,0,                       0,158539
12527,158538,0,                       0,158542,158542,0,                       0,158538
12528,158539,0,                       0,158541,158541,0,                       0,158539
12529,158540,0,                       0,158540,158540,0,                       0,158540
12530,158541,0,                       0,158539,158539,0,                       0,158541
12531,158540,0,                       0,158540,158540,0,                       0,158540
12532,158541,0,                       0,158539,158539,0,                       0,158541
12533,158540,0,                       0,158540,158540,0,                       0,158540
12534,158539,0,                       0,158541,158541,0,                       0,158539
12535,158538,0,                       0,158542,158542,0,                       0,158538
12536,158539,0,                       0,158541,158541,0,                       0,158539
12537,158540,0,                       0,158540,158540,0,                       0,158540
12538,158539,0,                       0,158541,158541,0,                       0,158539
12539,158540,0,                       0,158540,158540,0,                       0,158540
12540,158539,0,                       0,158541,158541,0,                       0,158539
12541,158540,0,                       0,158540,158540,0,                       0,158540
12542,158539,0,                       0,158541,158541,0,                       0,158539
12543,158538,0,                       0,158542,158542,0,                       0,158538
12544,158539,0,                       0,158541,158541,0,                       0,158539
12545,158540,0,                       0,158540,158540,0,                       0,158540
12546,158541,0,                       0,158539,158539,0,                       0,158541
12547,158540,0,                       0,158540,158540,0,                       0,158540
12548,158539,0,                       0,158541,158541,0,                       0,158539
12549,158540,0,                       0,158540,158540,0,                       0,158540
12550,158541,0,                       0,158539,158539,0,                       0,158541
12551,158540,0,                       0,158540,158540,0,                       0,158540
12552,158541,0,                       0,158539,158539,0,                       0,158541
12553,158540,0,                       0,158540,158540,0,                       0,158540
12554,158541,0,                       0,158539,158539,0,                       0,158541
12555,158540,0,                       0,158540,158540,0,                       0,158540
12556,158541,0,                       0,158539,158539,0,                       0,158541
12557,158540,0,                       0,158540,158540,0,                       0,158540
12558,158539,0,                       0,158541,158541,0,                       0,158539
12559,158540,0,                       0,158540,158540,0,                       0,158540
12560,158541,0,                       0,158539,158539,0,                       0,158541
12561,158540,0,                       0,158540,158540,0,                       0,158540
12562,158539,0,                       0,158541,158541,0,                       0,158539
12563,158540,0,                       0,158540,158540,0,                       0,158540
12564,158539,0,                       0,158541,158541,0,                       0,158539
12565,158538,0,                       0,158542,158542,0,                       0,158538
12566,158537,0,                       0,158543,158543,0,                       0,158537
12567,158538,0,                       0,158542,158542,0,                       0,158538
12568,158539,0,                       0,158541,158541,0,                       0,158539
12569,158540,0,                       0,158540,158540,0,                       0,158540
12570,158539,0,                       0,158541,158541,0,                       0,158539
12571,158540,0,                       0,158540,158540,0,                       0,158540
12572,158539,0,                       0,158541,158541,0,                       0,158539
12573,158540,0,                       0,158540,158540,0,                       0,158540
12574,158541,0,                       0,158539,158539,0,                       0,158541
12575,158542,0,                       0,158538,158538,0,                       0,158542
12576,158543,0,                       0,158537,158537,0,                       0,158543
12577,158544,0,                       0,158536,158536,0,                       0,158544
12578,158543,0,                       0,158537,158537,0,                       0,158543
12579,158542,0,                       0,158538,158538,0,                       0,158542
12580,158541,0,                       0,158539,158539,0,                       0,158541
12581,158540,0,                       0,158540,158540,0,                       0,158540
12582,158539,0,                       0,158541,158541,0,                       0,158539
12583,158540,0,                       0,158540,158540,0,                       0,158540
12584,158541,0,                       0,158539,158539,0,                       0,158541
12585,158540,0,                       0,158540,158540,0,                       0,158540
12586,158541,0,                       0,158539,158539,0,                       0,158541
12587,158540,0,                       0,158540,158540,0,                       0,158540
12588,158541,0,                       0,158539,158539,0,                       0,158541
12589,158540,0,                       0,158540,158540,0,                       0,158540
12590,158541,0,                       0,158539,158539,0,                       0,158541
12591,158540,0,                       0,158540,158540,0,                       0,158540
12592,158539,0,                       0,158541,158541,0,                       0,158539
12593,158540,0,                       0,158540,158540,0,                       0,158540
12594,158539,0,                       0,158541,158541,0,                       0,158539
12595,158540,0,                       0,158540,158540,0,                       0,158540
12596,158541,0,                       0,158539,158539,0,                       0,158541
12597,158540,0,                       0,158540,158540,0,                       0,158540
12598,158539,0,                       0,158541,158541,0,                       0,158539
12599,158540,0,                       0,158540,158540,0,                       0,158540
12600,158539,0,                       0,158541,158541,0,                       0,158539
12601,158540,0,                       0,158540,158540,0,                       0,158540
12602,158541,0,                       0,158539,158539,0,                       0,158541
12603,158540,0,                       0,158540,158540,0,                       0,158540
12604,158539,0,                       0,158541,158541,0,                       0,158539
12605,158540,0,                       0,158540,158540,0,                       0,158540
12606,158539,0,                       0,158541,158541,0,                       0,158539
12607,158538,0,                       0,158542,158542,0,                       0,158538
12608,158539,0,                       0,158541,158541,0,                       0,158539
12609,158540,0,                       0,158540,158540,0,                       0,158540
12610,158541,0,                       0,158539,158539,0,                       0,158541
12611,158540,0,                       0,158540,158540,0,                       0,158540
12612,158539,0,                       0,158541,158541,0,                       0,158539
12613,158538,0,                       0,158542,158542,0,                       0,158538
12614,158539,0,                       0,158541,158541,0,                       0,158539
12615,158540,0,                       0,158540,158540,0,                       0,158540
12616,158541,0,                       0,158539,158539,0,                       0,158541
12617,158540,0,                       0,158540,158540,0,                       0,158540
12618,158539,0,                       0,158541,158541,0,                       0,158539
12619,158540,0,                       0,158540,158540,0,                       0,158540
12620,158541,0,                       0,158539,158539,0,                       0,158541
12621,158542,0,                       0,158538,158538,0,                       0,158542
12622,158541,0,                       0,158539,158539,0,                       0,158541
12623,158540,0,                       0,158540,158540,0,                       0,158540
12624,158539,0,                       0,158541,158541,0,                       0,158539
12625,158540,0,                       0,158540,158540,0,                       0,158540
12626,158541,0,                       0,158539,158539,0,                       0,158541
12627,158542,0,                       0,158538,158538,0,                       0,158542
12628,158541,0,                       0,158539,158539,0,                       0,158541
12629,158542,0,                       0,158538,158538,0,                       0,158542
12630,158541,0,                       0,158539,158539,0,                       0,158541
12631,158542,0,                       0,158538,158538,0,                       0,158542
12632,158541,0,                       0,158539,158539,0,                       0,158541
12633,158540,0,                       0,158540,158540,0,                       0,158540
12634,158541,0,                       0,158539,158539,0,                       0,158541
12635,158542,0,                       0,158538,158538,0,                       0,158542
12636,158541,0,                       0,158539,158539,0,                       0,158541
12637,158540,0,                       0,158540,158540,0,                       0,158540
12638,158541,0,                       0,158539,158539,0,                       0,158541
12639,158542,0,                       0,158538,158538,0,                       0,158542
12640,158543,0,                       0,158537,158537,0,                       0,158543
12641,158544,0,                       0,158536,158536,0,                       0,158544
12642,158543,0,                       0,158537,158537,0,                       0,158543
12643,158542,0,                       0,158538,158538,0,                       0,158542
12644,158543,0,                       0,158537,158537,0,                       0,158543
12645,158544,0,                       0,158536,158536,0,                       0,158544
12646,158543,0,                       0,158537,158537,0,                       0,158543
12647,158542,0,                       0,158538,158538,0,                       0,158542
12648,158541,0,                       0,158539,158539,0,                       0,158541
12649,158540,0,                       0,158540,158540,0,                       0,158540
12650,158541,0,                       0,158539,158539,0,                       0,158541
12651,158542,0,                       0,158538,158538,0,                       0,158542
12652,158541,0,                       0,158539,158539,0,                       0,158541
12653,158542,0,                       0,158538,158538,0,                       0,158542
12654,158541,0,                       0,158539,158539,0,                       0,158541
12655,158540,0,                       0,158540,158540,0,                       0,158540
12656,158539,0,                       0,158541,158541,0,                       0,158539
12657,158540,0,                       0,158540,158540,0,                       0,158540
12658,158541,0,                       0,158539,158539,0,                       0,158541
12659,158540,0,                       0,158540,158540,0,                       0,158540
12660,158539,0,                       0,158541,158541,0,                       0,158539
12661,158540,0,                       0,158540,158540,0,                       0,158540
12662,158541,0,                       0,158539,158539,0,                       0,158541
12663,158542,0,                       0,158538,158538,0,                       0,158542
12664,158541,0,                       0,158539,158539,0,                       0,158541
12665,158542,0,                       0,158538,158538,0,                       0,158542
12666,158541,0,                       0,158539,158539,0,                       0,158541
12667,158542,0,                       0,158538,158538,0,                       0,158542
12668,158541,0,                       0,158539,158539,0,                       0,158541
12669,158540,0,                       0,158540,158540,0,                       0,158540
12670,158541,0,                       0,158539,158539,0,                       0,158541
12671,158540,0,                       0,158540,158540,0,                       0,158540
12672,158539,0,                       0,158541,158541,0,                       0,158539
12673,158538,0,                       0,158542,158542,0,                       0,158538
12674,158539,0,                       0,158541,158541,0,                       0,158539
12675,158540,0,                       0,158540,158540,0,                       0,158540
12676,158541,0,                       0,158539,158539,0,                       0,158541
12677,158542,0,                       0,158538,158538,0,                       0,158542
12678,158541,0,                       0,158539,158539,0,                       0,158541
12679,158540,0,                       0,158540,158540,0,                       0,158540
12680,158541,0,                       0,158539,158539,0,                       0,158541
12681,158542,0,                       0,158538,158538,0,                       0,158542
12682,158543,0,                       0,158537,158537,0,                       0,158543
12683,158542,0,                       0,158538,158538,0,                       0,158542
12684,158541,0,                       0,158539,158539,0,                       0,158541
12685,158542,0,                       0,158538,158538,0,                       0,158542
12686,158541,0,                       0,158539,158539,0,                       0,158541
12687,158540,0,                       0,158540,158540,0,                       0,158540
12688,158539,0,                       0,158541,158541,0,                       0,158539
12689,158538,0,                       0,158542,158542,0,                       0,158538
12690,158539,0,                       0,158541,158541,0,                       0,158539
12691,158540,0,                       0,158540,158540,0,                       0,158540
12692,158539,0,                       0,158541,158541,0,                       0,158539
12693,158540,0,                       0,158540,158540,0,                       0,158540
12694,158539,0,                       0,158541,158541,0,                       0,158539
12695,158540,0,                       0,158540,158540,0,                       0,158540
12696,158541,0,                       0,158539,158539,0,                       0,158541
12697,158540,0,                       0,158540,158540,0,                       0,158540
12698,158539,0,                       0,158541,158541,0,                       0,158539
12699,158540,0,                       0,158540,158540,0,                       0,158540
12700,158541,0,                       0,158539,158539,0,                       0,158541
12701,158542,0,                       0,158538,158538,0,                       0,158542
12702,158543,0,                       0,158537,158537,0,                       0,158543
12703,158542,0,                       0,158538,158538,0,                       0,158542
12704,158541,0,                       0,158539,158539,0,                       0,158541
12705,158540,0,                       0,158540,158540,0,                       0,158540
12706,158539,0,                       0,158541,158541,0,                       0,158539
12707,158538,0,                       0,158542,158542,0,                       0,158538
12708,158537,0,                       0,158543,158543,0,                       0,158537
12709,158538,0,                       0,158542,158542,0,                       0,158538
12710,158539,0,                       0,158541,158541,0,                       0,158539
12711,158540,0,                       0,158540,158540,0,                       0,158540
12712,158541,0,                       0,158539,158539,0,                       0,158541
12713,158540,0,                       0,158540,158540,0,                       0,158540
12714,158539,0,                       0,158541,158541,0,                       0,158539
12715,158540,0,                       0,158540,158540,0,                       0,158540
12716,158539,0,                       0,158541,158541,0,                       0,158539
12717,158540,0,                       0,158540,158540,0,                       0,158540
12718,158541,0,                       0,158539,158539,0,                       0,158541
12719,158542,0,                       0,158538,158538,0,                       0,158542
12720,158541,0,                       0,158539,158539,0,                       0,158541
12721,158542,0,                       0,158538,158538,0,                       0,158542
12722,158541,0,                       0,158539,158539,0,                       0,158541
12723,158542,0,                       0,158538,158538,0,                       0,158542
12724,158541,0,                       0,158539,158539,0,                       0,158541
12725,158542,0,                       0,158538,158538,0,                       0,158542
12726,158541,0,                       0,158539,158539,0,                       0,158541
12727,158540,0,                       0,158540,158540,0,                       0,158540
12728,158541,0,                       0,158539,158539,0,                       0,158541
12729,158540,0,                       0,158540,158540,0,                       0,158540
12730,158539,0,                       0,158541,158541,0,                       0,158539
12731,158538,0,                       0,158542,158542,0,                       0,158538
12732,158537,0,                       0,158543,158543,0,                       0,158537
12733,158538,0,                       0,158542,158542,0,                       0,158538
12734,158539,0,                       0,158541,158541,0,                       0,158539
12735,158540,0,                       0,158540,158540,0,                       0,158540
12736,158539,0,                       0,158541,158541,0,                       0,158539
12737,158540,0,                       0,158540,158540,0,                       0,158540
12738,158541,0,                       0,158539,158539,0,                       0,158541
12739,158542,0,                       0,158538,158538,0,                       0,158542
12740,158541,0,                       0,158539,158539,0,                       0,158541
12741,158540,0,                       0,158540,158540,0,                       0,158540
12742,158541,0,                       0,158539,158539,0,                       0,158541
12743,158542,0,                       0,158538,158538,0,                       0,158542
12744,158541,0,                       0,158539,158539,0,                       0,158541
12745,158540,0,                       0,158540,158540,0,                       0,158540
12746,158541,0,                       0,158539,158539,0,                       0,158541
12747,158542,0,                       0,158538,158538,0,                       0,158542
12748,158541,0,                       0,158539,158539,0,                       0,158541
12749,158540,0,                       0,158540,158540,0,                       0,158540
12750,158541,0,                       0,158539,158539,0,                       0,158541
12751,158540,0,                       0,158540,158540,0,                       0,158540
12752,158539,0,                       0,158541,158541,0,                       0,158539
12753,158538,0,                       0,158542,158542,0,                       0,158538
12754,158539,0,                       0,158541,158541,0,                       0,158539
12755,158540,0,                       0,158540,158540,0,                       0,158540
12756,158541,0,                       0,158539,158539,0,                       0,158541
12757,158540,0,                       0,158540,158540,0,                       0,158540
12758,158539,0,                       0,158541,158541,0,                       0,158539
12759,158540,0,                       0,158540,158540,0,                       0,158540
12760,158541,0,                       0,158539,158539,0,                       0,158541
12761,158540,0,                       0,158540,158540,0,                       0,158540
12762,158539,0,                       0,158541,158541,0,                       0,158539
12763,158538,0,                       0,158542,158542,0,                       0,158538
12764,158539,0,                       0,158541,158541,0,                       0,158539
12765,158538,0,                       0,158542,158542,0,                       0,158538
12766,158539,0,                       0,158541,158541,0,                       0,158539
12767,158540,0,                       0,158540,158540,0,                       0,158540
12768,158541,0,                       0,158539,158539,0,                       0,158541
12769,158540,0,                       0,158540,158540,0,                       0,158540
12770,158539,0,                       0,158541,158541,0,                       0,158539
12771,158540,0,                       0,158540,158540,0,                       0,158540
12772,158539,0,                       0,158541,158541,0,                       0,158539
12773,158538,0,                       0,158542,158542,0,                       0,158538
12774,158539,0,                       0,158541,158541,0,                       0,158539
12775,158540,0,                       0,158540,158540,0,                       0,158540
12776,158541,0,                       0,158539,158539,0,                       0,158541
12777,158542,0,                       0,158538,158538,0,                       0,158542
12778,158541,0,                       0,158539,158539,0,                       0,158541
12779,158540,0,                       0,158540,158540,0,                       0,158540
12780,158541,0,                       0,158539,158539,0,                       0,158541
12781,158540,0,                       0,158540,158540,0,                       0,158540
12782,158541,0,                       0,158539,158539,0,                       0,158541
12783,158542,0,                       0,158538,158538,0,                       0,158542
12784,158541,0,                       0,158539,158539,0,                       0,158541
12785,158540,0,                       0,158540,158540,0,                       0,158540
12786,158541,0,                       0,158539,158539,0,                       0,158541
12787,158540,0,                       0,158540,158540,0,                       0,158540
12788,158541,0,                       0,158539,158539,0,                       0,158541
12789,158542,0,                       0,158538,158538,0,                       0,158542
12790,158541,0,                       0,158539,158539,0,                       0,158541
12791,158542,0,                       0,158538,158538,0,                       0,158542
12792,158541,0,                       0,158539,158539,0,                       0,158541
12793,158540,0,                       0,158540,158540,0,                       0,158540
12794,158541,0,                       0,158539,158539,0,                       0,158541
12795,158540,0,                       0,158540,158540,0,                       0,158540
12796,158541,0,                       0,158539,158539,0,                       0,158541
12797,158540,0,                       0,158540,158540,0,                       0,158540
12798,158541,0,                       0,158539,158539,0,                       0,158541
12799,158542,0,                       0,158538,158538,0,                       0,158542
12800,158541,0,                       0,158539,158539,0,                       0,158541
12801,158540,0,                       0,158540,158540,0,                       0,158540
12802,158541,0,                       0,158539,158539,0,                       0,158541
12803,158542,0,                       0,158538,158538,0,                       0,158542
12804,158541,0,                       0,158539,158539,0,                       0,158541
12805,158540,0,                       0,158540,158540,0,                       0,158540
12806,158541,0,                       0,158539,158539,0,                       0,158541
12807,158540,0,                       0,158540,158540,0,                       0,158540
12808,158539,0,                       0,158541,158541,0,                       0,158539
12809,158540,0,                       0,158540,158540,0,                       0,158540
12810,158539,0,                       0,158541,158541,0,                       0,158539
12811,158540,0,                       0,158540,158540,0,                       0,158540
12812,158541,0,                       0,158539,158539,0,                       0,158541
12813,158542,0,                       0,158538,158538,0,                       0,158542
12814,158541,0,                       0,158539,158539,0,                       0,158541
12815,158542,0,                       0,158538,158538,0,                       0,158542
12816,158541,0,                       0,158539,158539,0,                       0,158541
12817,158540,0,                       0,158540,158540,0,                       0,158540
12818,158539,0,                       0,158541,158541,0,                       0,158539
12819,158540,0,                       0,158540,158540,0,                       0,158540
12820,158541,0,                       0,158539,158539,0,                       0,158541
12821,158540,0,                       0,158540,158540,0,                       0,158540
12822,158539,0,                       0,158541,158541,0,                       0,158539
12823,158540,0,                       0,158540,158540,0,                       0,158540
12824,158539,0,                       0,158541,158541,0,                       0,158539
12825,158540,0,                       0,158540,158540,0,                       0,158540
12826,158541,0,                       0,158539,158539,0,                       0,158541
12827,158542,0,                       0,158538,158538,0,                       0,158542
12828,158541,0,                       0,158539,158539,0,                       0,158541
12829,158540,0,                       0,158540,158540,0,                       0,158540
12830,158539,0,                       0,158541,158541,0,                       0,158539
12831,158540,0,                       0,158540,158540,0,                       0,158540
12832,158539,0,                       0,158541,158541,0,                       0,158539
12833,158538,0,                       0,158542,158542,0,                       0,158538
12834,158539,0,                       0,158541,158541,0,                       0,158539
12835,158540,0,                       0,158540,158540,0,                       0,158540
12836,158539,0,                       0,158541,158541,0,                       0,158539
12837,158540,0,                       0,158540,158540,0,                       0,158540
12838,158541,0,                       0,158539,158539,0,                       0,158541
12839,158542,0,                       0,158538,158538,0,                       0,158542
12840,158541,0,                       0,158539,158539,0,                       0,158541
12841,158540,0,                       0,158540,158540,0,                       0,158540
12842,158541,0,                       0,158539,158539,0,                       0,158541
12843,158540,0,                       0,158540,158540,0,                       0,158540
12844,158541,0,                       0,158539,158539,0,                       0,158541
12845,158540,0,                       0,158540,158540,0,                       0,158540
12846,158541,0,                       0,158539,158539,0,                       0,158541
12847,158540,0,                       0,158540,158540,0,                       0,158540
12848,158541,0,                       0,158539,158539,0,                       0,158541
12849,158542,0,                       0,158538,158538,0,                       0,158542
12850,158543,0,                       0,158537,158537,0,                       0,158543
12851,158544,0,                       0,158536,158536,0,                       0,158544
12852,158545,0,                       0,158535,158535,0,                       0,158545
12853,158546,0,                       0,158534,158534,0,                       0,158546
12854,158545,0,                       0,158535,158535,0,                       0,158545
12855,158544,0,                       0,158536,158536,0,                       0,158544
12856,158543,0,                       0,158537,158537,0,                       0,158543
12857,158542,0,                       0,158538,158538,0,                       0,158542
12858,158543,0,                       0,158537,158537,0,                       0,158543
12859,158542,0,                       0,158538,158538,0,                       0,158542
12860,158541,0,                       0,158539,158539,0,                       0,158541
12861,158540,0,                       0,158540,158540,0,                       0,158540
12862,158539,0,                       0,158541,158541,0,                       0,158539
12863,158538,0,                       0,158542,158542,0,                       0,158538
12864,158539,0,                       0,158541,158541,0,                       0,158539
12865,158538,0,                       0,158542,158542,0,                       0,158538
12866,158539,0,                       0,158541,158541,0,                       0,158539
12867,158538,0,                       0,158542,158542,0,                       0,158538
12868,158539,0,                       0,158541,158541,0,                       0,158539
12869,158540,0,                       0,158540,158540,0,                       0,158540
12870,158539,0,                       0,158541,158541,0,                       0,158539
12871,158538,0,                       0,158542,158542,0,                       0,158538
12872,158539,0,                       0,158541,158541,0,                       0,158539
12873,158540,0,                       0,158540,158540,0,                       0,158540
12874,158539,0,                       0,158541,158541,0,                       0,158539
12875,158540,0,                       0,158540,158540,0,                       0,158540
12876,158539,0,                       0,158541,158541,0,                       0,158539
12877,158538,0,                       0,158542,158542,0,                       0,158538
12878,158539,0,                       0,158541,158541,0,                       0,158539
12879,158540,0,                       0,158540,158540,0,                       0,158540
12880,158541,0,                       0,158539,158539,0,                       0,158541
12881,158540,0,                       0,158540,158540,0,                       0,158540
12882,158539,0,                       0,158541,158541,0,                       0,158539
12883,158538,0,                       0,158542,158542,0,                       0,158538
12884,158539,0,                       0,158541,158541,0,                       0,158539
12885,158540,0,                       0,158540,158540,0,                       0,158540
12886,158539,0,                       0,158541,158541,0,                       0,158539
12887,158538,0,                       0,158542,158542,0,                       0,158538
12888,158539,0,                       0,158541,158541,0,                       0,158539
12889,158540,0,                       0,158540,158540,0,                       0,158540
12890,158539,0,                       0,158541,158541,0,                       0,158539
12891,158540,0,                       0,158540,158540,0,                       0,158540
12892,158539,0,                       0,158541,158541,0,                       0,158539
12893,158540,0,                       0,158540,158540,0,                       0,158540
12894,158539,0,                       0,158541,158541,0,                       0,158539
12895,158540,0,                       0,158540,158540,0,                       0,158540
12896,158541,0,                       0,158539,158539,0,                       0,158541
12897,158542,0,                       0,158538,158538,0,                       0,158542
12898,158541,0,                       0,158539,158539,0,                       0,158541
12899,158540,0,                       0,158540,158540,0,                       0,158540
12900,158541,0,                       0,158539,158539,0,                       0,158541
12901,158542,0,                       0,158538,158538,0,                       0,158542
12902,158541,0,                       0,158539,158539,0,                       0,158541
12903,158540,0,                       0,158540,158540,0,                       0,158540
12904,158541,0,                       0,158539,158539,0,                       0,158541
12905,158540,0,                       0,158540,158540,0,                       0,158540
12906,158541,0,                       0,158539,158539,0,                       0,158541
12907,158540,0,                       0,158540,158540,0,                       0,158540
12908,158541,0,                       0,158539,158539,0,                       0,158541
12909,158540,0,                       0,158540,158540,0,                       0,158540
12910,158541,0,                       0,158539,158539,0,                       0,158541
12911,158542,0,                       0,158538,158538,0,                       0,158542
12912,158541,0,                       0,158539,158539,0,                       0,158541
12913,158542,0,                       0,158538,158538,0,                       0,158542
12914,158541,0,                       0,158539,158539,0,                       0,158541
12915,158542,0,                       0,158538,158538,0,                       0,158542
12916,158543,0,                       0,158537,158537,0,                       0,158543
12917,158542,0,                       0,158538,158538,0,                       0,158542
12918,158541,0,                       0,158539,158539,0,                       0,158541
12919,158542,0,                       0,158538,158538,0,                       0,158542
12920,158541,0,                       0,158539,158539,0,                       0,158541
12921,158540,0,                       0,158540,158540,0,                       0,158540
12922,158541,0,                       0,158539,158539,0,                       0,158541
12923,158542,0,                       0,158538,158538,0,                       0,158542
12924,158541,0,                       0,158539,158539,0,                       0,158541
12925,158540,0,                       0,158540,158540,0,                       0,158540
12926,158541,0,                       0,158539,158539,0,                       0,158541
12927,158542,0,                       0,158538,158538,0,                       0,158542
12928,158541,0,                       0,158539,158539,0,                       0,158541
12929,158542,0,                       0,158538,158538,0,                       0,158542
12930,158543,0,                       0,158537,158537,0,                       0,158543
12931,158542,0,                       0,158538,158538,0,                       0,158542
12932,158541,0,                       0,158539,158539,0,                       0,158541
12933,158540,0,                       0,158540,158540,0,                       0,158540
12934,158539,0,                       0,158541,158541,0,                       0,158539
12935,158540,0,                       0,158540,158540,0,                       0,158540
12936,158541,0,                       0,158539,158539,0,                       0,158541
12937,158542,0,                       0,158538,158538,0,                       0,158542
12938,158541,0,                       0,158539,158539,0,                       0,158541
12939,158540,0,                       0,158540,158540,0,                       0,158540
12940,158539,0,                       0,158541,158541,0,                       0,158539
12941,158538,0,                       0,158542,158542,0,                       0,158538
12942,158539,0,                       0,158541,158541,0,                       0,158539
12943,158538,0,                       0,158542,158542,0,                       0,158538
12944,158539,0,                       0,158541,158541,0,                       0,158539
12945,158540,0,                       0,158540,158540,0,                       0,158540
12946,158541,0,                       0,158539,158539,0,                       0,158541
12947,158540,0,                       0,158540,158540,0,                       0,158540
12948,158541,0,                       0,158539,158539,0,                       0,158541
12949,158540,0,                       0,158540,158540,0,                       0,158540
12950,158541,0,                       0,158539,158539,0,                       0,158541
12951,158540,0,                       0,158540,158540,0,                       0,158540
12952,158541,0,                       0,158539,158539,0,                       0,158541
12953,158540,0,                       0,158540,158540,0,                       0,158540
12954,158539,0,                       0,158541,158541,0,                       0,158539
12955,158540,0,                       0,158540,158540,0,                       0,158540
12956,158541,0,                       0,158539,158539,0,                       0,158541
12957,158540,0,                       0,158540,158540,0,                       0,158540
12958,158541,0,                       0,158539,158539,0,                       0,158541
12959,158540,0,                       0,158540,158540,0,                       0,158540
12960,158539,0,                       0,158541,158541,0,                       0,158539
12961,158538,0,                       0,158542,158542,0,                       0,158538
12962,158539,0,                       0,158541,158541,0,                       0,158539
12963,158540,0,                       0,158540,158540,0,                       0,158540
12964,158541,0,                       0,158539,158539,0,                       0,158541
12965,158540,0,                       0,158540,158540,0,                       0,158540
12966,158539,0,                       0,158541,158541,0,                       0,158539
12967,158540,0,                       0,158540,158540,0,                       0,158540
12968,158541,0,                       0,158539,158539,0,                       0,158541
12969,158540,0,                       0,158540,158540,0,                       0,158540
12970,158541,0,                       0,158539,158539,0,                       0,158541
12971,158540,0,                       0,158540,158540,0,                       0,158540
12972,158539,0,                       0,158541,158541,0,                       0,158539
12973,158540,0,                       0,158540,158540,0,                       0,158540
12974,158539,0,                       0,158541,158541,0,                       0,158539
12975,158538,0,                       0,158542,158542,0,                       0,158538
12976,158539,0,                       0,158541,158541,0,                       0,158539
12977,158540,0,                       0,158540,158540,0,                       0,158540
12978,158541,0,                       0,158539,158539,0,                       0,158541
12979,158542,0,                       0,158538,158538,0,                       0,158542
12980,158541,0,                       0,158539,158539,0,                       0,158541
12981,158540,0,                       0,158540,158540,0,                       0,158540
12982,158541,0,                       0,158539,158539,0,                       0,158541
12983,158540,0,                       0,158540,158540,0,                       0,158540
12984,158539,0,                       0,158541,158541,0,                       0,158539
12985,158540,0,                       0,158540,158540,0,                       0,158540
12986,158539,0,                       0,158541,158541,0,                       0,158539
12987,158540,0,                       0,158540,158540,0,                       0,158540
12988,158541,0,                       0,158539,158539,0,                       0,158541
12989,158540,0,                       0,158540,158540,0,                       0,158540
12990,158541,0,                       0,158539,158539,0,                       0,158541
12991,158540,0,                       0,158540,158540,0,                       0,158540
12992,158539,0,                       0,158541,158541,0,                       0,158539
12993,158540,0,                       0,158540,158540,0,                       0,158540
12994,158541,0,                       0,158539,158539,0,                       0,158541
12995,158540,0,                       0,158540,158540,0,                       0,158540
12996,158539,0,                       0,158541,158541,0,                       0,158539
12997,158540,0,                       0,158540,158540,0,                       0,158540
12998,158541,0,                       0,158539,158539,0,                       0,158541
12999,158540,0,                       0,158540,158540,0,                       0,158540
13000,158541,0,                       0,158539,158539,0,                       0,158541
13001,158540,0,                       0,158540,158540,0,                       0,158540
13002,158539,0,                       0,158541,158541,0,                       0,158539
13003,158540,0,                       0,158540,158540,0,                       0,158540
13004,158541,0,                       0,158539,158539,0,                       0,158541
13005,158542,0,                       0,158538,158538,0,                       0,158542
13006,158541,0,                       0,158539,158539,0,                       0,158541
13007,158540,0,                       0,158540,158540,0,                       0,158540
13008,158541,0,                       0,158539,158539,0,                       0,158541
13009,158540,0,                       0,158540,158540,0,                       0,158540
13010,158541,0,                       0,158539,158539,0,                       0,158541
13011,158540,0,                       0,158540,158540,0,                       0,158540
13012,158539,0,                       0,158541,158541,0,                       0,158539
13013,158540,0,                       0,158540,158540,0,                       0,158540
13014,158541,0,                       0,158539,158539,0,                       0,158541
13015,158540,0,                       0,158540,158540,0,                       0,158540
13016,158539,0,                       0,158541,158541,0,                       0,158539
13017,158538,0,                       0,158542,158542,0,                       0,158538
13018,158539,0,                       0,158541,158541,0,                       0,158539
13019,158538,0,                       0,158542,158542,0,                       0,158538
13020,158539,0,                       0,158541,158541,0,                       0,158539
13021,158538,0,                       0,158542,158542,0,                       0,158538
13022,158539,0,                       0,158541,158541,0,                       0,158539
13023,158540,0,                       0,158540,158540,0,                       0,158540
13024,158539,0,                       0,158541,158541,0,                       0,158539
13025,158538,0,                       0,158542,158542,0,                       0,158538
13026,158539,0,                       0,158541,158541,0,                       0,158539
13027,158540,0,                       0,158540,158540,0,                       0,158540
13028,158541,0,                       0,158539,158539,0,                       0,158541
13029,158540,0,                       0,158540,158540,0,                       0,158540
13030,158541,0,                       0,158539,158539,0,                       0,158541
13031,158540,0,                       0,158540,158540,0,                       0,158540
13032,158541,0,                       0,158539,158539,0,                       0,158541
13033,158542,0,                       0,158538,158538,0,                       0,158542
13034,158541,0,                       0,158539,158539,0,                       0,158541
13035,158540,0,                       0,158540,158540,0,                       0,158540
13036,158541,0,                       0,158539,158539,0,                       0,158541
13037,158542,0,                       0,158538,158538,0,                       0,158542
13038,158543,0,                       0,158537,158537,0,                       0,158543
13039,158542,0,                       0,158538,158538,0,                       0,158542
13040,158541,0,                       0,158539,158539,0,                       0,158541
13041,158540,0,                       0,158540,158540,0,                       0,158540
13042,158541,0,                       0,158539,158539,0,                       0,158541
13043,158540,0,                       0,158540,158540,0,                       0,158540
13044,158539,0,                       0,158541,158541,0,                       0,158539
13045,158540,0,                       0,158540,158540,0,                       0,158540
13046,158539,0,                       0,158541,158541,0,                       0,158539
13047,158538,0,                       0,158542,158542,0,                       0,158538
13048,158539,0,                       0,158541,158541,0,                       0,158539
13049,158540,0,                       0,158540,158540,0,                       0,158540
13050,158539,0,                       0,158541,158541,0,                       0,158539
13051,158540,0,                       0,158540,158540,0,                       0,158540
13052,158541,0,                       0,158539,158539,0,                       0,158541
13053,158540,0,                       0,158540,158540,0,                       0,158540
13054,158541,0,                       0,158539,158539,0,                       0,158541
13055,158540,0,                       0,158540,158540,0,                       0,158540
13056,158541,0,                       0,158539,158539,0,                       0,158541
13057,158540,0,                       0,158540,158540,0,                       0,158540
13058,158541,0,                       0,158539,158539,0,                       0,158541
13059,158540,0,                       0,158540,158540,0,                       0,158540
13060,158539,0,                       0,158541,158541,0,                       0,158539
13061,158540,0,                       0,158540,158540,0,                       0,158540
13062,158541,0,                       0,158539,158539,0,                       0,158541
13063,158540,0,                       0,158540,158540,0,                       0,158540
13064,158539,0,                       0,158541,158541,0,                       0,158539
13065,158540,0,                       0,158540,158540,0,                       0,158540
13066,158541,0,                       0,158539,158539,0,                       0,158541
13067,158542,0,                       0,158538,158538,0,                       0,158542
13068,158541,0,                       0,158539,158539,0,                       0,158541
13069,158540,0,                       0,158540,158540,0,                       0,158540
13070,158541,0,                       0,158539,158539,0,                       0,158541
13071,158542,0,                       0,158538,158538,0,                       0,158542
13072,158541,0,                       0,158539,158539,0,                       0,158541
13073,158542,0,                       0,158538,158538,0,                       0,158542
13074,158543,0,                       0,158537,158537,0,                       0,158543
13075,158542,0,                       0,158538,158538,0,                       0,158542
13076,158541,0,                       0,158539,158539,0,                       0,158541
13077,158542,0,                       0,158538,158538,0,                       0,158542
13078,158543,0,                       0,158537,158537,0,                       0,158543
13079,158542,0,                       0,158538,158538,0,                       0,158542
13080,158541,0,                       0,158539,158539,0,                       0,158541
13081,158540,0,                       0,158540,158540,0,                       0,158540
13082,158539,0,                       0,158541,158541,0,                       0,158539
13083,158540,0,                       0,158540,158540,0,                       0,158540
13084,158541,0,                       0,158539,158539,0,                       0,158541
13085,158542,0,                       0,158538,158538,0,                       0,158542
13086,158541,0,                       0,158539,158539,0,                       0,158541
13087,158542,0,                       0,158538,158538,0,                       0,158542
13088,158541,0,                       0,158539,158539,0,                       0,158541
13089,158542,0,                       0,158538,158538,0,                       0,158542
13090,158541,0,                       0,158539,158539,0,                       0,158541
13091,158540,0,                       0,158540,158540,0,                       0,158540
13092,158539,0,                       0,158541,158541,0,                       0,158539
13093,158540,0,                       0,158540,158540,0,                       0,158540
13094,158541,0,                       0,158539,158539,0,                       0,158541
13095,158540,0,                       0,158540,158540,0,                       0,158540
13096,158539,0,                       0,158541,158541,0,                       0,158539
13097,158540,0,                       0,158540,158540,0,                       0,158540
13098,158539,0,                       0,158541,158541,0,                       0,158539
13099,158540,0,                       0,158540,158540,0,                       0,158540
13100,158541,0,                       0,158539,158539,0,                       0,158541
13101,158540,0,                       0,158540,158540,0,                       0,158540
13102,158541,0,                       0,158539,158539,0,                       0,158541
13103,158540,0,                       0,158540,158540,0,                       0,158540
13104,158541,0,                       0,158539,158539,0,                       0,158541
13105,158542,0,                       0,158538,158538,0,                       0,158542
13106,158541,0,                       0,158539,158539,0,                       0,158541
13107,158540,0,                       0,158540,158540,0,                       0,158540
13108,158539,0,                       0,158541,158541,0,                       0,158539
13109,158538,0,                       0,158542,158542,0,                       0,158538
13110,158539,0,                       0,158541,158541,0,                       0,158539
13111,158538,0,                       0,158542,158542,0,                       0,158538
13112,158539,0,                       0,158541,158541,0,                       0,158539
13113,158540,0,                       0,158540,158540,0,                       0,158540
13114,158539,0,                       0,158541,158541,0,                       0,158539
13115,158540,0,                       0,158540,158540,0,                       0,158540
13116,158539,0,                       0,158541,158541,0,                       0,158539
13117,158540,0,                       0,158540,158540,0,                       0,158540
13118,158541,0,                       0,158539,158539,0,                       0,158541
13119,158540,0,                       0,158540,158540,0,                       0,158540
13120,158541,0,                       0,158539,158539,0,                       0,158541
13121,158542,0,                       0,158538,158538,0,                       0,158542
13122,158541,0,                       0,158539,158539,0,                       0,158541
13123,158540,0,                       0,158540,158540,0,                       0,158540
13124,158539,0,                       0,158541,158541,0,                       0,158539
13125,158538,0,                       0,158542,158542,0,                       0,158538
13126,158539,0,                       0,158541,158541,0,                       0,158539
13127,158540,0,                       0,158540,158540,0,                       0,158540
13128,158541,0,                       0,158539,158539,0,                       0,158541
13129,158540,0,                       0,158540,158540,0,                       0,158540
13130,158539,0,                       0,158541,158541,0,                       0,158539
13131,158538,0,                       0,158542,158542,0,                       0,158538
13132,158539,0,                       0,158541,158541,0,                       0,158539
13133,158538,0,                       0,158542,158542,0,                       0,158538
13134,158537,0,                       0,158543,158543,0,                       0,158537
13135,158538,0,                       0,158542,158542,0,                       0,158538
13136,158537,0,                       0,158543,158543,0,                       0,158537
13137,158538,0,                       0,158542,158542,0,                       0,158538
13138,158539,0,                       0,158541,158541,0,                       0,158539
13139,158540,0,                       0,158540,158540,0,                       0,158540
13140,158539,0,                       0,158541,158541,0,                       0,158539
13141,158540,0,                       0,158540,158540,0,                       0,158540
13142,158539,0,                       0,158541,158541,0,                       0,158539
13143,158540,0,                       0,158540,158540,0,                       0,158540
13144,158539,0,                       0,158541,158541,0,                       0,158539
13145,158540,0,                       0,158540,158540,0,                       0,158540
13146,158541,0,                       0,158539,158539,0,                       0,158541
13147,158542,0,                       0,158538,158538,0,                       0,158542
13148,158541,0,                       0,158539,158539,0,                       0,158541
13149,158540,0,                       0,158540,158540,0,                       0,158540
13150,158539,0,                       0,158541,158541,0,                       0,158539
13151,158540,0,                       0,158540,158540,0,                       0,158540
13152,158539,0,                       0,158541,158541,0,                       0,158539
13153,158540,0,                       0,158540,158540,0,                       0,158540
13154,158539,0,                       0,158541,158541,0,                       0,158539
13155,158540,0,                       0,158540,158540,0,                       0,158540
13156,158539,0,                       0,158541,158541,0,                       0,158539
13157,158538,0,                       0,158542,158542,0,                       0,158538
13158,158537,0,                       0,158543,158543,0,                       0,158537
13159,158538,0,                       0,158542,158542,0,                       0,158538
13160,158539,0,                       0,158541,158541,0,                       0,158539
13161,158540,0,                       0,158540,158540,0,                       0,158540
13162,158539,0,                       0,158541,158541,0,                       0,158539
13163,158540,0,                       0,158540,158540,0,                       0,158540
13164,158539,0,                       0,158541,158541,0,                       0,158539
13165,158540,0,                       0,158540,158540,0,                       0,158540
13166,158541,0,                       0,158539,158539,0,                       0,158541
13167,158540,0,                       0,158540,158540,0,                       0,158540
13168,158541,0,                       0,158539,158539,0,                       0,158541
13169,158540,0,                       0,158540,158540,0,                       0,158540
13170,158541,0,                       0,158539,158539,0,                       0,158541
13171,158540,0,                       0,158540,158540,0,                       0,158540
13172,158539,0,                       0,158541,158541,0,                       0,158539
13173,158538,0,                       0,158542,158542,0,                       0,158538
13174,158539,0,                       0,158541,158541,0,                       0,158539
13175,158540,0,                       0,158540,158540,0,                       0,158540
13176,158541,0,                       0,158539,158539,0,                       0,158541
13177,158542,0,                       0,158538,158538,0,                       0,158542
13178,158541,0,                       0,158539,158539,0,                       0,158541
13179,158540,0,                       0,158540,158540,0,                       0,158540
13180,158541,0,                       0,158539,158539,0,                       0,158541
13181,158540,0,                       0,158540,158540,0,                       0,158540
13182,158541,0,                       0,158539,158539,0,                       0,158541
13183,158540,0,                       0,158540,158540,0,                       0,158540
13184,158539,0,                       0,158541,158541,0,                       0,158539
13185,158538,0,                       0,158542,158542,0,                       0,158538
13186,158539,0,                       0,158541,158541,0,                       0,158539
13187,158540,0,                       0,158540,158540,0,                       0,158540
13188,158541,0,                       0,158539,158539,0,                       0,158541
13189,158540,0,                       0,158540,158540,0,                       0,158540
13190,158539,0,                       0,158541,158541,0,                       0,158539
13191,158540,0,                       0,158540,158540,0,                       0,158540
13192,158539,0,                       0,158541,158541,0,                       0,158539
13193,158538,0,                       0,158542,158542,0,                       0,158538
13194,158539,0,                       0,158541,158541,0,                       0,158539
13195,158540,0,                       0,158540,158540,0,                       0,158540
13196,158539,0,                       0,158541,158541,0,                       0,158539
13197,158540,0,                       0,158540,158540,0,                       0,158540
13198,158539,0,                       0,158541,158541,0,                       0,158539
13199,158538,0,                       0,158542,158542,0,                       0,158538
13200,158537,0,                       0,158543,158543,0,                       0,158537
13201,158536,0,                       0,158544,158544,0,                       0,158536
13202,158537,0,                       0,158543,158543,0,                       0,158537
13203,158538,0,                       0,158542,158542,0,                       0,158538
13204,158539,0,                       0,158541,158541,0,                       0,158539
13205,158538,0,                       0,158542,158542,0,                       0,158538
13206,158539,0,                       0,158541,158541,0,                       0,158539
13207,158540,0,                       0,158540,158540,0,                       0,158540
13208,158539,0,                       0,158541,158541,0,                       0,158539
13209,158538,0,                       0,158542,158542,0,                       0,158538
13210,158539,0,                       0,158541,158541,0,                       0,158539
13211,158540,0,                       0,158540,158540,0,                       0,158540
13212,158539,0,                       0,158541,158541,0,                       0,158539
13213,158540,0,                       0,158540,158540,0,                       0,158540
13214,158539,0,                       0,158541,158541,0,                       0,158539
13215,158540,0,                       0,158540,158540,0,                       0,158540
13216,158541,0,                       0,158539,158539,0,                       0,158541
13217,158540,0,                       0,158540,158540,0,                       0,158540
13218,158541,0,                       0,158539,158539,0,                       0,158541
13219,158540,0,                       0,158540,158540,0,                       0,158540
13220,158541,0,                       0,158539,158539,0,                       0,158541
13221,158542,0,                       0,158538,158538,0,                       0,158542
13222,158541,0,                       0,158539,158539,0,                       0,158541
13223,158540,0,                       0,158540,158540,0,                       0,158540
13224,158541,0,                       0,158539,158539,0,                       0,158541
13225,158542,0,                       0,158538,158538,0,                       0,158542
13226,158541,0,                       0,158539,158539,0,                       0,158541
13227,158540,0,                       0,158540,158540,0,                       0,158540
13228,158539,0,                       0,158541,158541,0,                       0,158539
13229,158540,0,                       0,158540,158540,0,                       0,158540
13230,158541,0,                       0,158539,158539,0,                       0,158541
13231,158540,0,                       0,158540,158540,0,                       0,158540
13232,158539,0,                       0,158541,158541,0,                       0,158539
13233,158538,0,                       0,158542,158542,0,                       0,158538
13234,158539,0,                       0,158541,158541,0,                       0,158539
13235,158538,0,                       0,158542,158542,0,                       0,158538
13236,158539,0,                       0,158541,158541,0,                       0,158539
13237,158538,0,                       0,158542,158542,0,                       0,158538
13238,158539,0,                       0,158541,158541,0,                       0,158539
13239,158540,0,                       0,158540,158540,0,                       0,158540
13240,158539,0,                       0,158541,158541,0,                       0,158539
13241,158538,0,                       0,158542,158542,0,                       0,158538
13242,158539,0,                       0,158541,158541,0,                       0,158539
13243,158538,0,                       0,158542,158542,0,                       0,158538
13244,158539,0,                       0,158541,158541,0,                       0,158539
13245,158538,0,                       0,158542,158542,0,                       0,158538
13246,158539,0,                       0,158541,158541,0,                       0,158539
13247,158538,0,                       0,158542,158542,0,                       0,158538
13248,158539,0,                       0,158541,158541,0,                       0,158539
13249,158540,0,                       0,158540,158540,0,                       0,158540
13250,158541,0,                       0,158539,158539,0,                       0,158541
13251,158540,0,                       0,158540,158540,0,                       0,158540
13252,158541,0,                       0,158539,158539,0,                       0,158541
13253,158540,0,                       0,158540,158540,0,                       0,158540
13254,158541,0,                       0,158539,158539,0,                       0,158541
13255,158540,0,                       0,158540,158540,0,                       0,158540
13256,158541,0,                       0,158539,158539,0,                       0,158541
13257,158540,0,                       0,158540,158540,0,                       0,158540
13258,158541,0,                       0,158539,158539,0,                       0,158541
13259,158540,0,                       0,158540,158540,0,                       0,158540
13260,158541,0,                       0,158539,158539,0,                       0,158541
13261,158540,0,                       0,158540,158540,0,                       0,158540
13262,158541,0,                       0,158539,158539,0,                       0,158541
13263,158540,0,                       0,158540,158540,0,                       0,158540
13264,158539,0,                       0,158541,158541,0,                       0,158539
13265,158540,0,                       0,158540,158540,0,                       0,158540
13266,158539,0,                       0,158541,158541,0,                       0,158539
13267,158538,0,                       0,158542,158542,0,                       0,158538
13268,158539,0,                       0,158541,158541,0,                       0,158539
13269,158538,0,                       0,158542,158542,0,                       0,158538
13270,158539,0,                       0,158541,158541,0,                       0,158539
13271,158540,0,                       0,158540,158540,0,                       0,158540
13272,158539,0,                       0,158541,158541,0,                       0,158539
13273,158540,0,                       0,158540,158540,0,                       0,158540
13274,158541,0,                       0,158539,158539,0,                       0,158541
13275,158540,0,                       0,158540,158540,0,                       0,158540
13276,158539,0,                       0,158541,158541,0,                       0,158539
13277,158540,0,                       0,158540,158540,0,                       0,158540
13278,158539,0,                       0,158541,158541,0,                       0,158539
13279,158540,0,                       0,158540,158540,0,                       0,158540
13280,158539,0,                       0,158541,158541,0,                       0,158539
13281,158538,0,                       0,158542,158542,0,                       0,158538
13282,158539,0,                       0,158541,158541,0,                       0,158539
13283,158540,0,                       0,158540,158540,0,                       0,158540
13284,158539,0,                       0,158541,158541,0,                       0,158539
13285,158540,0,                       0,158540,158540,0,                       0,158540
13286,158539,0,                       0,158541,158541,0,                       0,158539
13287,158540,0,                       0,158540,158540,0,                       0,158540
13288,158539,0,                       0,158541,158541,0,                       0,158539
13289,158540,0,                       0,158540,158540,0,                       0,158540
13290,158539,0,                       0,158541,158541,0,                       0,158539
13291,158538,0,                       0,158542,158542,0,                       0,158538
13292,158539,0,                       0,158541,158541,0,                       0,158539
13293,158540,0,                       0,158540,158540,0,                       0,158540
13294,158539,0,                       0,158541,158541,0,                       0,158539
13295,158540,0,                       0,158540,158540,0,                       0,158540
13296,158539,0,                       0,158541,158541,0,                       0,158539
13297,158540,0,                       0,158540,158540,0,                       0,158540
13298,158541,0,                       0,158539,158539,0,                       0,158541
13299,158542,0,                       0,158538,158538,0,                       0,158542
13300,158543,0,                       0,158537,158537,0,                       0,158543
13301,158542,0,                       0,158538,158538,0,                       0,158542
13302,158541,0,                       0,158539,158539,0,                       0,158541
13303,158540,0,                       0,158540,158540,0,                       0,158540
13304,158539,0,                       0,158541,158541,0,                       0,158539
13305,158540,0,                       0,158540,158540,0,                       0,158540
13306,158539,0,                       0,158541,158541,0,                       0,158539
13307,158538,0,                       0,158542,158542,0,                       0,158538
13308,158537,0,                       0,158543,158543,0,                       0,158537
13309,158538,0,                       0,158542,158542,0,                       0,158538
13310,158539,0,                       0,158541,158541,0,                       0,158539
13311,158540,0,                       0,158540,158540,0,                       0,158540
13312,158541,0,                       0,158539,158539,0,                       0,158541
13313,158542,0,                       0,158538,158538,0,                       0,158542
13314,158541,0,                       0,158539,158539,0,                       0,158541
13315,158540,0,                       0,158540,158540,0,                       0,158540
13316,158539,0,                       0,158541,158541,0,                       0,158539
13317,158540,0,                       0,158540,158540,0,                       0,158540
13318,158541,0,                       0,158539,158539,0,                       0,158541
13319,158542,0,                       0,158538,158538,0,                       0,158542
13320,158541,0,                       0,158539,158539,0,                       0,158541
13321,158540,0,                       0,158540,158540,0,                       0,158540
13322,158541,0,                       0,158539,158539,0,                       0,158541
13323,158540,0,                       0,158540,158540,0,                       0,158540
13324,158541,0,                       0,158539,158539,0,                       0,158541
13325,158542,0,                       0,158538,158538,0,                       0,158542
13326,158543,0,                       0,158537,158537,0,                       0,158543
13327,158542,0,                       0,158538,158538,0,                       0,158542
13328,158541,0,                       0,158539,158539,0,                       0,158541
13329,158540,0,                       0,158540,158540,0,                       0,158540
13330,158539,0,                       0,158541,158541,0,                       0,158539
13331,158538,0,                       0,158542,158542,0,                       0,158538
13332,158539,0,                       0,158541,158541,0,                       0,158539
13333,158538,0,                       0,158542,158542,0,                       0,158538
13334,158539,0,                       0,158541,158541,0,                       0,158539
13335,158540,0,                       0,158540,158540,0,                       0,158540
13336,158539,0,                       0,158541,158541,0,                       0,158539
13337,158538,0,                       0,158542,158542,0,                       0,158538
13338,158539,0,                       0,158541,158541,0,                       0,158539
13339,158538,0,                       0,158542,158542,0,                       0,158538
13340,158539,0,                       0,158541,158541,0,                       0,158539
13341,158540,0,                       0,158540,158540,0,                       0,158540
13342,158539,0,                       0,158541,158541,0,                       0,158539
13343,158540,0,                       0,158540,158540,0,                       0,158540
13344,158539,0,                       0,158541,158541,0,                       0,158539
13345,158540,0,                       0,158540,158540,0,                       0,158540
13346,158539,0,                       0,158541,158541,0,                       0,158539
13347,158540,0,                       0,158540,158540,0,                       0,158540
13348,158539,0,                       0,158541,158541,0,                       0,158539
13349,158540,0,                       0,158540,158540,0,                       0,158540
13350,158539,0,                       0,158541,158541,0,                       0,158539
13351,158538,0,                       0,158542,158542,0,                       0,158538
13352,158539,0,                       0,158541,158541,0,                       0,158539
13353,158540,0,                       0,158540,158540,0,                       0,158540
13354,158541,0,                       0,158539,158539,0,                       0,158541
13355,158540,0,                       0,158540,158540,0,                       0,158540
13356,158539,0,                       0,158541,158541,0,                       0,158539
13357,158540,0,                       0,158540,158540,0,                       0,158540
13358,158539,0,                       0,158541,158541,0,                       0,158539
13359,158538,0,                       0,158542,158542,0,                       0,158538
13360,158539,0,                       0,158541,158541,0,                       0,158539
13361,158540,0,                       0,158540,158540,0,                       0,158540
13362,158541,0,                       0,158539,158539,0,                       0,158541
13363,158540,0,                       0,158540,158540,0,                       0,158540
13364,158541,0,                       0,158539,158539,0,                       0,158541
13365,158540,0,                       0,158540,158540,0,                       0,158540
13366,158541,0,                       0,158539,158539,0,                       0,158541
13367,158542,0,                       0,158538,158538,0,                       0,158542
13368,158541,0,                       0,158539,158539,0,                       0,158541
13369,158540,0,                       0,158540,158540,0,                       0,158540
13370,158541,0,                       0,158539,158539,0,                       0,158541
13371,158540,0,                       0,158540,158540,0,                       0,158540
13372,158539,0,                       0,158541,158541,0,                       0,158539
13373,158540,0,                       0,158540,158540,0,                       0,158540
13374,158539,0,                       0,158541,158541,0,                       0,158539
13375,158540,0,                       0,158540,158540,0,                       0,158540
13376,158539,0,                       0,158541,158541,0,                       0,158539
13377,158540,0,                       0,158540,158540,0,                       0,158540
13378,158541,0,                       0,158539,158539,0,                       0,158541
13379,158540,0,                       0,158540,158540,0,                       0,158540
13380,158541,0,                       0,158539,158539,0,                       0,158541
13381,158540,0,                       0,158540,158540,0,                       0,158540
13382,158539,0,                       0,158541,158541,0,                       0,158539
13383,158540,0,                       0,158540,158540,0,                       0,158540
13384,158539,0,                       0,158541,158541,0,                       0,158539
13385,158538,0,                       0,158542,158542,0,                       0,158538
13386,158539,0,                       0,158541,158541,0,                       0,158539
13387,158540,0,                       0,158540,158540,0,                       0,158540
13388,158539,0,                       0,158541,158541,0,                       0,158539
13389,158540,0,                       0,158540,158540,0,                       0,158540
13390,158541,0,                       0,158539,158539,0,                       0,158541
13391,158540,0,                       0,158540,158540,0,                       0,158540
13392,158541,0,                       0,158539,158539,0,                       0,158541
13393,158540,0,                       0,158540,158540,0,                       0,158540
13394,158539,0,                       0,158541,158541,0,                       0,158539
13395,158540,0,                       0,158540,158540,0,                       0,158540
13396,158539,0,                       0,158541,158541,0,                       0,158539
13397,158538,0,                       0,158542,158542,0,                       0,158538
13398,158539,0,                       0,158541,158541,0,                       0,158539
13399,158540,0,                       0,158540,158540,0,                       0,158540
13400,158539,0,                       0,158541,158541,0,                       0,158539
13401,158538,0,                       0,158542,158542,0,                       0,158538
13402,158539,0,                       0,158541,158541,0,                       0,158539
13403,158538,0,                       0,158542,158542,0,                       0,158538
13404,158539,0,                       0,158541,158541,0,                       0,158539
13405,158540,0,                       0,158540,158540,0,                       0,158540
13406,158539,0,                       0,158541,158541,0,                       0,158539
13407,158538,0,                       0,158542,158542,0,                       0,158538
13408,158539,0,                       0,158541,158541,0,                       0,158539
13409,158540,0,                       0,158540,158540,0,                       0,158540
13410,158539,0,                       0,158541,158541,0,                       0,158539
13411,158540,0,                       0,158540,158540,0,                       0,158540
13412,158541,0,                       0,158539,158539,0,                       0,158541
13413,158540,0,                       0,158540,158540,0,                       0,158540
13414,158541,0,                       0,158539,158539,0,                       0,158541
13415,158540,0,                       0,158540,158540,0,                       0,158540
13416,158541,0,                       0,158539,158539,0,                       0,158541
13417,158542,0,                       0,158538,158538,0,                       0,158542
13418,158543,0,                       0,158537,158537,0,                       0,158543
13419,158542,0,                       0,158538,158538,0,                       0,158542
13420,158541,0,                       0,158539,158539,0,                       0,158541
13421,158540,0,                       0,158540,158540,0,                       0,158540
13422,158539,0,                       0,158541,158541,0,                       0,158539
13423,158540,0,                       0,158540,158540,0,                       0,158540
13424,158541,0,                       0,158539,158539,0,                       0,158541
13425,158542,0,                       0,158538,158538,0,                       0,158542
13426,158541,0,                       0,158539,158539,0,                       0,158541
13427,158542,0,                       0,158538,158538,0,                       0,158542
13428,158541,0,                       0,158539,158539,0,                       0,158541
13429,158540,0,                       0,158540,158540,0,                       0,158540
13430,158541,0,                       0,158539,158539,0,                       0,158541
13431,158540,0,                       0,158540,158540,0,                       0,158540
13432,158541,0,                       0,158539,158539,0,                       0,158541
13433,158542,0,                       0,158538,158538,0,                       0,158542
13434,158541,0,                       0,158539,158539,0,                       0,158541
13435,158542,0,                       0,158538,158538,0,                       0,158542
13436,158541,0,                       0,158539,158539,0,                       0,158541
13437,158540,0,                       0,158540,158540,0,                       0,158540
13438,158539,0,                       0,158541,158541,0,                       0,158539
13439,158540,0,                       0,158540,158540,0,                       0,158540
13440,158541,0,                       0,158539,158539,0,                       0,158541
13441,158540,0,                       0,158540,158540,0,                       0,158540
13442,158539,0,                       0,158541,158541,0,                       0,158539
13443,158538,0,                       0,158542,158542,0,                       0,158538
13444,158539,0,                       0,158541,158541,0,                       0,158539
13445,158540,0,                       0,158540,158540,0,                       0,158540
13446,158541,0,                       0,158539,158539,0,                       0,158541
13447,158542,0,                       0,158538,158538,0,                       0,158542
13448,158541,0,                       0,158539,158539,0,                       0,158541
13449,158540,0,                       0,158540,158540,0,                       0,158540
13450,158541,0,                       0,158539,158539,0,                       0,158541
13451,158540,0,                       0,158540,158540,0,                       0,158540
13452,158539,0,                       0,158541,158541,0,                       0,158539
13453,158540,0,                       0,158540,158540,0,                       0,158540
13454,158541,0,                       0,158539,158539,0,                       0,158541
13455,158542,0,                       0,158538,158538,0,                       0,158542
13456,158543,0,                       0,158537,158537,0,                       0,158543
13457,158542,0,                       0,158538,158538,0,                       0,158542
13458,158541,0,                       0,158539,158539,0,                       0,158541
13459,158540,0,                       0,158540,158540,0,                       0,158540
13460,158541,0,                       0,158539,158539,0,                       0,158541
13461,158540,0,                       0,158540,158540,0,                       0,158540
13462,158541,0,                       0,158539,158539,0,                       0,158541
13463,158540,0,                       0,158540,158540,0,                       0,158540
13464,158539,0,                       0,158541,158541,0,                       0,158539
13465,158540,0,                       0,158540,158540,0,                       0,158540
13466,158539,0,                       0,158541,158541,0,                       0,158539
13467,158540,0,                       0,158540,158540,0,                       0,158540
13468,158541,0,                       0,158539,158539,0,                       0,158541
13469,158540,0,                       0,158540,158540,0,                       0,158540
13470,158539,0,                       0,158541,158541,0,                       0,158539
13471,158538,0,                       0,158542,158542,0,                       0,158538
13472,158539,0,                       0,158541,158541,0,                       0,158539
13473,158540,0,                       0,158540,158540,0,                       0,158540
13474,158541,0,                       0,158539,158539,0,                       0,158541
13475,158540,0,                       0,158540,158540,0,                       0,158540
13476,158539,0,                       0,158541,158541,0,                       0,158539
13477,158538,0,                       0,158542,158542,0,                       0,158538
13478,158537,0,                       0,158543,158543,0,                       0,158537
13479,158538,0,                       0,158542,158542,0,                       0,158538
13480,158537,0,                       0,158543,158543,0,                       0,158537
13481,158538,0,                       0,158542,158542,0,                       0,158538
13482,158539,0,                       0,158541,158541,0,                       0,158539
13483,158540,0,                       0,158540,158540,0,                       0,158540
13484,158541,0,                       0,158539,158539,0,                       0,158541
13485,158542,0,                       0,158538,158538,0,                       0,158542
13486,158543,0,                       0,158537,158537,0,                       0,158543
13487,158542,0,                       0,158538,158538,0,                       0,158542
13488,158543,0,                       0,158537,158537,0,                       0,158543
13489,158542,0,                       0,158538,158538,0,                       0,158542
13490,158543,0,                       0,158537,158537,0,                       0,158543
13491,158544,0,                       0,158536,158536,0,                       0,158544
13492,158545,0,                       0,158535,158535,0,                       0,158545
13493,158546,0,                       0,158534,158534,0,                       0,158546
13494,158545,0,                       0,158535,158535,0,                       0,158545
13495,158544,0,                       0,158536,158536,0,                       0,158544
13496,158543,0,                       0,158537,158537,0,                       0,158543
13497,158542,0,                       0,158538,158538,0,                       0,158542
13498,158541,0,                       0,158539,158539,0,                       0,158541
13499,158540,0,                       0,158540,158540,0,                       0,158540
13500,158539,0,                       0,158541,158541,0,                       0,158539
13501,158538,0,                       0,158542,158542,0,                       0,158538
13502,158539,0,                       0,158541,158541,0,                       0,158539
13503,158540,0,                       0,158540,158540,0,                       0,158540
13504,158541,0,                       0,158539,158539,0,                       0,158541
13505,158540,0,                       0,158540,158540,0,                       0,158540
13506,158539,0,                       0,158541,158541,0,                       0,158539
13507,158538,0,                       0,158542,158542,0,                       0,158538
13508,158539,0,                       0,158541,158541,0,                       0,158539
13509,158540,0,                       0,158540,158540,0,                       0,158540
13510,158539,0,                       0,158541,158541,0,                       0,158539
13511,158538,0,                       0,158542,158542,0,                       0,158538
13512,158537,0,                       0,158543,158543,0,                       0,158537
13513,158536,0,                       0,158544,158544,0,                       0,158536
13514,158535,0,                       0,158545,158545,0,                       0,158535
13515,158534,0,                       0,158546,158546,0,                       0,158534
13516,158533,0,                       0,158547,158547,0,                       0,158533
13517,158532,0,                       0,158548,158548,0,                       0,158532
13518,158531,0,                       0,158549,158549,0,                       0,158531
13519,158530,0,                       0,158550,158550,0,                       0,158530
13520,158531,0,                       0,158549,158549,0,                       0,158531
13521,158532,0,                       0,158548,158548,0,                       0,158532
13522,158533,0,                       0,158547,158547,0,                       0,158533
13523,158534,0,                       0,158546,158546,0,                       0,158534
13524,158535,0,                       0,158545,158545,0,                       0,158535
13525,158536,0,                       0,158544,158544,0,                       0,158536
13526,158537,0,                       0,158543,158543,0,                       0,158537
13527,158538,0,                       0,158542,158542,0,                       0,158538
13528,158539,0,                       0,158541,158541,0,                       0,158539
13529,158538,0,                       0,158542,158542,0,                       0,158538
13530,158539,0,                       0,158541,158541,0,                       0,158539
13531,158540,0,                       0,158540,158540,0,                       0,158540
13532,158539,0,                       0,158541,158541,0,                       0,158539
13533,158540,0,                       0,158540,158540,0,                       0,158540
13534,158541,0,                       0,158539,158539,0,                       0,158541
13535,158540,0,                       0,158540,158540,0,                       0,158540
13536,158539,0,                       0,158541,158541,0,                       0,158539
13537,158540,0,                       0,158540,158540,0,                       0,158540
13538,158541,0,                       0,158539,158539,0,                       0,158541
13539,158540,0,                       0,158540,158540,0,                       0,158540
13540,158539,0,                       0,158541,158541,0,                       0,158539
13541,158538,0,                       0,158542,158542,0,                       0,158538
13542,158539,0,                       0,158541,158541,0,                       0,158539
13543,158540,0,                       0,158540,158540,0,                       0,158540
13544,158539,0,                       0,158541,158541,0,                       0,158539
13545,158538,0,                       0,158542,158542,0,                       0,158538
13546,158539,0,                       0,158541,158541,0,                       0,158539
13547,158538,0,                       0,158542,158542,0,                       0,158538
13548,158539,0,                       0,158541,158541,0,                       0,158539
13549,158540,0,                       0,158540,158540,0,                       0,158540
13550,158541,0,                       0,158539,158539,0,                       0,158541
13551,158542,0,                       0,158538,158538,0,                       0,158542
13552,158541,0,                       0,158539,158539,0,                       0,158541
13553,158542,0,                       0,158538,158538,0,                       0,158542
13554,158541,0,                       0,158539,158539,0,                       0,158541
13555,158540,0,                       0,158540,158540,0,                       0,158540
13556,158541,0,                       0,158539,158539,0,                       0,158541
13557,158540,0,                       0,158540,158540,0,                       0,158540
13558,158539,0,                       0,158541,158541,0,                       0,158539
13559,158538,0,                       0,158542,158542,0,                       0,158538
13560,158539,0,                       0,158541,158541,0,                       0,158539
13561,158540,0,                       0,158540,158540,0,                       0,158540
13562,158539,0,                       0,158541,158541,0,                       0,158539
13563,158540,0,                       0,158540,158540,0,                       0,158540
13564,158541,0,                       0,158539,158539,0,                       0,158541
13565,158542,0,                       0,158538,158538,0,                       0,158542
13566,158541,0,                       0,158539,158539,0,                       0,158541
13567,158540,0,                       0,158540,158540,0,                       0,158540
13568,158541,0,                       0,158539,158539,0,                       0,158541
13569,158540,0,                       0,158540,158540,0,                       0,158540
13570,158539,0,                       0,158541,158541,0,                       0,158539
13571,158540,0,                       0,158540,158540,0,                       0,158540
13572,158539,0,                       0,158541,158541,0,                       0,158539
13573,158538,0,                       0,158542,158542,0,                       0,158538
13574,158539,0,                       0,158541,158541,0,                       0,158539
13575,158538,0,                       0,158542,158542,0,                       0,158538
13576,158539,0,                       0,158541,158541,0,                       0,158539
13577,158540,0,                       0,158540,158540,0,                       0,158540
13578,158541,0,                       0,158539,158539,0,                       0,158541
13579,158542,0,                       0,158538,158538,0,                       0,158542
13580,158543,0,                       0,158537,158537,0,                       0,158543
13581,158544,0,                       0,158536,158536,0,                       0,158544
13582,158545,0,                       0,158535,158535,0,                       0,158545
13583,158546,0,                       0,158534,158534,0,                       0,158546
13584,158547,0,                       0,158533,158533,0,                       0,158547
13585,158548,0,                       0,158532,158532,0,                       0,158548
13586,158549,0,                       0,158531,158531,0,                       0,158549
13587,158550,0,                       0,158530,158530,0,                       0,158550
13588,158551,0,                       0,158529,158529,0,                       0,158551
13589,158552,0,                       0,158528,158528,0,                       0,158552
13590,158553,0,                       0,158527,158527,0,                       0,158553
13591,158552,0,                       0,158528,158528,0,                       0,158552
13592,158551,0,                       0,158529,158529,0,                       0,158551
13593,158550,0,                       0,158530,158530,0,                       0,158550
13594,158549,0,                       0,158531,158531,0,                       0,158549
13595,158548,0,                       0,158532,158532,0,                       0,158548
13596,158547,0,                       0,158533,158533,0,                       0,158547
13597,158546,0,                       0,158534,158534,0,                       0,158546
13598,158545,0,                       0,158535,158535,0,                       0,158545
13599,158544,0,                       0,158536,158536,0,                       0,158544
13600,158543,0,                       0,158537,158537,0,                       0,158543
13601,158542,0,                       0,158538,158538,0,                       0,158542
13602,158541,0,                       0,158539,158539,0,                       0,158541
13603,158540,0,                       0,158540,158540,0,                       0,158540
13604,158539,0,                       0,158541,158541,0,                       0,158539
13605,158540,0,                       0,158540,158540,0,                       0,158540
13606,158539,0,                       0,158541,158541,0,                       0,158539
13607,158540,0,                       0,158540,158540,0,                       0,158540
13608,158541,0,                       0,158539,158539,0,                       0,158541
13609,158542,0,                       0,158538,158538,0,                       0,158542
13610,158541,0,                       0,158539,158539,0,                       0,158541
13611,158542,0,                       0,158538,158538,0,                       0,158542
13612,158541,0,                       0,158539,158539,0,                       0,158541
13613,158540,0,                       0,158540,158540,0,                       0,158540
13614,158541,0,                       0,158539,158539,0,                       0,158541
13615,158542,0,                       0,158538,158538,0,                       0,158542
13616,158541,0,                       0,158539,158539,0,                       0,158541
13617,158542,0,                       0,158538,158538,0,                       0,158542
13618,158543,0,                       0,158537,158537,0,                       0,158543
13619,158542,0,                       0,158538,158538,0,                       0,158542
13620,158541,0,                       0,158539,158539,0,                       0,158541
13621,158542,0,                       0,158538,158538,0,                       0,158542
13622,158541,0,                       0,158539,158539,0,                       0,158541
13623,158540,0,                       0,158540,158540,0,                       0,158540
13624,158539,0,                       0,158541,158541,0,                       0,158539
13625,158540,0,                       0,158540,158540,0,                       0,158540
13626,158539,0,                       0,158541,158541,0,                       0,158539
13627,158538,0,                       0,158542,158542,0,                       0,158538
13628,158539,0,                       0,158541,158541,0,                       0,158539
13629,158540,0,                       0,158540,158540,0,                       0,158540
13630,158539,0,                       0,158541,158541,0,                       0,158539
13631,158540,0,                       0,158540,158540,0,                       0,158540
13632,158539,0,                       0,158541,158541,0,                       0,158539
13633,158538,0,                       0,158542,158542,0,                       0,158538
13634,158537,0,                       0,158543,158543,0,                       0,158537
13635,158538,0,                       0,158542,158542,0,                       0,158538
13636,158539,0,                       0,158541,158541,0,                       0,158539
13637,158540,0,                       0,158540,158540,0,                       0,158540
13638,158539,0,                       0,158541,158541,0,                       0,158539
13639,158540,0,                       0,158540,158540,0,                       0,158540
13640,158541,0,                       0,158539,158539,0,                       0,158541
13641,158542,0,                       0,158538,158538,0,                       0,158542
13642,158541,0,                       0,158539,158539,0,                       0,158541
13643,158540,0,                       0,158540,158540,0,                       0,158540
13644,158539,0,                       0,158541,158541,0,                       0,158539
13645,158538,0,                       0,158542,158542,0,                       0,158538
13646,158539,0,                       0,158541,158541,0,                       0,158539
13647,158540,0,                       0,158540,158540,0,                       0,158540
13648,158539,0,                       0,158541,158541,0,                       0,158539
13649,158540,0,                       0,158540,158540,0,                       0,158540
13650,158541,0,                       0,158539,158539,0,                       0,158541
13651,158540,0,                       0,158540,158540,0,                       0,158540
13652,158541,0,                       0,158539,158539,0,                       0,158541
13653,158540,0,                       0,158540,158540,0,                       0,158540
13654,158541,0,                       0,158539,158539,0,                       0,158541
13655,158542,0,                       0,158538,158538,0,                       0,158542
13656,158541,0,                       0,158539,158539,0,                       0,158541
13657,158540,0,                       0,158540,158540,0,                       0,158540
13658,158541,0,                       0,158539,158539,0,                       0,158541
13659,158542,0,                       0,158538,158538,0,                       0,158542
13660,158543,0,                       0,158537,158537,0,                       0,158543
13661,158542,0,                       0,158538,158538,0,                       0,158542
13662,158541,0,                       0,158539,158539,0,                       0,158541
13663,158540,0,                       0,158540,158540,0,                       0,158540
13664,158539,0,                       0,158541,158541,0,                       0,158539
13665,158540,0,                       0,158540,158540,0,                       0,158540
13666,158541,0,                       0,158539,158539,0,                       0,158541
13667,158540,0,                       0,158540,158540,0,                       0,158540
13668,158539,0,                       0,158541,158541,0,                       0,158539
13669,158540,0,                       0,158540,158540,0,                       0,158540
13670,158539,0,                       0,158541,158541,0,                       0,158539
13671,158538,0,                       0,158542,158542,0,                       0,158538
13672,158539,0,                       0,158541,158541,0,                       0,158539
13673,158540,0,                       0,158540,158540,0,                       0,158540
13674,158539,0,                       0,158541,158541,0,                       0,158539
13675,158540,0,                       0,158540,158540,0,                       0,158540
13676,158541,0,                       0,158539,158539,0,                       0,158541
13677,158540,0,                       0,158540,158540,0,                       0,158540
13678,158541,0,                       0,158539,158539,0,                       0,158541
13679,158540,0,                       0,158540,158540,0,                       0,158540
13680,158539,0,                       0,158541,158541,0,                       0,158539
13681,158540,0,                       0,158540,158540,0,                       0,158540
13682,158539,0,                       0,158541,158541,0,                       0,158539
13683,158538,0,                       0,158542,158542,0,                       0,158538
13684,158539,0,                       0,158541,158541,0,                       0,158539
13685,158540,0,                       0,158540,158540,0,                       0,158540
13686,158539,0,                       0,158541,158541,0,                       0,158539
13687,158538,0,                       0,158542,158542,0,                       0,158538
13688,158539,0,                       0,158541,158541,0,                       0,158539
13689,158538,0,                       0,158542,158542,0,                       0,158538
13690,158537,0,                       0,158543,158543,0,                       0,158537
13691,158538,0,                       0,158542,158542,0,                       0,158538
13692,158539,0,                       0,158541,158541,0,                       0,158539
13693,158540,0,                       0,158540,158540,0,                       0,158540
13694,158539,0,                       0,158541,158541,0,                       0,158539
13695,158538,0,                       0,158542,158542,0,                       0,158538
13696,158539,0,                       0,158541,158541,0,                       0,158539
13697,158538,0,                       0,158542,158542,0,                       0,158538
13698,158539,0,                       0,158541,158541,0,                       0,158539
13699,158540,0,                       0,158540,158540,0,                       0,158540
13700,158539,0,                       0,158541,158541,0,                       0,158539
13701,158538,0,                       0,158542,158542,0,                       0,158538
13702,158539,0,                       0,158541,158541,0,                       0,158539
13703,158538,0,                       0,158542,158542,0,                       0,158538
13704,158539,0,                       0,158541,158541,0,                       0,158539
13705,158540,0,                       0,158540,158540,0,                       0,158540
13706,158539,0,                       0,158541,158541,0,                       0,158539
13707,158538,0,                       0,158542,158542,0,                       0,158538
13708,158539,0,                       0,158541,158541,0,                       0,158539
13709,158540,0,                       0,158540,158540,0,                       0,158540
13710,158539,0,                       0,158541,158541,0,                       0,158539
13711,158540,0,                       0,158540,158540,0,                       0,158540
13712,158539,0,                       0,158541,158541,0,                       0,158539
13713,158538,0,                       0,158542,158542,0,                       0,158538
13714,158537,0,                       0,158543,158543,0,                       0,158537
13715,158538,0,                       0,158542,158542,0,                       0,158538
13716,158539,0,                       0,158541,158541,0,                       0,158539
13717,158540,0,                       0,158540,158540,0,                       0,158540
13718,158541,0,                       0,158539,158539,0,                       0,158541
13719,158542,0,                       0,158538,158538,0,                       0,158542
13720,158541,0,                       0,158539,158539,0,                       0,158541
13721,158540,0,                       0,158540,158540,0,                       0,158540
13722,158541,0,                       0,158539,158539,0,                       0,158541
13723,158542,0,                       0,158538,158538,0,                       0,158542
13724,158541,0,                       0,158539,158539,0,                       0,158541
13725,158542,0,                       0,158538,158538,0,                       0,158542
13726,158543,0,                       0,158537,158537,0,                       0,158543
13727,158542,0,                       0,158538,158538,0,                       0,158542
13728,158541,0,                       0,158539,158539,0,                       0,158541
13729,158540,0,                       0,158540,158540,0,                       0,158540
13730,158541,0,                       0,158539,158539,0,                       0,158541
13731,158542,0,                       0,158538,158538,0,                       0,158542
13732,158541,0,                       0,158539,158539,0,                       0,158541
13733,158540,0,                       0,158540,158540,0,                       0,158540
13734,158541,0,                       0,158539,158539,0,                       0,158541
13735,158540,0,                       0,158540,158540,0,                       0,158540
13736,158539,0,                       0,158541,158541,0,                       0,158539
13737,158538,0,                       0,158542,158542,0,                       0,158538
13738,158537,0,                       0,158543,158543,0,                       0,158537
13739,158538,0,                       0,158542,158542,0,                       0,158538
13740,158539,0,                       0,158541,158541,0,                       0,158539
13741,158540,0,                       0,158540,158540,0,                       0,158540
13742,158539,0,                       0,158541,158541,0,                       0,158539
13743,158540,0,                       0,158540,158540,0,                       0,158540
13744,158539,0,                       0,158541,158541,0,                       0,158539
13745,158540,0,                       0,158540,158540,0,                       0,158540
13746,158539,0,                       0,158541,158541,0,                       0,158539
13747,158540,0,                       0,158540,158540,0,                       0,158540
13748,158541,0,                       0,158539,158539,0,                       0,158541
13749,158540,0,                       0,158540,158540,0,                       0,158540
13750,158539,0,                       0,158541,158541,0,                       0,158539
13751,158540,0,                       0,158540,158540,0,                       0,158540
13752,158539,0,                       0,158541,158541,0,                       0,158539
13753,158540,0,                       0,158540,158540,0,                       0,158540
13754,158541,0,                       0,158539,158539,0,                       0,158541
13755,158540,0,                       0,158540,158540,0,                       0,158540
13756,158539,0,                       0,158541,158541,0,                       0,158539
13757,158540,0,                       0,158540,158540,0,                       0,158540
13758,158539,0,                       0,158541,158541,0,                       0,158539
13759,158540,0,                       0,158540,158540,0,                       0,158540
13760,158541,0,                       0,158539,158539,0,                       0,158541
13761,158540,0,                       0,158540,158540,0,                       0,158540
13762,158541,0,                       0,158539,158539,0,                       0,158541
13763,158540,0,                       0,158540,158540,0,                       0,158540
13764,158539,0,                       0,158541,158541,0,                       0,158539
13765,158538,0,                       0,158542,158542,0,                       0,158538
13766,158537,0,                       0,158543,158543,0,                       0,158537
13767,158536,0,                       0,158544,158544,0,                       0,158536
13768,158535,0,                       0,158545,158545,0,                       0,158535
13769,158534,0,                       0,158546,158546,0,                       0,158534
13770,158535,0,                       0,158545,158545,0,                       0,158535
13771,158536,0,                       0,158544,158544,0,                       0,158536
13772,158537,0,                       0,158543,158543,0,                       0,158537
13773,158538,0,                       0,158542,158542,0,                       0,158538
13774,158539,0,                       0,158541,158541,0,                       0,158539
13775,158540,0,                       0,158540,158540,0,                       0,158540
13776,158541,0,                       0,158539,158539,0,                       0,158541
13777,158540,0,                       0,158540,158540,0,                       0,158540
13778,158541,0,                       0,158539,158539,0,                       0,158541
13779,158542,0,                       0,158538,158538,0,                       0,158542
13780,158543,0,                       0,158537,158537,0,                       0,158543
13781,158542,0,                       0,158538,158538,0,                       0,158542
13782,158541,0,                       0,158539,158539,0,                       0,158541
13783,158542,0,                       0,158538,158538,0,                       0,158542
13784,158541,0,                       0,158539,158539,0,                       0,158541
13785,158540,0,                       0,158540,158540,0,                       0,158540
13786,158541,0,                       0,158539,158539,0,                       0,158541
13787,158542,0,                       0,158538,158538,0,                       0,158542
13788,158541,0,                       0,158539,158539,0,                       0,158541
13789,158540,0,                       0,158540,158540,0,                       0,158540
13790,158541,0,                       0,158539,158539,0,                       0,158541
13791,158540,0,                       0,158540,158540,0,                       0,158540
13792,158539,0,                       0,158541,158541,0,                       0,158539
13793,158538,0,                       0,158542,158542,0,                       0,158538
13794,158539,0,                       0,158541,158541,0,                       0,158539
13795,158540,0,                       0,158540,158540,0,                       0,158540
13796,158539,0,                       0,158541,158541,0,                       0,158539
13797,158538,0,                       0,158542,158542,0,                       0,158538
13798,158537,0,                       0,158543,158543,0,                       0,158537
13799,158538,0,                       0,158542,158542,0,                       0,158538
13800,158539,0,                       0,158541,158541,0,                       0,158539
13801,158540,0,                       0,158540,158540,0,                       0,158540
13802,158541,0,                       0,158539,158539,0,                       0,158541
13803,158540,0,                       0,158540,158540,0,                       0,158540
13804,158539,0,                       0,158541,158541,0,                       0,158539
13805,158540,0,                       0,158540,158540,0,                       0,158540
13806,158539,0,                       0,158541,158541,0,                       0,158539
13807,158538,0,                       0,158542,158542,0,                       0,158538
13808,158539,0,                       0,158541,158541,0,                       0,158539
13809,158540,0,                       0,158540,158540,0,                       0,158540
13810,158539,0,                       0,158541,158541,0,                       0,158539
13811,158538,0,                       0,158542,158542,0,                       0,158538
13812,158539,0,                       0,158541,158541,0,                       0,158539
13813,158538,0,                       0,158542,158542,0,                       0,158538
13814,158539,0,                       0,158541,158541,0,                       0,158539
13815,158540,0,                       0,158540,158540,0,                       0,158540
13816,158539,0,                       0,158541,158541,0,                       0,158539
13817,158540,0,                       0,158540,158540,0,                       0,158540
13818,158541,0,                       0,158539,158539,0,                       0,158541
13819,158542,0,                       0,158538,158538,0,                       0,158542
13820,158541,0,                       0,158539,158539,0,                       0,158541
13821,158540,0,                       0,158540,158540,0,                       0,158540
13822,158539,0,                       0,158541,158541,0,                       0,158539
13823,158540,0,                       0,158540,158540,0,                       0,158540
13824,158539,0,                       0,158541,158541,0,                       0,158539
13825,158538,0,                       0,158542,158542,0,                       0,158538
13826,158539,0,                       0,158541,158541,0,                       0,158539
13827,158540,0,                       0,158540,158540,0,                       0,158540
13828,158539,0,                       0,158541,158541,0,                       0,158539
13829,158540,0,                       0,158540,158540,0,                       0,158540
13830,158541,0,                       0,158539,158539,0,                       0,158541
13831,158540,0,                       0,158540,158540,0,                       0,158540
13832,158539,0,                       0,158541,158541,0,                       0,158539
13833,158538,0,                       0,158542,158542,0,                       0,158538
13834,158539,0,                       0,158541,158541,0,                       0,158539
13835,158538,0,                       0,158542,158542,0,                       0,158538
13836,158537,0,                       0,158543,158543,0,                       0,158537
13837,158538,0,                       0,158542,158542,0,                       0,158538
13838,158539,0,                       0,158541,158541,0,                       0,158539
13839,158540,0,                       0,158540,158540,0,                       0,158540
13840,158541,0,                       0,158539,158539,0,                       0,158541
13841,158540,0,                       0,158540,158540,0,                       0,158540
13842,158539,0,                       0,158541,158541,0,                       0,158539
13843,158540,0,                       0,158540,158540,0,                       0,158540
13844,158539,0,                       0,158541,158541,0,                       0,158539
13845,158540,0,                       0,158540,158540,0,                       0,158540
13846,158541,0,                       0,158539,158539,0,                       0,158541
13847,158542,0,                       0,158538,158538,0,                       0,158542
13848,158541,0,                       0,158539,158539,0,                       0,158541
13849,158542,0,                       0,158538,158538,0,                       0,158542
13850,158541,0,                       0,158539,158539,0,                       0,158541
13851,158540,0,                       0,158540,158540,0,                       0,158540
13852,158539,0,                       0,158541,158541,0,                       0,158539
13853,158540,0,                       0,158540,158540,0,                       0,158540
13854,158539,0,                       0,158541,158541,0,                       0,158539
13855,158538,0,                       0,158542,158542,0,                       0,158538
13856,158537,0,                       0,158543,158543,0,                       0,158537
13857,158538,0,                       0,158542,158542,0,                       0,158538
13858,158539,0,                       0,158541,158541,0,                       0,158539
13859,158540,0,                       0,158540,158540,0,                       0,158540
13860,158539,0,                       0,158541,158541,0,                       0,158539
13861,158538,0,                       0,158542,158542,0,                       0,158538
13862,158539,0,                       0,158541,158541,0,                       0,158539
13863,158540,0,                       0,158540,158540,0,                       0,158540
13864,158539,0,                       0,158541,158541,0,                       0,158539
13865,158540,0,                       0,158540,158540,0,                       0,158540
13866,158539,0,                       0,158541,158541,0,                       0,158539
13867,158540,0,                       0,158540,158540,0,                       0,158540
13868,158539,0,                       0,158541,158541,0,                       0,158539
13869,158538,0,                       0,158542,158542,0,                       0,158538
13870,158537,0,                       0,158543,158543,0,                       0,158537
13871,158538,0,                       0,158542,158542,0,                       0,158538
13872,158537,0,                       0,158543,158543,0,                       0,158537
13873,158538,0,                       0,158542,158542,0,                       0,158538
13874,158539,0,                       0,158541,158541,0,                       0,158539
13875,158540,0,                       0,158540,158540,0,                       0,158540
13876,158541,0,                       0,158539,158539,0,                       0,158541
13877,158540,0,                       0,158540,158540,0,                       0,158540
13878,158539,0,                       0,158541,158541,0,                       0,158539
13879,158538,0,                       0,158542,158542,0,                       0,158538
13880,158539,0,                       0,158541,158541,0,                       0,158539
13881,158540,0,                       0,158540,158540,0,                       0,158540
13882,158541,0,                       0,158539,158539,0,                       0,158541
13883,158540,0,                       0,158540,158540,0,                       0,158540
13884,158541,0,                       0,158539,158539,0,                       0,158541
13885,158540,0,                       0,158540,158540,0,                       0,158540
13886,158541,0,                       0,158539,158539,0,                       0,158541
13887,158540,0,                       0,158540,158540,0,                       0,158540
13888,158541,0,                       0,158539,158539,0,                       0,158541
13889,158540,0,                       0,158540,158540,0,                       0,158540
13890,158539,0,                       0,158541,158541,0,                       0,158539
13891,158538,0,                       0,158542,158542,0,                       0,158538
13892,158539,0,                       0,158541,158541,0,                       0,158539
13893,158540,0,                       0,158540,158540,0,                       0,158540
13894,158541,0,                       0,158539,158539,0,                       0,158541
13895,158540,0,                       0,158540,158540,0,                       0,158540
13896,158539,0,                       0,158541,158541,0,                       0,158539
13897,158538,0,                       0,158542,158542,0,                       0,158538
13898,158539,0,                       0,158541,158541,0,                       0,158539
13899,158540,0,                       0,158540,158540,0,                       0,158540
13900,158541,0,                       0,158539,158539,0,                       0,158541
13901,158540,0,                       0,158540,158540,0,                       0,158540
13902,158539,0,                       0,158541,158541,0,                       0,158539
13903,158538,0,                       0,158542,158542,0,                       0,158538
13904,158539,0,                       0,158541,158541,0,                       0,158539
13905,158540,0,                       0,158540,158540,0,                       0,158540
13906,158541,0,                       0,158539,158539,0,                       0,158541
13907,158540,0,                       0,158540,158540,0,                       0,158540
13908,158539,0,                       0,158541,158541,0,                       0,158539
13909,158540,0,                       0,158540,158540,0,                       0,158540
13910,158539,0,                       0,158541,158541,0,                       0,158539
13911,158538,0,                       0,158542,158542,0,                       0,158538
13912,158537,0,                       0,158543,158543,0,                       0,158537
13913,158538,0,                       0,158542,158542,0,                       0,158538
13914,158537,0,                       0,158543,158543,0,                       0,158537
13915,158538,0,                       0,158542,158542,0,                       0,158538
13916,158539,0,                       0,158541,158541,0,                       0,158539
13917,158538,0,                       0,158542,158542,0,                       0,158538
13918,158537,0,                       0,158543,158543,0,                       0,158537
13919,158538,0,                       0,158542,158542,0,                       0,158538
13920,158539,0,                       0,158541,158541,0,                       0,158539
13921,158540,0,                       0,158540,158540,0,                       0,158540
13922,158541,0,                       0,158539,158539,0,                       0,158541
13923,158542,0,                       0,158538,158538,0,                       0,158542
13924,158541,0,                       0,158539,158539,0,                       0,158541
13925,158540,0,                       0,158540,158540,0,                       0,158540
13926,158541,0,                       0,158539,158539,0,                       0,158541
13927,158542,0,                       0,158538,158538,0,                       0,158542
13928,158541,0,                       0,158539,158539,0,                       0,158541
13929,158540,0,                       0,158540,158540,0,                       0,158540
13930,158541,0,                       0,158539,158539,0,                       0,158541
13931,158540,0,                       0,158540,158540,0,                       0,158540
13932,158541,0,                       0,158539,158539,0,                       0,158541
13933,158540,0,                       0,158540,158540,0,                       0,158540
13934,158539,0,                       0,158541,158541,0,                       0,158539
13935,158540,0,                       0,158540,158540,0,                       0,158540
13936,158541,0,                       0,158539,158539,0,                       0,158541
13937,158542,0,                       0,158538,158538,0,                       0,158542
13938,158541,0,                       0,158539,158539,0,                       0,158541
13939,158542,0,                       0,158538,158538,0,                       0,158542
13940,158541,0,                       0,158539,158539,0,                       0,158541
13941,158540,0,                       0,158540,158540,0,                       0,158540
13942,158541,0,                       0,158539,158539,0,                       0,158541
13943,158542,0,                       0,158538,158538,0,                       0,158542
13944,158541,0,                       0,158539,158539,0,                       0,158541
13945,158542,0,                       0,158538,158538,0,                       0,158542
13946,158541,0,                       0,158539,158539,0,                       0,158541
13947,158542,0,                       0,158538,158538,0,                       0,158542
13948,158541,0,                       0,158539,158539,0,                       0,158541
13949,158542,0,                       0,158538,158538,0,                       0,158542
13950,158541,0,                       0,158539,158539,0,                       0,158541
13951,158540,0,                       0,158540,158540,0,                       0,158540
13952,158541,0,                       0,158539,158539,0,                       0,158541
13953,158542,0,                       0,158538,158538,0,                       0,158542
13954,158541,0,                       0,158539,158539,0,                       0,158541
13955,158540,0,                       0,158540,158540,0,                       0,158540
13956,158539,0,                       0,158541,158541,0,                       0,158539
13957,158540,0,                       0,158540,158540,0,                       0,158540
13958,158539,0,                       0,158541,158541,0,                       0,158539
13959,158538,0,                       0,158542,158542,0,                       0,158538
13960,158539,0,                       0,158541,158541,0,                       0,158539
13961,158538,0,                       0,158542,158542,0,                       0,158538
13962,158537,0,                       0,158543,158543,0,                       0,158537
13963,158538,0,                       0,158542,158542,0,                       0,158538
13964,158539,0,                       0,158541,158541,0,                       0,158539
13965,158538,0,                       0,158542,158542,0,                       0,158538
13966,158537,0,                       0,158543,158543,0,                       0,158537
13967,158538,0,                       0,158542,158542,0,                       0,158538
13968,158539,0,                       0,158541,158541,0,                       0,158539
13969,158540,0,                       0,158540,158540,0,                       0,158540
13970,158539,0,                       0,158541,158541,0,                       0,158539
13971,158538,0,                       0,158542,158542,0,                       0,158538
13972,158537,0,                       0,158543,158543,0,                       0,158537
13973,158538,0,                       0,158542,158542,0,                       0,158538
13974,158539,0,                       0,158541,158541,0,                       0,158539
13975,158538,0,                       0,158542,158542,0,                       0,158538
13976,158539,0,                       0,158541,158541,0,                       0,158539
13977,158538,0,                       0,158542,158542,0,                       0,158538
13978,158539,0,                       0,158541,158541,0,                       0,158539
13979,158540,0,                       0,158540,158540,0,                       0,158540
13980,158541,0,                       0,158539,158539,0,                       0,158541
13981,158542,0,                       0,158538,158538,0,                       0,158542
13982,158541,0,                       0,158539,158539,0,                       0,158541
13983,158540,0,                       0,158540,158540,0,                       0,158540
13984,158541,0,                       0,158539,158539,0,                       0,158541
13985,158542,0,                       0,158538,158538,0,                       0,158542
13986,158541,0,                       0,158539,158539,0,                       0,158541
13987,158540,0,                       0,158540,158540,0,                       0,158540
13988,158539,0,                       0,158541,158541,0,                       0,158539
13989,158540,0,                       0,158540,158540,0,                       0,158540
13990,158541,0,                       0,158539,158539,0,                       0,158541
13991,158542,0,                       0,158538,158538,0,                       0,158542
13992,158541,0,                       0,158539,158539,0,                       0,158541
13993,158542,0,                       0,158538,158538,0,                       0,158542
13994,158541,0,                       0,158539,158539,0,                       0,158541
13995,158540,0,                       0,158540,158540,0,                       0,158540
13996,158541,0,                       0,158539,158539,0,                       0,158541
13997,158540,0,                       0,158540,158540,0,                       0,158540
13998,158541,0,                       0,158539,158539,0,                       0,158541
13999,158540,0,                       0,158540,158540,0,                       0,158540
14000,158539,0,                       0,158541,158541,0,                       0,158539
14001,158540,0,                       0,158540,158540,0,                       0,158540
14002,158541,0,                       0,158539,158539,0,                       0,158541
14003,158542,0,                       0,158538,158538,0,                       0,158542
14004,158541,0,                       0,158539,158539,0,                       0,158541
14005,158540,0,                       0,158540,158540,0,                       0,158540
14006,158539,0,                       0,158541,158541,0,                       0,158539
14007,158540,0,                       0,158540,158540,0,                       0,158540
14008,158539,0,                       0,158541,158541,0,                       0,158539
14009,158540,0,                       0,158540,158540,0,                       0,158540
14010,158541,0,                       0,158539,158539,0,                       0,158541
14011,158540,0,                       0,158540,158540,0,                       0,158540
14012,158539,0,                       0,158541,158541,0,                       0,158539
14013,158540,0,                       0,158540,158540,0,                       0,158540
14014,158541,0,                       0,158539,158539,0,                       0,158541
14015,158540,0,                       0,158540,158540,0,                       0,158540
14016,158539,0,                       0,158541,158541,0,                       0,158539
14017,158540,0,                       0,158540,158540,0,                       0,158540
14018,158539,0,                       0,158541,158541,0,                       0,158539
14019,158540,0,                       0,158540,158540,0,                       0,158540
14020,158539,0,                       0,158541,158541,0,                       0,158539
14021,158540,0,                       0,158540,158540,0,                       0,158540
14022,158541,0,                       0,158539,158539,0,                       0,158541
14023,158540,0,                       0,158540,158540,0,                       0,158540
14024,158541,0,                       0,158539,158539,0,                       0,158541
14025,158540,0,                       0,158540,158540,0,                       0,158540
14026,158539,0,                       0,158541,158541,0,                       0,158539
14027,158540,0,                       0,158540,158540,0,                       0,158540
14028,158541,0,                       0,158539,158539,0,                       0,158541
14029,158542,0,                       0,158538,158538,0,                       0,158542
14030,158541,0,                       0,158539,158539,0,                       0,158541
14031,158540,0,                       0,158540,158540,0,                       0,158540
14032,158539,0,                       0,158541,158541,0,                       0,158539
14033,158538,0,                       0,158542,158542,0,                       0,158538
14034,158539,0,                       0,158541,158541,0,                       0,158539
14035,158540,0,                       0,158540,158540,0,                       0,158540
14036,158539,0,                       0,158541,158541,0,                       0,158539
14037,158540,0,                       0,158540,158540,0,                       0,158540
14038,158539,0,                       0,158541,158541,0,                       0,158539
14039,158538,0,                       0,158542,158542,0,                       0,158538
14040,158539,0,                       0,158541,158541,0,                       0,158539
14041,158538,0,                       0,158542,158542,0,                       0,158538
14042,158539,0,                       0,158541,158541,0,                       0,158539
14043,158538,0,                       0,158542,158542,0,                       0,158538
14044,158539,0,                       0,158541,158541,0,                       0,158539
14045,158540,0,                       0,158540,158540,0,                       0,158540
14046,158539,0,                       0,158541,158541,0,                       0,158539
14047,158540,0,                       0,158540,158540,0,                       0,158540
14048,158541,0,                       0,158539,158539,0,                       0,158541
14049,158540,0,                       0,158540,158540,0,                       0,158540
14050,158539,0,                       0,158541,158541,0,                       0,158539
14051,158538,0,                       0,158542,158542,0,                       0,158538
14052,158537,0,                       0,158543,158543,0,                       0,158537
14053,158538,0,                       0,158542,158542,0,                       0,158538
14054,158537,0,                       0,158543,158543,0,                       0,158537
14055,158538,0,                       0,158542,158542,0,                       0,158538
14056,158539,0,                       0,158541,158541,0,                       0,158539
14057,158540,0,                       0,158540,158540,0,                       0,158540
14058,158541,0,                       0,158539,158539,0,                       0,158541
14059,158540,0,                       0,158540,158540,0,                       0,158540
14060,158541,0,                       0,158539,158539,0,                       0,158541
14061,158540,0,                       0,158540,158540,0,                       0,158540
14062,158539,0,                       0,158541,158541,0,                       0,158539
14063,158540,0,                       0,158540,158540,0,                       0,158540
14064,158539,0,                       0,158541,158541,0,                       0,158539
14065,158538,0,                       0,158542,158542,0,                       0,158538
14066,158539,0,                       0,158541,158541,0,                       0,158539
14067,158540,0,                       0,158540,158540,0,                       0,158540
14068,158539,0,                       0,158541,158541,0,                       0,158539
14069,158540,0,                       0,158540,158540,0,                       0,158540
14070,158541,0,                       0,158539,158539,0,                       0,158541
14071,158540,0,                       0,158540,158540,0,                       0,158540
14072,158539,0,                       0,158541,158541,0,                       0,158539
14073,158538,0,                       0,158542,158542,0,                       0,158538
14074,158539,0,                       0,158541,158541,0,                       0,158539
14075,158540,0,                       0,158540,158540,0,                       0,158540
14076,158541,0,                       0,158539,158539,0,                       0,158541
14077,158540,0,                       0,158540,158540,0,                       0,158540
14078,158541,0,                       0,158539,158539,0,                       0,158541
14079,158540,0,                       0,158540,158540,0,                       0,158540
14080,158541,0,                       0,158539,158539,0,                       0,158541
14081,158540,0,                       0,158540,158540,0,                       0,158540
14082,158541,0,                       0,158539,158539,0,                       0,158541
14083,158540,0,                       0,158540,158540,0,                       0,158540
14084,158541,0,                       0,158539,158539,0,                       0,158541
14085,158542,0,                       0,158538,158538,0,                       0,158542
14086,158541,0,                       0,158539,158539,0,                       0,158541
14087,158540,0,                       0,158540,158540,0,                       0,158540
14088,158539,0,                       0,158541,158541,0,                       0,158539
14089,158540,0,                       0,158540,158540,0,                       0,158540
14090,158539,0,                       0,158541,158541,0,                       0,158539
14091,158540,0,                       0,158540,158540,0,                       0,158540
14092,158539,0,                       0,158541,158541,0,                       0,158539
14093,158540,0,                       0,158540,158540,0,                       0,158540
14094,158541,0,                       0,158539,158539,0,                       0,158541
14095,158542,0,                       0,158538,158538,0,                       0,158542
14096,158541,0,                       0,158539,158539,0,                       0,158541
14097,158540,0,                       0,158540,158540,0,                       0,158540
14098,158541,0,                       0,158539,158539,0,                       0,158541
14099,158540,0,                       0,158540,158540,0,                       0,158540
14100,158541,0,                       0,158539,158539,0,                       0,158541
14101,158540,0,                       0,158540,158540,0,                       0,158540
14102,158541,0,                       0,158539,158539,0,                       0,158541
14103,158540,0,                       0,158540,158540,0,                       0,158540
14104,158539,0,                       0,158541,158541,0,                       0,158539
14105,158540,0,                       0,158540,158540,0,                       0,158540
14106,158541,0,                       0,158539,158539,0,                       0,158541
14107,158542,0,                       0,158538,158538,0,                       0,158542
14108,158541,0,                       0,158539,158539,0,                       0,158541
14109,158540,0,                       0,158540,158540,0,                       0,158540
14110,158539,0,                       0,158541,158541,0,                       0,158539
14111,158538,0,                       0,158542,158542,0,                       0,158538
14112,158539,0,                       0,158541,158541,0,                       0,158539
14113,158540,0,                       0,158540,158540,0,                       0,158540
14114,158539,0,                       0,158541,158541,0,                       0,158539
14115,158540,0,                       0,158540,158540,0,                       0,158540
14116,158539,0,                       0,158541,158541,0,                       0,158539
14117,158540,0,                       0,158540,158540,0,                       0,158540
14118,158541,0,                       0,158539,158539,0,                       0,158541
14119,158540,0,                       0,158540,158540,0,                       0,158540
14120,158541,0,                       0,158539,158539,0,                       0,158541
14121,158540,0,                       0,158540,158540,0,                       0,158540
14122,158539,0,                       0,158541,158541,0,                       0,158539
14123,158540,0,                       0,158540,158540,0,                       0,158540
14124,158539,0,                       0,158541,158541,0,                       0,158539
14125,158540,0,                       0,158540,158540,0,                       0,158540
14126,158539,0,                       0,158541,158541,0,                       0,158539
14127,158540,0,                       0,158540,158540,0,                       0,158540
14128,158539,0,                       0,158541,158541,0,                       0,158539
14129,158538,0,                       0,158542,158542,0,                       0,158538
14130,158539,0,                       0,158541,158541,0,                       0,158539
14131,158540,0,                       0,158540,158540,0,                       0,158540
14132,158541,0,                       0,158539,158539,0,                       0,158541
14133,158542,0,                       0,158538,158538,0,                       0,158542
14134,158541,0,                       0,158539,158539,0,                       0,158541
14135,158542,0,                       0,158538,158538,0,                       0,158542
14136,158541,0,                       0,158539,158539,0,                       0,158541
14137,158542,0,                       0,158538,158538,0,                       0,158542
14138,158543,0,                       0,158537,158537,0,                       0,158543
14139,158542,0,                       0,158538,158538,0,                       0,158542
14140,158541,0,                       0,158539,158539,0,                       0,158541
14141,158540,0,                       0,158540,158540,0,                       0,158540
14142,158539,0,                       0,158541,158541,0,                       0,158539
14143,158540,0,                       0,158540,158540,0,                       0,158540
14144,158539,0,                       0,158541,158541,0,                       0,158539
14145,158540,0,                       0,158540,158540,0,                       0,158540
14146,158539,0,                       0,158541,158541,0,                       0,158539
14147,158540,0,                       0,158540,158540,0,                       0,158540
14148,158541,0,                       0,158539,158539,0,                       0,158541
14149,158542,0,                       0,158538,158538,0,                       0,158542
14150,158541,0,                       0,158539,158539,0,                       0,158541
14151,158542,0,                       0,158538,158538,0,                       0,158542
14152,158541,0,                       0,158539,158539,0,                       0,158541
14153,158540,0,                       0,158540,158540,0,                       0,158540
14154,158539,0,                       0,158541,158541,0,                       0,158539
14155,158540,0,                       0,158540,158540,0,                       0,158540
14156,158541,0,                       0,158539,158539,0,                       0,158541
14157,158540,0,                       0,158540,158540,0,                       0,158540
14158,158541,0,                       0,158539,158539,0,                       0,158541
14159,158540,0,                       0,158540,158540,0,                       0,158540
14160,158541,0,                       0,158539,158539,0,                       0,158541
14161,158540,0,                       0,158540,158540,0,                       0,158540
14162,158539,0,                       0,158541,158541,0,                       0,158539
14163,158540,0,                       0,158540,158540,0,                       0,158540
14164,158541,0,                       0,158539,158539,0,                       0,158541
14165,158540,0,                       0,158540,158540,0,                       0,158540
14166,158541,0,                       0,158539,158539,0,                       0,158541
14167,158542,0,                       0,158538,158538,0,                       0,158542
14168,158541,0,                       0,158539,158539,0,                       0,158541
14169,158542,0,                       0,158538,158538,0,                       0,158542
14170,158541,0,                       0,158539,158539,0,                       0,158541
14171,158540,0,                       0,158540,158540,0,                       0,158540
14172,158539,0,                       0,158541,158541,0,                       0,158539
14173,158538,0,                       0,158542,158542,0,                       0,158538
14174,158539,0,                       0,158541,158541,0,                       0,158539
14175,158540,0,                       0,158540,158540,0,                       0,158540
14176,158541,0,                       0,158539,158539,0,                       0,158541
14177,158540,0,                       0,158540,158540,0,                       0,158540
14178,158539,0,                       0,158541,158541,0,                       0,158539
14179,158540,0,                       0,158540,158540,0,                       0,158540
14180,158539,0,                       0,158541,158541,0,                       0,158539
14181,158540,0,                       0,158540,158540,0,                       0,158540
14182,158541,0,                       0,158539,158539,0,                       0,158541
14183,158540,0,                       0,158540,158540,0,                       0,158540
14184,158539,0,                       0,158541,158541,0,                       0,158539
14185,158540,0,                       0,158540,158540,0,                       0,158540
14186,158539,0,                       0,158541,158541,0,                       0,158539
14187,158540,0,                       0,158540,158540,0,                       0,158540
14188,158539,0,                       0,158541,158541,0,                       0,158539
14189,158538,0,                       0,158542,158542,0,                       0,158538
14190,158539,0,                       0,158541,158541,0,                       0,158539
14191,158540,0,                       0,158540,158540,0,                       0,158540
14192,158541,0,                       0,158539,158539,0,                       0,158541
14193,158540,0,                       0,158540,158540,0,                       0,158540
14194,158541,0,                       0,158539,158539,0,                       0,158541
14195,158542,0,                       0,158538,158538,0,                       0,158542
14196,158543,0,                       0,158537,158537,0,                       0,158543
14197,158542,0,                       0,158538,158538,0,                       0,158542
14198,158541,0,                       0,158539,158539,0,                       0,158541
14199,158540,0,                       0,158540,158540,0,                       0,158540
14200,158539,0,                       0,158541,158541,0,                       0,158539
14201,158540,0,                       0,158540,158540,0,                       0,158540
14202,158539,0,                       0,158541,158541,0,                       0,158539
14203,158540,0,                       0,158540,158540,0,                       0,158540
14204,158539,0,                       0,158541,158541,0,                       0,158539
14205,158540,0,                       0,158540,158540,0,                       0,158540
14206,158541,0,                       0,158539,158539,0,                       0,158541
14207,158540,0,                       0,158540,158540,0,                       0,158540
14208,158541,0,                       0,158539,158539,0,                       0,158541
14209,158542,0,                       0,158538,158538,0,                       0,158542
14210,158541,0,                       0,158539,158539,0,                       0,158541
14211,158542,0,                       0,158538,158538,0,                       0,158542
14212,158541,0,                       0,158539,158539,0,                       0,158541
14213,158542,0,                       0,158538,158538,0,                       0,158542
14214,158541,0,                       0,158539,158539,0,                       0,158541
14215,158542,0,                       0,158538,158538,0,                       0,158542
14216,158541,0,                       0,158539,158539,0,                       0,158541
14217,158540,0,                       0,158540,158540,0,                       0,158540
14218,158541,0,                       0,158539,158539,0,                       0,158541
14219,158540,0,                       0,158540,158540,0,                       0,158540
14220,158541,0,                       0,158539,158539,0,                       0,158541
14221,158542,0,                       0,158538,158538,0,                       0,158542
14222,158541,0,                       0,158539,158539,0,                       0,158541
14223,158542,0,                       0,158538,158538,0,                       0,158542
14224,158543,0,                       0,158537,158537,0,                       0,158543
14225,158542,0,                       0,158538,158538,0,                       0,158542
14226,158541,0,                       0,158539,158539,0,                       0,158541
14227,158542,0,                       0,158538,158538,0,                       0,158542
14228,158541,0,                       0,158539,158539,0,                       0,158541
14229,158540,0,                       0,158540,158540,0,                       0,158540
14230,158539,0,                       0,158541,158541,0,                       0,158539
14231,158540,0,                       0,158540,158540,0,                       0,158540
14232,158539,0,                       0,158541,158541,0,                       0,158539
14233,158538,0,                       0,158542,158542,0,                       0,158538
14234,158539,0,                       0,158541,158541,0,                       0,158539
14235,158538,0,                       0,158542,158542,0,                       0,158538
14236,158537,0,                       0,158543,158543,0,                       0,158537
14237,158538,0,                       0,158542,158542,0,                       0,158538
14238,158537,0,                       0,158543,158543,0,                       0,158537
14239,158538,0,                       0,158542,158542,0,                       0,158538
14240,158539,0,                       0,158541,158541,0,                       0,158539
14241,158538,0,                       0,158542,158542,0,                       0,158538
14242,158537,0,                       0,158543,158543,0,                       0,158537
14243,158536,0,                       0,158544,158544,0,                       0,158536
14244,158537,0,                       0,158543,158543,0,                       0,158537
14245,158538,0,                       0,158542,158542,0,                       0,158538
14246,158539,0,                       0,158541,158541,0,                       0,158539
14247,158538,0,                       0,158542,158542,0,                       0,158538
14248,158539,0,                       0,158541,158541,0,                       0,158539
14249,158538,0,                       0,158542,158542,0,                       0,158538
14250,158539,0,                       0,158541,158541,0,                       0,158539
14251,158540,0,                       0,158540,158540,0,                       0,158540
14252,158539,0,                       0,158541,158541,0,                       0,158539
14253,158540,0,                       0,158540,158540,0,                       0,158540
14254,158541,0,                       0,158539,158539,0,                       0,158541
14255,158540,0,                       0,158540,158540,0,                       0,158540
14256,158539,0,                       0,158541,158541,0,                       0,158539
14257,158540,0,                       0,158540,158540,0,                       0,158540
14258,158541,0,                       0,158539,158539,0,                       0,158541
14259,158540,0,                       0,158540,158540,0,                       0,158540
14260,158541,0,                       0,158539,158539,0,                       0,158541
14261,158540,0,                       0,158540,158540,0,                       0,158540
14262,158539,0,                       0,158541,158541,0,                       0,158539
14263,158540,0,                       0,158540,158540,0,                       0,158540
14264,158539,0,                       0,158541,158541,0,                       0,158539
14265,158538,0,                       0,158542,158542,0,                       0,158538
14266,158539,0,                       0,158541,158541,0,                       0,158539
14267,158540,0,                       0,158540,158540,0,                       0,158540
14268,158539,0,                       0,158541,158541,0,                       0,158539
14269,158540,0,                       0,158540,158540,0,                       0,158540
14270,158539,0,                       0,158541,158541,0,                       0,158539
14271,158540,0,                       0,158540,158540,0,                       0,158540
14272,158541,0,                       0,158539,158539,0,                       0,158541
14273,158540,0,                       0,158540,158540,0,                       0,158540
14274,158541,0,                       0,158539,158539,0,                       0,158541
14275,158542,0,                       0,158538,158538,0,                       0,158542
14276,158541,0,                       0,158539,158539,0,                       0,158541
14277,158540,0,                       0,158540,158540,0,                       0,158540
14278,158539,0,                       0,158541,158541,0,                       0,158539
14279,158540,0,                       0,158540,158540,0,                       0,158540
14280,158541,0,                       0,158539,158539,0,                       0,158541
14281,158540,0,                       0,158540,158540,0,                       0,158540
14282,158539,0,                       0,158541,158541,0,                       0,158539
14283,158538,0,                       0,158542,158542,0,                       0,158538
14284,158539,0,                       0,158541,158541,0,                       0,158539
14285,158540,0,                       0,158540,158540,0,                       0,158540
14286,158541,0,                       0,158539,158539,0,                       0,158541
14287,158540,0,                       0,158540,158540,0,                       0,158540
14288,158541,0,                       0,158539,158539,0,                       0,158541
14289,158542,0,                       0,158538,158538,0,                       0,158542
14290,158543,0,                       0,158537,158537,0,                       0,158543
14291,158542,0,                       0,158538,158538,0,                       0,158542
14292,158541,0,                       0,158539,158539,0,                       0,158541
14293,158542,0,                       0,158538,158538,0,                       0,158542
14294,158541,0,                       0,158539,158539,0,                       0,158541
14295,158540,0,                       0,158540,158540,0,                       0,158540
14296,158539,0,                       0,158541,158541,0,                       0,158539
14297,158538,0,                       0,158542,158542,0,                       0,158538
14298,158539,0,                       0,158541,158541,0,                       0,158539
14299,158538,0,                       0,158542,158542,0,                       0,158538
14300,158539,0,                       0,158541,158541,0,                       0,158539
14301,158538,0,                       0,158542,158542,0,                       0,158538
14302,158539,0,                       0,158541,158541,0,                       0,158539
14303,158540,0,                       0,158540,158540,0,                       0,158540
14304,158541,0,                       0,158539,158539,0,                       0,158541
14305,158540,0,                       0,158540,158540,0,                       0,158540
14306,158539,0,                       0,158541,158541,0,                       0,158539
14307,158538,0,                       0,158542,158542,0,                       0,158538
14308,158539,0,                       0,158541,158541,0,                       0,158539
14309,158538,0,                       0,158542,158542,0,                       0,158538
14310,158539,0,                       0,158541,158541,0,                       0,158539
14311,158538,0,                       0,158542,158542,0,                       0,158538
14312,158537,0,                       0,158543,158543,0,                       0,158537
14313,158538,0,                       0,158542,158542,0,                       0,158538
14314,158537,0,                       0,158543,158543,0,                       0,158537
14315,158536,0,                       0,158544,158544,0,                       0,158536
14316,158535,0,                       0,158545,158545,0,                       0,158535
14317,158536,0,                       0,158544,158544,0,                       0,158536
14318,158535,0,                       0,158545,158545,0,                       0,158535
14319,158536,0,                       0,158544,158544,0,                       0,158536
14320,158537,0,                       0,158543,158543,0,                       0,158537
14321,158536,0,                       0,158544,158544,0,                       0,158536
14322,158535,0,                       0,158545,158545,0,                       0,158535
14323,158534,0,                       0,158546,158546,0,                       0,158534
14324,158535,0,                       0,158545,158545,0,                       0,158535
14325,158536,0,                       0,158544,158544,0,                       0,158536
14326,158537,0,                       0,158543,158543,0,                       0,158537
14327,158538,0,                       0,158542,158542,0,                       0,158538
14328,158539,0,                       0,158541,158541,0,                       0,158539
14329,158540,0,                       0,158540,158540,0,                       0,158540
14330,158541,0,                       0,158539,158539,0,                       0,158541
14331,158542,0,                       0,158538,158538,0,                       0,158542
14332,158541,0,                       0,158539,158539,0,                       0,158541
14333,158542,0,                       0,158538,158538,0,                       0,158542
14334,158541,0,                       0,158539,158539,0,                       0,158541
14335,158540,0,                       0,158540,158540,0,                       0,158540
14336,158541,0,                       0,158539,158539,0,                       0,158541
14337,158542,0,                       0,158538,158538,0,                       0,158542
14338,158543,0,                       0,158537,158537,0,                       0,158543
14339,158542,0,                       0,158538,158538,0,                       0,158542
14340,158541,0,                       0,158539,158539,0,                       0,158541
14341,158540,0,                       0,158540,158540,0,                       0,158540
14342,158539,0,                       0,158541,158541,0,                       0,158539
14343,158540,0,                       0,158540,158540,0,                       0,158540
14344,158541,0,                       0,158539,158539,0,                       0,158541
14345,158542,0,                       0,158538,158538,0,                       0,158542
14346,158543,0,                       0,158537,158537,0,                       0,158543
14347,158542,0,                       0,158538,158538,0,                       0,158542
14348,158541,0,                       0,158539,158539,0,                       0,158541
14349,158540,0,                       0,158540,158540,0,                       0,158540
14350,158539,0,                       0,158541,158541,0,                       0,158539
14351,158540,0,                       0,158540,158540,0,                       0,158540
14352,158541,0,                       0,158539,158539,0,                       0,158541
14353,158542,0,                       0,158538,158538,0,                       0,158542
14354,158541,0,                       0,158539,158539,0,                       0,158541
14355,158542,0,                       0,158538,158538,0,                       0,158542
14356,158541,0,                       0,158539,158539,0,                       0,158541
14357,158542,0,                       0,158538,158538,0,                       0,158542
14358,158541,0,                       0,158539,158539,0,                       0,158541
14359,158542,0,                       0,158538,158538,0,                       0,158542
14360,158541,0,                       0,158539,158539,0,                       0,158541
14361,158540,0,                       0,158540,158540,0,                       0,158540
14362,158541,0,                       0,158539,158539,0,                       0,158541
14363,158540,0,                       0,158540,158540,0,                       0,158540
14364,158541,0,                       0,158539,158539,0,                       0,158541
14365,158542,0,                       0,158538,158538,0,                       0,158542
14366,158541,0,                       0,158539,158539,0,                       0,158541
14367,158540,0,                       0,158540,158540,0,                       0,158540
14368,158541,0,                       0,158539,158539,0,                       0,158541
14369,158540,0,                       0,158540,158540,0,                       0,158540
14370,158541,0,                       0,158539,158539,0,                       0,158541
14371,158542,0,                       0,158538,158538,0,                       0,158542
14372,158541,0,                       0,158539,158539,0,                       0,158541
14373,158540,0,                       0,158540,158540,0,                       0,158540
14374,158541,0,                       0,158539,158539,0,                       0,158541
14375,158540,0,                       0,158540,158540,0,                       0,158540
14376,158539,0,                       0,158541,158541,0,                       0,158539
14377,158538,0,                       0,158542,158542,0,                       0,158538
14378,158539,0,                       0,158541,158541,0,                       0,158539
14379,158538,0,                       0,158542,158542,0,                       0,158538
14380,158539,0,                       0,158541,158541,0,                       0,158539
14381,158540,0,                       0,158540,158540,0,                       0,158540
14382,158539,0,                       0,158541,158541,0,                       0,158539
14383,158538,0,                       0,158542,158542,0,                       0,158538
14384,158539,0,                       0,158541,158541,0,                       0,158539
14385,158538,0,                       0,158542,158542,0,                       0,158538
14386,158539,0,                       0,158541,158541,0,                       0,158539
14387,158540,0,                       0,158540,158540,0,                       0,158540
14388,158541,0,                       0,158539,158539,0,                       0,158541
14389,158540,0,                       0,158540,158540,0,                       0,158540
14390,158539,0,                       0,158541,158541,0,                       0,158539
14391,158540,0,                       0,158540,158540,0,                       0,158540
14392,158541,0,                       0,158539,158539,0,                       0,158541
14393,158540,0,                       0,158540,158540,0,                       0,158540
14394,158539,0,                       0,158541,158541,0,                       0,158539
14395,158540,0,                       0,158540,158540,0,                       0,158540
14396,158541,0,                       0,158539,158539,0,                       0,158541
14397,158542,0,                       0,158538,158538,0,                       0,158542
14398,158541,0,                       0,158539,158539,0,                       0,158541
14399,158540,0,                       0,158540,158540,0,                       0,158540
14400,158539,0,                       0,158541,158541,0,                       0,158539
14401,158538,0,                       0,158542,158542,0,                       0,158538
14402,158539,0,                       0,158541,158541,0,                       0,158539
14403,158540,0,                       0,158540,158540,0,                       0,158540
14404,158541,0,                       0,158539,158539,0,                       0,158541
14405,158542,0,                       0,158538,158538,0,                       0,158542
14406,158541,0,                       0,158539,158539,0,                       0,158541
14407,158540,0,                       0,158540,158540,0,                       0,158540
14408,158541,0,                       0,158539,158539,0,                       0,158541
14409,158542,0,                       0,158538,158538,0,                       0,158542
14410,158543,0,                       0,158537,158537,0,                       0,158543
14411,158544,0,                       0,158536,158536,0,                       0,158544
14412,158543,0,                       0,158537,158537,0,                       0,158543
14413,158542,0,                       0,158538,158538,0,                       0,158542
14414,158541,0,                       0,158539,158539,0,                       0,158541
14415,158540,0,                       0,158540,158540,0,                       0,158540
14416,158539,0,                       0,158541,158541,0,                       0,158539
14417,158538,0,                       0,158542,158542,0,                       0,158538
14418,158537,0,                       0,158543,158543,0,                       0,158537
14419,158536,0,                       0,158544,158544,0,                       0,158536
14420,158537,0,                       0,158543,158543,0,                       0,158537
14421,158538,0,                       0,158542,158542,0,                       0,158538
14422,158539,0,                       0,158541,158541,0,                       0,158539
14423,158540,0,                       0,158540,158540,0,                       0,158540
14424,158539,0,                       0,158541,158541,0,                       0,158539
14425,158540,0,                       0,158540,158540,0,                       0,158540
14426,158539,0,                       0,158541,158541,0,                       0,158539
14427,158540,0,                       0,158540,158540,0,                       0,158540
14428,158541,0,                       0,158539,158539,0,                       0,158541
14429,158540,0,                       0,158540,158540,0,                       0,158540
14430,158541,0,                       0,158539,158539,0,                       0,158541
14431,158542,0,                       0,158538,158538,0,                       0,158542
14432,158541,0,                       0,158539,158539,0,                       0,158541
14433,158540,0,                       0,158540,158540,0,                       0,158540
14434,158541,0,                       0,158539,158539,0,                       0,158541
14435,158540,0,                       0,158540,158540,0,                       0,158540
14436,158539,0,                       0,158541,158541,0,                       0,158539
14437,158540,0,                       0,158540,158540,0,                       0,158540
14438,158541,0,                       0,158539,158539,0,                       0,158541
14439,158540,0,                       0,158540,158540,0,                       0,158540
14440,158541,0,                       0,158539,158539,0,                       0,158541
14441,158540,0,                       0,158540,158540,0,                       0,158540
14442,158539,0,                       0,158541,158541,0,                       0,158539
14443,158540,0,                       0,158540,158540,0,                       0,158540
14444,158541,0,                       0,158539,158539,0,                       0,158541
14445,158542,0,                       0,158538,158538,0,                       0,158542
14446,158541,0,                       0,158539,158539,0,                       0,158541
14447,158540,0,                       0,158540,158540,0,                       0,158540
14448,158539,0,                       0,158541,158541,0,                       0,158539
14449,158540,0,                       0,158540,158540,0,                       0,158540
14450,158541,0,                       0,158539,158539,0,                       0,158541
14451,158542,0,                       0,158538,158538,0,                       0,158542
14452,158541,0,                       0,158539,158539,0,                       0,158541
14453,158540,0,                       0,158540,158540,0,                       0,158540
14454,158539,0,                       0,158541,158541,0,                       0,158539
14455,158538,0,                       0,158542,158542,0,                       0,158538
14456,158539,0,                       0,158541,158541,0,                       0,158539
14457,158540,0,                       0,158540,158540,0,                       0,158540
14458,158541,0,                       0,158539,158539,0,                       0,158541
14459,158542,0,                       0,158538,158538,0,                       0,158542
14460,158543,0,                       0,158537,158537,0,                       0,158543
14461,158542,0,                       0,158538,158538,0,                       0,158542
14462,158541,0,                       0,158539,158539,0,                       0,158541
14463,158542,0,                       0,158538,158538,0,                       0,158542
14464,158541,0,                       0,158539,158539,0,                       0,158541
14465,158540,0,                       0,158540,158540,0,                       0,158540
14466,158539,0,                       0,158541,158541,0,                       0,158539
14467,158540,0,                       0,158540,158540,0,                       0,158540
14468,158541,0,                       0,158539,158539,0,                       0,158541
14469,158540,0,                       0,158540,158540,0,                       0,158540
14470,158541,0,                       0,158539,158539,0,                       0,158541
14471,158542,0,                       0,158538,158538,0,                       0,158542
14472,158543,0,                       0,158537,158537,0,                       0,158543
14473,158542,0,                       0,158538,158538,0,                       0,158542
14474,158543,0,                       0,158537,158537,0,                       0,158543
14475,158544,0,                       0,158536,158536,0,                       0,158544
14476,158545,0,                       0,158535,158535,0,                       0,158545
14477,158544,0,                       0,158536,158536,0,                       0,158544
14478,158543,0,                       0,158537,158537,0,                       0,158543
14479,158542,0,                       0,158538,158538,0,                       0,158542
14480,158541,0,                       0,158539,158539,0,                       0,158541
14481,158542,0,                       0,158538,158538,0,                       0,158542
14482,158541,0,                       0,158539,158539,0,                       0,158541
14483,158540,0,                       0,158540,158540,0,                       0,158540
14484,158541,0,                       0,158539,158539,0,                       0,158541
14485,158542,0,                       0,158538,158538,0,                       0,158542
14486,158541,0,                       0,158539,158539,0,                       0,158541
14487,158540,0,                       0,158540,158540,0,                       0,158540
14488,158541,0,                       0,158539,158539,0,                       0,158541
14489,158540,0,                       0,158540,158540,0,                       0,158540
14490,158541,0,                       0,158539,158539,0,                       0,158541
14491,158540,0,                       0,158540,158540,0,                       0,158540
14492,158541,0,                       0,158539,158539,0,                       0,158541
14493,158540,0,                       0,158540,158540,0,                       0,158540
14494,158541,0,                       0,158539,158539,0,                       0,158541
14495,158540,0,                       0,158540,158540,0,                       0,158540
14496,158539,0,                       0,158541,158541,0,                       0,158539
14497,158538,0,                       0,158542,158542,0,                       0,158538
14498,158537,0,                       0,158543,158543,0,                       0,158537
14499,158538,0,                       0,158542,158542,0,                       0,158538
14500,158539,0,                       0,158541,158541,0,                       0,158539
14501,158538,0,                       0,158542,158542,0,                       0,158538
14502,158539,0,                       0,158541,158541,0,                       0,158539
14503,158540,0,                       0,158540,158540,0,                       0,158540
14504,158539,0,                       0,158541,158541,0,                       0,158539
14505,158538,0,                       0,158542,158542,0,                       0,158538
14506,158539,0,                       0,158541,158541,0,                       0,158539
14507,158538,0,                       0,158542,158542,0,                       0,158538
14508,158539,0,                       0,158541,158541,0,                       0,158539
14509,158538,0,                       0,158542,158542,0,                       0,158538
14510,158539,0,                       0,158541,158541,0,                       0,158539
14511,158540,0,                       0,158540,158540,0,                       0,158540
14512,158539,0,                       0,158541,158541,0,                       0,158539
14513,158540,0,                       0,158540,158540,0,                       0,158540
14514,158539,0,                       0,158541,158541,0,                       0,158539
14515,158540,0,                       0,158540,158540,0,                       0,158540
14516,158539,0,                       0,158541,158541,0,                       0,158539
14517,158540,0,                       0,158540,158540,0,                       0,158540
14518,158539,0,                       0,158541,158541,0,                       0,158539
14519,158538,0,                       0,158542,158542,0,                       0,158538
14520,158539,0,                       0,158541,158541,0,                       0,158539
14521,158540,0,                       0,158540,158540,0,                       0,158540
14522,158541,0,                       0,158539,158539,0,                       0,158541
14523,158540,0,                       0,158540,158540,0,                       0,158540
14524,158541,0,                       0,158539,158539,0,                       0,158541
14525,158540,0,                       0,158540,158540,0,                       0,158540
14526,158539,0,                       0,158541,158541,0,                       0,158539
14527,158540,0,                       0,158540,158540,0,                       0,158540
14528,158541,0,                       0,158539,158539,0,                       0,158541
14529,158540,0,                       0,158540,158540,0,                       0,158540
14530,158539,0,                       0,158541,158541,0,                       0,158539
14531,158540,0,                       0,158540,158540,0,                       0,158540
14532,158539,0,                       0,158541,158541,0,                       0,158539
14533,158538,0,                       0,158542,158542,0,                       0,158538
14534,158539,0,                       0,158541,158541,0,                       0,158539
14535,158538,0,                       0,158542,158542,0,                       0,158538
14536,158539,0,                       0,158541,158541,0,                       0,158539
14537,158538,0,                       0,158542,158542,0,                       0,158538
14538,158537,0,                       0,158543,158543,0,                       0,158537
14539,158538,0,                       0,158542,158542,0,                       0,158538
14540,158539,0,                       0,158541,158541,0,                       0,158539
14541,158540,0,                       0,158540,158540,0,                       0,158540
14542,158539,0,                       0,158541,158541,0,                       0,158539
14543,158538,0,                       0,158542,158542,0,                       0,158538
14544,158539,0,                       0,158541,158541,0,                       0,158539
14545,158540,0,                       0,158540,158540,0,                       0,158540
14546,158539,0,                       0,158541,158541,0,                       0,158539
14547,158540,0,                       0,158540,158540,0,                       0,158540
14548,158541,0,                       0,158539,158539,0,                       0,158541
14549,158542,0,                       0,158538,158538,0,                       0,158542
14550,158543,0,                       0,158537,158537,0,                       0,158543
14551,158544,0,                       0,158536,158536,0,                       0,158544
14552,158543,0,                       0,158537,158537,0,                       0,158543
14553,158544,0,                       0,158536,158536,0,                       0,158544
14554,158545,0,                       0,158535,158535,0,                       0,158545
14555,158544,0,                       0,158536,158536,0,                       0,158544
14556,158543,0,                       0,158537,158537,0,                       0,158543
14557,158542,0,                       0,158538,158538,0,                       0,158542
14558,158541,0,                       0,158539,158539,0,                       0,158541
14559,158540,0,                       0,158540,158540,0,                       0,158540
14560,158539,0,                       0,158541,158541,0,                       0,158539
14561,158540,0,                       0,158540,158540,0,                       0,158540
14562,158541,0,                       0,158539,158539,0,                       0,158541
14563,158540,0,                       0,158540,158540,0,                       0,158540
14564,158541,0,                       0,158539,158539,0,                       0,158541
14565,158540,0,                       0,158540,158540,0,                       0,158540
14566,158541,0,                       0,158539,158539,0,                       0,158541
14567,158542,0,                       0,158538,158538,0,                       0,158542
14568,158541,0,                       0,158539,158539,0,                       0,158541
14569,158542,0,                       0,158538,158538,0,                       0,158542
14570,158541,0,                       0,158539,158539,0,                       0,158541
14571,158540,0,                       0,158540,158540,0,                       0,158540
14572,158541,0,                       0,158539,158539,0,                       0,158541
14573,158540,0,                       0,158540,158540,0,                       0,158540
14574,158541,0,                       0,158539,158539,0,                       0,158541
14575,158540,0,                       0,158540,158540,0,                       0,158540
14576,158539,0,                       0,158541,158541,0,                       0,158539
14577,158540,0,                       0,158540,158540,0,                       0,158540
14578,158541,0,                       0,158539,158539,0,                       0,158541
14579,158542,0,                       0,158538,158538,0,                       0,158542
14580,158541,0,                       0,158539,158539,0,                       0,158541
14581,158542,0,                       0,158538,158538,0,                       0,158542
14582,158541,0,                       0,158539,158539,0,                       0,158541
14583,158542,0,                       0,158538,158538,0,                       0,158542
14584,158541,0,                       0,158539,158539,0,                       0,158541
14585,158540,0,                       0,158540,158540,0,                       0,158540
14586,158541,0,                       0,158539,158539,0,                       0,158541
14587,158542,0,                       0,158538,158538,0,                       0,158542
14588,158541,0,                       0,158539,158539,0,                       0,158541
14589,158542,0,                       0,158538,158538,0,                       0,158542
14590,158543,0,                       0,158537,158537,0,                       0,158543
14591,158544,0,                       0,158536,158536,0,                       0,158544
14592,158543,0,                       0,158537,158537,0,                       0,158543
14593,158542,0,                       0,158538,158538,0,                       0,158542
14594,158541,0,                       0,158539,158539,0,                       0,158541
14595,158540,0,                       0,158540,158540,0,                       0,158540
14596,158539,0,                       0,158541,158541,0,                       0,158539
14597,158540,0,                       0,158540,158540,0,                       0,158540
14598,158541,0,                       0,158539,158539,0,                       0,158541
14599,158540,0,                       0,158540,158540,0,                       0,158540
14600,158539,0,                       0,158541,158541,0,                       0,158539
14601,158540,0,                       0,158540,158540,0,                       0,158540
14602,158539,0,                       0,158541,158541,0,                       0,158539
14603,158540,0,                       0,158540,158540,0,                       0,158540
14604,158539,0,                       0,158541,158541,0,                       0,158539
14605,158540,0,                       0,158540,158540,0,                       0,158540
14606,158539,0,                       0,158541,158541,0,                       0,158539
14607,158538,0,                       0,158542,158542,0,                       0,158538
14608,158539,0,                       0,158541,158541,0,                       0,158539
14609,158540,0,                       0,158540,158540,0,                       0,158540
14610,158541,0,                       0,158539,158539,0,                       0,158541
14611,158540,0,                       0,158540,158540,0,                       0,158540
14612,158539,0,                       0,158541,158541,0,                       0,158539
14613,158540,0,                       0,158540,158540,0,                       0,158540
14614,158541,0,                       0,158539,158539,0,                       0,158541
14615,158540,0,                       0,158540,158540,0,                       0,158540
14616,158541,0,                       0,158539,158539,0,                       0,158541
14617,158540,0,                       0,158540,158540,0,                       0,158540
14618,158541,0,                       0,158539,158539,0,                       0,158541
14619,158540,0,                       0,158540,158540,0,                       0,158540
14620,158539,0,                       0,158541,158541,0,                       0,158539
14621,158540,0,                       0,158540,158540,0,                       0,158540
14622,158541,0,                       0,158539,158539,0,                       0,158541
14623,158540,0,                       0,158540,158540,0,                       0,158540
14624,158539,0,                       0,158541,158541,0,                       0,158539
14625,158538,0,                       0,158542,158542,0,                       0,158538
14626,158539,0,                       0,158541,158541,0,                       0,158539
14627,158540,0,                       0,158540,158540,0,                       0,158540
14628,158539,0,                       0,158541,158541,0,                       0,158539
14629,158540,0,                       0,158540,158540,0,                       0,158540
14630,158539,0,                       0,158541,158541,0,                       0,158539
14631,158538,0,                       0,158542,158542,0,                       0,158538
14632,158539,0,                       0,158541,158541,0,                       0,158539
14633,158540,0,                       0,158540,158540,0,                       0,158540
14634,158541,0,                       0,158539,158539,0,                       0,158541
14635,158540,0,                       0,158540,158540,0,                       0,158540
14636,158541,0,                       0,158539,158539,0,                       0,158541
14637,158540,0,                       0,158540,158540,0,                       0,158540
14638,158541,0,                       0,158539,158539,0,                       0,158541
14639,158540,0,                       0,158540,158540,0,                       0,158540
14640,158541,0,                       0,158539,158539,0,                       0,158541
14641,158540,0,                       0,158540,158540,0,                       0,158540
14642,158541,0,                       0,158539,158539,0,                       0,158541
14643,158542,0,                       0,158538,158538,0,                       0,158542
14644,158543,0,                       0,158537,158537,0,                       0,158543
14645,158542,0,                       0,158538,158538,0,                       0,158542
14646,158541,0,                       0,158539,158539,0,                       0,158541
14647,158540,0,                       0,158540,158540,0,                       0,158540
14648,158541,0,                       0,158539,158539,0,                       0,158541
14649,158540,0,                       0,158540,158540,0,                       0,158540
14650,158541,0,                       0,158539,158539,0,                       0,158541
14651,158542,0,                       0,158538,158538,0,                       0,158542
14652,158541,0,                       0,158539,158539,0,                       0,158541
14653,158540,0,                       0,158540,158540,0,                       0,158540
14654,158539,0,                       0,158541,158541,0,                       0,158539
14655,158540,0,                       0,158540,158540,0,                       0,158540
14656,158541,0,                       0,158539,158539,0,                       0,158541
14657,158542,0,                       0,158538,158538,0,                       0,158542
14658,158541,0,                       0,158539,158539,0,                       0,158541
14659,158540,0,                       0,158540,158540,0,                       0,158540
14660,158541,0,                       0,158539,158539,0,                       0,158541
14661,158540,0,                       0,158540,158540,0,                       0,158540
14662,158541,0,                       0,158539,158539,0,                       0,158541
14663,158540,0,                       0,158540,158540,0,                       0,158540
14664,158541,0,                       0,158539,158539,0,                       0,158541
14665,158540,0,                       0,158540,158540,0,                       0,158540
14666,158539,0,                       0,158541,158541,0,                       0,158539
14667,158538,0,                       0,158542,158542,0,                       0,158538
14668,158539,0,                       0,158541,158541,0,                       0,158539
14669,158540,0,                       0,158540,158540,0,                       0,158540
14670,158541,0,                       0,158539,158539,0,                       0,158541
14671,158540,0,                       0,158540,158540,0,                       0,158540
14672,158539,0,                       0,158541,158541,0,                       0,158539
14673,158538,0,                       0,158542,158542,0,                       0,158538
14674,158539,0,                       0,158541,158541,0,                       0,158539
14675,158540,0,                       0,158540,158540,0,                       0,158540
14676,158539,0,                       0,158541,158541,0,                       0,158539
14677,158538,0,                       0,158542,158542,0,                       0,158538
14678,158537,0,                       0,158543,158543,0,                       0,158537
14679,158538,0,                       0,158542,158542,0,                       0,158538
14680,158539,0,                       0,158541,158541,0,                       0,158539
14681,158540,0,                       0,158540,158540,0,                       0,158540
14682,158539,0,                       0,158541,158541,0,                       0,158539
14683,158540,0,                       0,158540,158540,0,                       0,158540
14684,158539,0,                       0,158541,158541,0,                       0,158539
14685,158538,0,                       0,158542,158542,0,                       0,158538
14686,158539,0,                       0,158541,158541,0,                       0,158539
14687,158540,0,                       0,158540,158540,0,                       0,158540
14688,158539,0,                       0,158541,158541,0,                       0,158539
14689,158538,0,                       0,158542,158542,0,                       0,158538
14690,158539,0,                       0,158541,158541,0,                       0,158539
14691,158540,0,                       0,158540,158540,0,                       0,158540
14692,158539,0,                       0,158541,158541,0,                       0,158539
14693,158538,0,                       0,158542,158542,0,                       0,158538
14694,158539,0,                       0,158541,158541,0,                       0,158539
14695,158540,0,                       0,158540,158540,0,                       0,158540
14696,158539,0,                       0,158541,158541,0,                       0,158539
14697,158540,0,                       0,158540,158540,0,                       0,158540
14698,158541,0,                       0,158539,158539,0,                       0,158541
14699,158542,0,                       0,158538,158538,0,                       0,158542
14700,158543,0,                       0,158537,158537,0,                       0,158543
14701,158544,0,                       0,158536,158536,0,                       0,158544
14702,158543,0,                       0,158537,158537,0,                       0,158543
14703,158542,0,                       0,158538,158538,0,                       0,158542
14704,158541,0,                       0,158539,158539,0,                       0,158541
14705,158540,0,                       0,158540,158540,0,                       0,158540
14706,158539,0,                       0,158541,158541,0,                       0,158539
14707,158540,0,                       0,158540,158540,0,                       0,158540
14708,158541,0,                       0,158539,158539,0,                       0,158541
14709,158542,0,                       0,158538,158538,0,                       0,158542
14710,158541,0,                       0,158539,158539,0,                       0,158541
14711,158542,0,                       0,158538,158538,0,                       0,158542
14712,158541,0,                       0,158539,158539,0,                       0,158541
14713,158542,0,                       0,158538,158538,0,                       0,158542
14714,158543,0,                       0,158537,158537,0,                       0,158543
14715,158542,0,                       0,158538,158538,0,                       0,158542
14716,158541,0,                       0,158539,158539,0,                       0,158541
14717,158542,0,                       0,158538,158538,0,                       0,158542
14718,158541,0,                       0,158539,158539,0,                       0,158541
14719,158540,0,                       0,158540,158540,0,                       0,158540
14720,158541,0,                       0,158539,158539,0,                       0,158541
14721,158540,0,                       0,158540,158540,0,                       0,158540
14722,158541,0,                       0,158539,158539,0,                       0,158541
14723,158540,0,                       0,158540,158540,0,                       0,158540
14724,158539,0,                       0,158541,158541,0,                       0,158539
14725,158540,0,                       0,158540,158540,0,                       0,158540
14726,158539,0,                       0,158541,158541,0,                       0,158539
14727,158538,0,                       0,158542,158542,0,                       0,158538
14728,158539,0,                       0,158541,158541,0,                       0,158539
14729,158540,0,                       0,158540,158540,0,                       0,158540
14730,158541,0,                       0,158539,158539,0,                       0,158541
14731,158540,0,                       0,158540,158540,0,                       0,158540
14732,158541,0,                       0,158539,158539,0,                       0,158541
14733,158540,0,                       0,158540,158540,0,                       0,158540
14734,158541,0,                       0,158539,158539,0,                       0,158541
14735,158540,0,                       0,158540,158540,0,                       0,158540
14736,158539,0,                       0,158541,158541,0,                       0,158539
14737,158538,0,                       0,158542,158542,0,                       0,158538
14738,158539,0,                       0,158541,158541,0,                       0,158539
14739,158538,0,                       0,158542,158542,0,                       0,158538
14740,158539,0,                       0,158541,158541,0,                       0,158539
14741,158540,0,                       0,158540,158540,0,                       0,158540
14742,158539,0,                       0,158541,158541,0,                       0,158539
14743,158540,0,                       0,158540,158540,0,                       0,158540
14744,158541,0,                       0,158539,158539,0,                       0,158541
14745,158540,0,                       0,158540,158540,0,                       0,158540
14746,158539,0,                       0,158541,158541,0,                       0,158539
14747,158540,0,                       0,158540,158540,0,                       0,158540
14748,158541,0,                       0,158539,158539,0,                       0,158541
14749,158540,0,                       0,158540,158540,0,                       0,158540
14750,158539,0,                       0,158541,158541,0,                       0,158539
14751,158540,0,                       0,158540,158540,0,                       0,158540
14752,158541,0,                       0,158539,158539,0,                       0,158541
14753,158542,0,                       0,158538,158538,0,                       0,158542
14754,158541,0,                       0,158539,158539,0,                       0,158541
14755,158542,0,                       0,158538,158538,0,                       0,158542
14756,158541,0,                       0,158539,158539,0,                       0,158541
14757,158542,0,                       0,158538,158538,0,                       0,158542
14758,158541,0,                       0,158539,158539,0,                       0,158541
14759,158540,0,                       0,158540,158540,0,                       0,158540
14760,158539,0,                       0,158541,158541,0,                       0,158539
14761,158540,0,                       0,158540,158540,0,                       0,158540
14762,158539,0,                       0,158541,158541,0,                       0,158539
14763,158540,0,                       0,158540,158540,0,                       0,158540
14764,158541,0,                       0,158539,158539,0,                       0,158541
14765,158540,0,                       0,158540,158540,0,                       0,158540
14766,158541,0,                       0,158539,158539,0,                       0,158541
14767,158540,0,                       0,158540,158540,0,                       0,158540
14768,158541,0,                       0,158539,158539,0,                       0,158541
14769,158540,0,                       0,158540,158540,0,                       0,158540
14770,158539,0,                       0,158541,158541,0,                       0,158539
14771,158538,0,                       0,158542,158542,0,                       0,158538
14772,158539,0,                       0,158541,158541,0,                       0,158539
14773,158538,0,                       0,158542,158542,0,                       0,158538
14774,158539,0,                       0,158541,158541,0,                       0,158539
14775,158540,0,                       0,158540,158540,0,                       0,158540
14776,158541,0,                       0,158539,158539,0,                       0,158541
14777,158540,0,                       0,158540,158540,0,                       0,158540
14778,158539,0,                       0,158541,158541,0,                       0,158539
14779,158538,0,                       0,158542,158542,0,                       0,158538
14780,158537,0,                       0,158543,158543,0,                       0,158537
14781,158538,0,                       0,158542,158542,0,                       0,158538
14782,158537,0,                       0,158543,158543,0,                       0,158537
14783,158538,0,                       0,158542,158542,0,                       0,158538
14784,158539,0,                       0,158541,158541,0,                       0,158539
14785,158540,0,                       0,158540,158540,0,                       0,158540
14786,158539,0,                       0,158541,158541,0,                       0,158539
14787,158540,0,                       0,158540,158540,0,                       0,158540
14788,158539,0,                       0,158541,158541,0,                       0,158539
14789,158540,0,                       0,158540,158540,0,                       0,158540
14790,158539,0,                       0,158541,158541,0,                       0,158539
14791,158540,0,                       0,158540,158540,0,                       0,158540
14792,158539,0,                       0,158541,158541,0,                       0,158539
14793,158540,0,                       0,158540,158540,0,                       0,158540
14794,158539,0,                       0,158541,158541,0,                       0,158539
14795,158540,0,                       0,158540,158540,0,                       0,158540
14796,158539,0,                       0,158541,158541,0,                       0,158539
14797,158540,0,                       0,158540,158540,0,                       0,158540
14798,158539,0,                       0,158541,158541,0,                       0,158539
14799,158538,0,                       0,158542,158542,0,                       0,158538
14800,158539,0,                       0,158541,158541,0,                       0,158539
14801,158538,0,                       0,158542,158542,0,                       0,158538
14802,158539,0,                       0,158541,158541,0,                       0,158539
14803,158540,0,                       0,158540,158540,0,                       0,158540
14804,158539,0,                       0,158541,158541,0,                       0,158539
14805,158540,0,                       0,158540,158540,0,                       0,158540
14806,158539,0,                       0,158541,158541,0,                       0,158539
14807,158538,0,                       0,158542,158542,0,                       0,158538
14808,158539,0,                       0,158541,158541,0,                       0,158539
14809,158540,0,                       0,158540,158540,0,                       0,158540
14810,158541,0,                       0,158539,158539,0,                       0,158541
14811,158540,0,                       0,158540,158540,0,                       0,158540
14812,158539,0,                       0,158541,158541,0,                       0,158539
14813,158538,0,                       0,158542,158542,0,                       0,158538
14814,158539,0,                       0,158541,158541,0,                       0,158539
14815,158540,0,                       0,158540,158540,0,                       0,158540
14816,158541,0,                       0,158539,158539,0,                       0,158541
14817,158540,0,                       0,158540,158540,0,                       0,158540
14818,158539,0,                       0,158541,158541,0,                       0,158539
14819,158538,0,                       0,158542,158542,0,                       0,158538
14820,158539,0,                       0,158541,158541,0,                       0,158539
14821,158538,0,                       0,158542,158542,0,                       0,158538
14822,158539,0,                       0,158541,158541,0,                       0,158539
14823,158540,0,                       0,158540,158540,0,                       0,158540
14824,158539,0,                       0,158541,158541,0,                       0,158539
14825,158538,0,                       0,158542,158542,0,                       0,158538
14826,158539,0,                       0,158541,158541,0,                       0,158539
14827,158540,0,                       0,158540,158540,0,                       0,158540
14828,158541,0,                       0,158539,158539,0,                       0,158541
14829,158542,0,                       0,158538,158538,0,                       0,158542
14830,158541,0,                       0,158539,158539,0,                       0,158541
14831,158540,0,                       0,158540,158540,0,                       0,158540
14832,158539,0,                       0,158541,158541,0,                       0,158539
14833,158540,0,                       0,158540,158540,0,                       0,158540
14834,158539,0,                       0,158541,158541,0,                       0,158539
14835,158540,0,                       0,158540,158540,0,                       0,158540
14836,158539,0,                       0,158541,158541,0,                       0,158539
14837,158540,0,                       0,158540,158540,0,                       0,158540
14838,158539,0,                       0,158541,158541,0,                       0,158539
14839,158540,0,                       0,158540,158540,0,                       0,158540
14840,158541,0,                       0,158539,158539,0,                       0,158541
14841,158540,0,                       0,158540,158540,0,                       0,158540
14842,158541,0,                       0,158539,158539,0,                       0,158541
14843,158540,0,                       0,158540,158540,0,                       0,158540
14844,158541,0,                       0,158539,158539,0,                       0,158541
14845,158540,0,                       0,158540,158540,0,                       0,158540
14846,158541,0,                       0,158539,158539,0,                       0,158541
14847,158542,0,                       0,158538,158538,0,                       0,158542
14848,158543,0,                       0,158537,158537,0,                       0,158543
14849,158542,0,                       0,158538,158538,0,                       0,158542
14850,158541,0,                       0,158539,158539,0,                       0,158541
14851,158540,0,                       0,158540,158540,0,                       0,158540
14852,158539,0,                       0,158541,158541,0,                       0,158539
14853,158540,0,                       0,158540,158540,0,                       0,158540
14854,158541,0,                       0,158539,158539,0,                       0,158541
14855,158540,0,                       0,158540,158540,0,                       0,158540
14856,158541,0,                       0,158539,158539,0,                       0,158541
14857,158542,0,                       0,158538,158538,0,                       0,158542
14858,158541,0,                       0,158539,158539,0,                       0,158541
14859,158540,0,                       0,158540,158540,0,                       0,158540
14860,158539,0,                       0,158541,158541,0,                       0,158539
14861,158538,0,                       0,158542,158542,0,                       0,158538
14862,158539,0,                       0,158541,158541,0,                       0,158539
14863,158540,0,                       0,158540,158540,0,                       0,158540
14864,158541,0,                       0,158539,158539,0,                       0,158541
14865,158540,0,                       0,158540,158540,0,                       0,158540
14866,158539,0,                       0,158541,158541,0,                       0,158539
14867,158540,0,                       0,158540,158540,0,                       0,158540
14868,158541,0,                       0,158539,158539,0,                       0,158541
14869,158540,0,                       0,158540,158540,0,                       0,158540
14870,158539,0,                       0,158541,158541,0,                       0,158539
14871,158540,0,                       0,158540,158540,0,                       0,158540
14872,158539,0,                       0,158541,158541,0,                       0,158539
14873,158540,0,                       0,158540,158540,0,                       0,158540
14874,158541,0,                       0,158539,158539,0,                       0,158541
14875,158540,0,                       0,158540,158540,0,                       0,158540
14876,158539,0,                       0,158541,158541,0,                       0,158539
14877,158540,0,                       0,158540,158540,0,                       0,158540
14878,158541,0,                       0,158539,158539,0,                       0,158541
14879,158540,0,                       0,158540,158540,0,                       0,158540
14880,158541,0,                       0,158539,158539,0,                       0,158541
14881,158540,0,                       0,158540,158540,0,                       0,158540
14882,158539,0,                       0,158541,158541,0,                       0,158539
14883,158540,0,                       0,158540,158540,0,                       0,158540
14884,158541,0,                       0,158539,158539,0,                       0,158541
14885,158542,0,                       0,158538,158538,0,                       0,158542
14886,158543,0,                       0,158537,158537,0,                       0,158543
14887,158542,0,                       0,158538,158538,0,                       0,158542
14888,158543,0,                       0,158537,158537,0,                       0,158543
14889,158542,0,                       0,158538,158538,0,                       0,158542
14890,158541,0,                       0,158539,158539,0,                       0,158541
14891,158540,0,                       0,158540,158540,0,                       0,158540
14892,158539,0,                       0,158541,158541,0,                       0,158539
14893,158540,0,                       0,158540,158540,0,                       0,158540
14894,158541,0,                       0,158539,158539,0,                       0,158541
14895,158542,0,                       0,158538,158538,0,                       0,158542
14896,158541,0,                       0,158539,158539,0,                       0,158541
14897,158540,0,                       0,158540,158540,0,                       0,158540
14898,158541,0,                       0,158539,158539,0,                       0,158541
14899,158540,0,                       0,158540,158540,0,                       0,158540
14900,158541,0,                       0,158539,158539,0,                       0,158541
14901,158542,0,                       0,158538,158538,0,                       0,158542
14902,158541,0,                       0,158539,158539,0,                       0,158541
14903,158540,0,                       0,158540,158540,0,                       0,158540
14904,158541,0,                       0,158539,158539,0,                       0,158541
14905,158542,0,                       0,158538,158538,0,                       0,158542
14906,158541,0,                       0,158539,158539,0,                       0,158541
14907,158540,0,                       0,158540,158540,0,                       0,158540
14908,158539,0,                       0,158541,158541,0,                       0,158539
14909,158540,0,                       0,158540,158540,0,                       0,158540
14910,158541,0,                       0,158539,158539,0,                       0,158541
14911,158542,0,                       0,158538,158538,0,                       0,158542
14912,158541,0,                       0,158539,158539,0,                       0,158541
14913,158540,0,                       0,158540,158540,0,                       0,158540
14914,158539,0,                       0,158541,158541,0,                       0,158539
14915,158540,0,                       0,158540,158540,0,                       0,158540
14916,158539,0,                       0,158541,158541,0,                       0,158539
14917,158538,0,                       0,158542,158542,0,                       0,158538
14918,158539,0,                       0,158541,158541,0,                       0,158539
14919,158540,0,                       0,158540,158540,0,                       0,158540
14920,158541,0,                       0,158539,158539,0,                       0,158541
14921,158540,0,                       0,158540,158540,0,                       0,158540
14922,158539,0,                       0,158541,158541,0,                       0,158539
14923,158538,0,                       0,158542,158542,0,                       0,158538
14924,158539,0,                       0,158541,158541,0,                       0,158539
14925,158538,0,                       0,158542,158542,0,                       0,158538
14926,158537,0,                       0,158543,158543,0,                       0,158537
14927,158538,0,                       0,158542,158542,0,                       0,158538
14928,158539,0,                       0,158541,158541,0,                       0,158539
14929,158538,0,                       0,158542,158542,0,                       0,158538
14930,158539,0,                       0,158541,158541,0,                       0,158539
14931,158540,0,                       0,158540,158540,0,                       0,158540
14932,158539,0,                       0,158541,158541,0,                       0,158539
14933,158540,0,                       0,158540,158540,0,                       0,158540
14934,158539,0,                       0,158541,158541,0,                       0,158539
14935,158540,0,                       0,158540,158540,0,                       0,158540
14936,158539,0,                       0,158541,158541,0,                       0,158539
14937,158538,0,                       0,158542,158542,0,                       0,158538
14938,158539,0,                       0,158541,158541,0,                       0,158539
14939,158540,0,                       0,158540,158540,0,                       0,158540
14940,158539,0,                       0,158541,158541,0,                       0,158539
14941,158540,0,                       0,158540,158540,0,                       0,158540
14942,158539,0,                       0,158541,158541,0,                       0,158539
14943,158540,0,                       0,158540,158540,0,                       0,158540
14944,158541,0,                       0,158539,158539,0,                       0,158541
14945,158542,0,                       0,158538,158538,0,                       0,158542
14946,158541,0,                       0,158539,158539,0,                       0,158541
14947,158540,0,                       0,158540,158540,0,                       0,158540
14948,158539,0,                       0,158541,158541,0,                       0,158539
14949,158540,0,                       0,158540,158540,0,                       0,158540
14950,158539,0,                       0,158541,158541,0,                       0,158539
14951,158540,0,                       0,158540,158540,0,                       0,158540
14952,158539,0,                       0,158541,158541,0,                       0,158539
14953,158540,0,                       0,158540,158540,0,                       0,158540
14954,158541,0,                       0,158539,158539,0,                       0,158541
14955,158542,0,                       0,158538,158538,0,                       0,158542
14956,158541,0,                       0,158539,158539,0,                       0,158541
14957,158542,0,                       0,158538,158538,0,                       0,158542
14958,158541,0,                       0,158539,158539,0,                       0,158541
14959,158540,0,                       0,158540,158540,0,                       0,158540
14960,158539,0,                       0,158541,158541,0,                       0,158539
14961,158540,0,                       0,158540,158540,0,                       0,158540
14962,158539,0,                       0,158541,158541,0,                       0,158539
14963,158540,0,                       0,158540,158540,0,                       0,158540
14964,158539,0,                       0,158541,158541,0,                       0,158539
14965,158540,0,                       0,158540,158540,0,                       0,158540
14966,158541,0,                       0,158539,158539,0,                       0,158541
14967,158542,0,                       0,158538,158538,0,                       0,158542
14968,158543,0,                       0,158537,158537,0,                       0,158543
14969,158542,0,                       0,158538,158538,0,                       0,158542
14970,158543,0,                       0,158537,158537,0,                       0,158543
14971,158542,0,                       0,158538,158538,0,                       0,158542
14972,158541,0,                       0,158539,158539,0,                       0,158541
14973,158542,0,                       0,158538,158538,0,                       0,158542
14974,158541,0,                       0,158539,158539,0,                       0,158541
14975,158540,0,                       0,158540,158540,0,                       0,158540
14976,158541,0,                       0,158539,158539,0,                       0,158541
14977,158540,0,                       0,158540,158540,0,                       0,158540
14978,158541,0,                       0,158539,158539,0,                       0,158541
14979,158540,0,                       0,158540,158540,0,                       0,158540
14980,158539,0,                       0,158541,158541,0,                       0,158539
14981,158538,0,                       0,158542,158542,0,                       0,158538
14982,158537,0,                       0,158543,158543,0,                       0,158537
14983,158536,0,                       0,158544,158544,0,                       0,158536
14984,158537,0,                       0,158543,158543,0,                       0,158537
14985,158538,0,                       0,158542,158542,0,                       0,158538
14986,158539,0,                       0,158541,158541,0,                       0,158539
14987,158540,0,                       0,158540,158540,0,                       0,158540
14988,158541,0,                       0,158539,158539,0,                       0,158541
14989,158542,0,                       0,158538,158538,0,                       0,158542
14990,158543,0,                       0,158537,158537,0,                       0,158543
14991,158542,0,                       0,158538,158538,0,                       0,158542
14992,158541,0,                       0,158539,158539,0,                       0,158541
14993,158540,0,                       0,158540,158540,0,                       0,158540
14994,158539,0,                       0,158541,158541,0,                       0,158539
14995,158540,0,                       0,158540,158540,0,                       0,158540
14996,158541,0,                       0,158539,158539,0,                       0,158541
14997,158540,0,                       0,158540,158540,0,                       0,158540
14998,158541,0,                       0,158539,158539,0,                       0,158541
14999,158540,0,                       0,158540,158540,0,                       0,158540
15000,158541,0,                       0,158539,158539,0,                       0,158541
15001,158542,0,                       0,158538,158538,0,                       0,158542
15002,158541,0,                       0,158539,158539,0,                       0,158541
15003,158540,0,                       0,158540,158540,0,                       0,158540
15004,158539,0,                       0,158541,158541,0,                       0,158539
15005,158538,0,                       0,158542,158542,0,                       0,158538
15006,158539,0,                       0,158541,158541,0,                       0,158539
15007,158540,0,                       0,158540,158540,0,                       0,158540
15008,158539,0,                       0,158541,158541,0,                       0,158539
15009,158540,0,                       0,158540,158540,0,                       0,158540
15010,158539,0,                       0,158541,158541,0,                       0,158539
15011,158538,0,                       0,158542,158542,0,                       0,158538
15012,158537,0,                       0,158543,158543,0,                       0,158537
15013,158536,0,                       0,158544,158544,0,                       0,158536
15014,158535,0,                       0,158545,158545,0,                       0,158535
15015,158534,0,                       0,158546,158546,0,                       0,158534
15016,158533,0,                       0,158547,158547,0,                       0,158533
15017,158534,0,                       0,158546,158546,0,                       0,158534
15018,158535,0,                       0,158545,158545,0,                       0,158535
15019,158536,0,                       0,158544,158544,0,                       0,158536
15020,158537,0,                       0,158543,158543,0,                       0,158537
15021,158538,0,                       0,158542,158542,0,                       0,158538
15022,158539,0,                       0,158541,158541,0,                       0,158539
15023,158540,0,                       0,158540,158540,0,                       0,158540
15024,158539,0,                       0,158541,158541,0,                       0,158539
15025,158540,0,                       0,158540,158540,0,                       0,158540
15026,158541,0,                       0,158539,158539,0,                       0,158541
15027,158540,0,                       0,158540,158540,0,                       0,158540
15028,158539,0,                       0,158541,158541,0,                       0,158539
15029,158538,0,                       0,158542,158542,0,                       0,158538
15030,158537,0,                       0,158543,158543,0,                       0,158537
15031,158538,0,                       0,158542,158542,0,                       0,158538
15032,158539,0,                       0,158541,158541,0,                       0,158539
15033,158540,0,                       0,158540,158540,0,                       0,158540
15034,158539,0,                       0,158541,158541,0,                       0,158539
15035,158538,0,                       0,158542,158542,0,                       0,158538
15036,158539,0,                       0,158541,158541,0,                       0,158539
15037,158540,0,                       0,158540,158540,0,                       0,158540
15038,158541,0,                       0,158539,158539,0,                       0,158541
15039,158540,0,                       0,158540,158540,0,                       0,158540
15040,158541,0,                       0,158539,158539,0,                       0,158541
15041,158540,0,                       0,158540,158540,0,                       0,158540
15042,158541,0,                       0,158539,158539,0,                       0,158541
15043,158540,0,                       0,158540,158540,0,                       0,158540
15044,158541,0,                       0,158539,158539,0,                       0,158541
15045,158540,0,                       0,158540,158540,0,                       0,158540
15046,158541,0,                       0,158539,158539,0,                       0,158541
15047,158542,0,                       0,158538,158538,0,                       0,158542
15048,158541,0,                       0,158539,158539,0,                       0,158541
15049,158540,0,                       0,158540,158540,0,                       0,158540
15050,158541,0,                       0,158539,158539,0,                       0,158541
15051,158540,0,                       0,158540,158540,0,                       0,158540
15052,158541,0,                       0,158539,158539,0,                       0,158541
15053,158540,0,                       0,158540,158540,0,                       0,158540
15054,158541,0,                       0,158539,158539,0,                       0,158541
15055,158540,0,                       0,158540,158540,0,                       0,158540
15056,158539,0,                       0,158541,158541,0,                       0,158539
15057,158540,0,                       0,158540,158540,0,                       0,158540
15058,158539,0,                       0,158541,158541,0,                       0,158539
15059,158540,0,                       0,158540,158540,0,                       0,158540
15060,158541,0,                       0,158539,158539,0,                       0,158541
15061,158540,0,                       0,158540,158540,0,                       0,158540
15062,158539,0,                       0,158541,158541,0,                       0,158539
15063,158540,0,                       0,158540,158540,0,                       0,158540
15064,158541,0,                       0,158539,158539,0,                       0,158541
15065,158540,0,                       0,158540,158540,0,                       0,158540
15066,158539,0,                       0,158541,158541,0,                       0,158539
15067,158540,0,                       0,158540,158540,0,                       0,158540
15068,158539,0,                       0,158541,158541,0,                       0,158539
15069,158538,0,                       0,158542,158542,0,                       0,158538
15070,158539,0,                       0,158541,158541,0,                       0,158539
15071,158540,0,                       0,158540,158540,0,                       0,158540
15072,158541,0,                       0,158539,158539,0,                       0,158541
15073,158540,0,                       0,158540,158540,0,                       0,158540
15074,158539,0,                       0,158541,158541,0,                       0,158539
15075,158540,0,                       0,158540,158540,0,                       0,158540
15076,158539,0,                       0,158541,158541,0,                       0,158539
15077,158540,0,                       0,158540,158540,0,                       0,158540
15078,158539,0,                       0,158541,158541,0,                       0,158539
15079,158540,0,                       0,158540,158540,0,                       0,158540
15080,158539,0,                       0,158541,158541,0,                       0,158539
15081,158538,0,                       0,158542,158542,0,                       0,158538
15082,158539,0,                       0,158541,158541,0,                       0,158539
15083,158538,0,                       0,158542,158542,0,                       0,158538
15084,158539,0,                       0,158541,158541,0,                       0,158539
15085,158540,0,                       0,158540,158540,0,                       0,158540
15086,158539,0,                       0,158541,158541,0,                       0,158539
15087,158540,0,                       0,158540,158540,0,                       0,158540
15088,158539,0,                       0,158541,158541,0,                       0,158539
15089,158540,0,                       0,158540,158540,0,                       0,158540
15090,158539,0,                       0,158541,158541,0,                       0,158539
15091,158538,0,                       0,158542,158542,0,                       0,158538
15092,158539,0,                       0,158541,158541,0,                       0,158539
15093,158540,0,                       0,158540,158540,0,                       0,158540
15094,158541,0,                       0,158539,158539,0,                       0,158541
15095,158540,0,                       0,158540,158540,0,                       0,158540
15096,158541,0,                       0,158539,158539,0,                       0,158541
15097,158540,0,                       0,158540,158540,0,                       0,158540
15098,158541,0,                       0,158539,158539,0,                       0,158541
15099,158540,0,                       0,158540,158540,0,                       0,158540
15100,158539,0,                       0,158541,158541,0,                       0,158539
15101,158540,0,                       0,158540,158540,0,                       0,158540
15102,158539,0,                       0,158541,158541,0,                       0,158539
15103,158538,0,                       0,158542,158542,0,                       0,158538
15104,158539,0,                       0,158541,158541,0,                       0,158539
15105,158540,0,                       0,158540,158540,0,                       0,158540
15106,158539,0,                       0,158541,158541,0,                       0,158539
15107,158540,0,                       0,158540,158540,0,                       0,158540
15108,158541,0,                       0,158539,158539,0,                       0,158541
15109,158540,0,                       0,158540,158540,0,                       0,158540
15110,158541,0,                       0,158539,158539,0,                       0,158541
15111,158542,0,                       0,158538,158538,0,                       0,158542
15112,158541,0,                       0,158539,158539,0,                       0,158541
15113,158542,0,                       0,158538,158538,0,                       0,158542
15114,158541,0,                       0,158539,158539,0,                       0,158541
15115,158540,0,                       0,158540,158540,0,                       0,158540
15116,158541,0,                       0,158539,158539,0,                       0,158541
15117,158540,0,                       0,158540,158540,0,                       0,158540
15118,158539,0,                       0,158541,158541,0,                       0,158539
15119,158538,0,                       0,158542,158542,0,                       0,158538
15120,158539,0,                       0,158541,158541,0,                       0,158539
15121,158538,0,                       0,158542,158542,0,                       0,158538
15122,158539,0,                       0,158541,158541,0,                       0,158539
15123,158538,0,                       0,158542,158542,0,                       0,158538
15124,158539,0,                       0,158541,158541,0,                       0,158539
15125,158540,0,                       0,158540,158540,0,                       0,158540
15126,158539,0,                       0,158541,158541,0,                       0,158539
15127,158538,0,                       0,158542,158542,0,                       0,158538
15128,158537,0,                       0,158543,158543,0,                       0,158537
15129,158536,0,                       0,158544,158544,0,                       0,158536
15130,158537,0,                       0,158543,158543,0,                       0,158537
15131,158538,0,                       0,158542,158542,0,                       0,158538
15132,158537,0,                       0,158543,158543,0,                       0,158537
15133,158536,0,                       0,158544,158544,0,                       0,158536
15134,158537,0,                       0,158543,158543,0,                       0,158537
15135,158538,0,                       0,158542,158542,0,                       0,158538
15136,158539,0,                       0,158541,158541,0,                       0,158539
15137,158540,0,                       0,158540,158540,0,                       0,158540
15138,158541,0,                       0,158539,158539,0,                       0,158541
15139,158542,0,                       0,158538,158538,0,                       0,158542
15140,158541,0,                       0,158539,158539,0,                       0,158541
15141,158542,0,                       0,158538,158538,0,                       0,158542
15142,158541,0,                       0,158539,158539,0,                       0,158541
15143,158542,0,                       0,158538,158538,0,                       0,158542
15144,158541,0,                       0,158539,158539,0,                       0,158541
15145,158542,0,                       0,158538,158538,0,                       0,158542
15146,158541,0,                       0,158539,158539,0,                       0,158541
15147,158540,0,                       0,158540,158540,0,                       0,158540
15148,158541,0,                       0,158539,158539,0,                       0,158541
15149,158542,0,                       0,158538,158538,0,                       0,158542
15150,158543,0,                       0,158537,158537,0,                       0,158543
15151,158542,0,                       0,158538,158538,0,                       0,158542
15152,158541,0,                       0,158539,158539,0,                       0,158541
15153,158540,0,                       0,158540,158540,0,                       0,158540
15154,158541,0,                       0,158539,158539,0,                       0,158541
15155,158542,0,                       0,158538,158538,0,                       0,158542
15156,158541,0,                       0,158539,158539,0,                       0,158541
15157,158542,0,                       0,158538,158538,0,                       0,158542
15158,158543,0,                       0,158537,158537,0,                       0,158543
15159,158544,0,                       0,158536,158536,0,                       0,158544
15160,158543,0,                       0,158537,158537,0,                       0,158543
15161,158542,0,                       0,158538,158538,0,                       0,158542
15162,158541,0,                       0,158539,158539,0,                       0,158541
15163,158540,0,                       0,158540,158540,0,                       0,158540
15164,158541,0,                       0,158539,158539,0,                       0,158541
15165,158540,0,                       0,158540,158540,0,                       0,158540
15166,158539,0,                       0,158541,158541,0,                       0,158539
15167,158540,0,                       0,158540,158540,0,                       0,158540
15168,158539,0,                       0,158541,158541,0,                       0,158539
15169,158540,0,                       0,158540,158540,0,                       0,158540
15170,158539,0,                       0,158541,158541,0,                       0,158539
15171,158540,0,                       0,158540,158540,0,                       0,158540
15172,158539,0,                       0,158541,158541,0,                       0,158539
15173,158540,0,                       0,158540,158540,0,                       0,158540
15174,158541,0,                       0,158539,158539,0,                       0,158541
15175,158542,0,                       0,158538,158538,0,                       0,158542
15176,158541,0,                       0,158539,158539,0,                       0,158541
15177,158540,0,                       0,158540,158540,0,                       0,158540
15178,158539,0,                       0,158541,158541,0,                       0,158539
15179,158538,0,                       0,158542,158542,0,                       0,158538
15180,158537,0,                       0,158543,158543,0,                       0,158537
15181,158538,0,                       0,158542,158542,0,                       0,158538
15182,158539,0,                       0,158541,158541,0,                       0,158539
15183,158538,0,                       0,158542,158542,0,                       0,158538
15184,158539,0,                       0,158541,158541,0,                       0,158539
15185,158540,0,                       0,158540,158540,0,                       0,158540
15186,158539,0,                       0,158541,158541,0,                       0,158539
15187,158540,0,                       0,158540,158540,0,                       0,158540
15188,158541,0,                       0,158539,158539,0,                       0,158541
15189,158540,0,                       0,158540,158540,0,                       0,158540
15190,158539,0,                       0,158541,158541,0,                       0,158539
15191,158538,0,                       0,158542,158542,0,                       0,158538
15192,158539,0,                       0,158541,158541,0,                       0,158539
15193,158540,0,                       0,158540,158540,0,                       0,158540
15194,158539,0,                       0,158541,158541,0,                       0,158539
15195,158538,0,                       0,158542,158542,0,                       0,158538
15196,158539,0,                       0,158541,158541,0,                       0,158539
15197,158540,0,                       0,158540,158540,0,                       0,158540
15198,158539,0,                       0,158541,158541,0,                       0,158539
15199,158540,0,                       0,158540,158540,0,                       0,158540
15200,158541,0,                       0,158539,158539,0,                       0,158541
15201,158540,0,                       0,158540,158540,0,                       0,158540
15202,158541,0,                       0,158539,158539,0,                       0,158541
15203,158542,0,                       0,158538,158538,0,                       0,158542
15204,158541,0,                       0,158539,158539,0,                       0,158541
15205,158540,0,                       0,158540,158540,0,                       0,158540
15206,158541,0,                       0,158539,158539,0,                       0,158541
15207,158540,0,                       0,158540,158540,0,                       0,158540
15208,158539,0,                       0,158541,158541,0,                       0,158539
15209,158540,0,                       0,158540,158540,0,                       0,158540
15210,158539,0,                       0,158541,158541,0,                       0,158539
15211,158538,0,                       0,158542,158542,0,                       0,158538
15212,158539,0,                       0,158541,158541,0,                       0,158539
15213,158540,0,                       0,158540,158540,0,                       0,158540
15214,158539,0,                       0,158541,158541,0,                       0,158539
15215,158540,0,                       0,158540,158540,0,                       0,158540
15216,158541,0,                       0,158539,158539,0,                       0,158541
15217,158540,0,                       0,158540,158540,0,                       0,158540
15218,158541,0,                       0,158539,158539,0,                       0,158541
15219,158542,0,                       0,158538,158538,0,                       0,158542
15220,158541,0,                       0,158539,158539,0,                       0,158541
15221,158540,0,                       0,158540,158540,0,                       0,158540
15222,158541,0,                       0,158539,158539,0,                       0,158541
15223,158540,0,                       0,158540,158540,0,                       0,158540
15224,158539,0,                       0,158541,158541,0,                       0,158539
15225,158538,0,                       0,158542,158542,0,                       0,158538
15226,158539,0,                       0,158541,158541,0,                       0,158539
15227,158538,0,                       0,158542,158542,0,                       0,158538
15228,158537,0,                       0,158543,158543,0,                       0,158537
15229,158536,0,                       0,158544,158544,0,                       0,158536
15230,158537,0,                       0,158543,158543,0,                       0,158537
15231,158538,0,                       0,158542,158542,0,                       0,158538
15232,158539,0,                       0,158541,158541,0,                       0,158539
15233,158540,0,                       0,158540,158540,0,                       0,158540
15234,158539,0,                       0,158541,158541,0,                       0,158539
15235,158538,0,                       0,158542,158542,0,                       0,158538
15236,158537,0,                       0,158543,158543,0,                       0,158537
15237,158538,0,                       0,158542,158542,0,                       0,158538
15238,158539,0,                       0,158541,158541,0,                       0,158539
15239,158540,0,                       0,158540,158540,0,                       0,158540
15240,158539,0,                       0,158541,158541,0,                       0,158539
15241,158540,0,                       0,158540,158540,0,                       0,158540
15242,158539,0,                       0,158541,158541,0,                       0,158539
15243,158540,0,                       0,158540,158540,0,                       0,158540
15244,158541,0,                       0,158539,158539,0,                       0,158541
15245,158540,0,                       0,158540,158540,0,                       0,158540
15246,158539,0,                       0,158541,158541,0,                       0,158539
15247,158540,0,                       0,158540,158540,0,                       0,158540
15248,158541,0,                       0,158539,158539,0,                       0,158541
15249,158540,0,                       0,158540,158540,0,                       0,158540
15250,158539,0,                       0,158541,158541,0,                       0,158539
15251,158540,0,                       0,158540,158540,0,                       0,158540
15252,158541,0,                       0,158539,158539,0,                       0,158541
15253,158540,0,                       0,158540,158540,0,                       0,158540
15254,158539,0,                       0,158541,158541,0,                       0,158539
15255,158538,0,                       0,158542,158542,0,                       0,158538
15256,158539,0,                       0,158541,158541,0,                       0,158539
15257,158540,0,                       0,158540,158540,0,                       0,158540
15258,158539,0,                       0,158541,158541,0,                       0,158539
15259,158538,0,                       0,158542,158542,0,                       0,158538
15260,158539,0,                       0,158541,158541,0,                       0,158539
15261,158540,0,                       0,158540,158540,0,                       0,158540
15262,158539,0,                       0,158541,158541,0,                       0,158539
15263,158538,0,                       0,158542,158542,0,                       0,158538
15264,158539,0,                       0,158541,158541,0,                       0,158539
15265,158538,0,                       0,158542,158542,0,                       0,158538
15266,158539,0,                       0,158541,158541,0,                       0,158539
15267,158538,0,                       0,158542,158542,0,                       0,158538
15268,158539,0,                       0,158541,158541,0,                       0,158539
15269,158538,0,                       0,158542,158542,0,                       0,158538
15270,158539,0,                       0,158541,158541,0,                       0,158539
15271,158538,0,                       0,158542,158542,0,                       0,158538
15272,158537,0,                       0,158543,158543,0,                       0,158537
15273,158538,0,                       0,158542,158542,0,                       0,158538
15274,158539,0,                       0,158541,158541,0,                       0,158539
15275,158540,0,                       0,158540,158540,0,                       0,158540
15276,158541,0,                       0,158539,158539,0,                       0,158541
15277,158540,0,                       0,158540,158540,0,                       0,158540
15278,158541,0,                       0,158539,158539,0,                       0,158541
15279,158542,0,                       0,158538,158538,0,                       0,158542
15280,158543,0,                       0,158537,158537,0,                       0,158543
15281,158542,0,                       0,158538,158538,0,                       0,158542
15282,158543,0,                       0,158537,158537,0,                       0,158543
15283,158544,0,                       0,158536,158536,0,                       0,158544
15284,158543,0,                       0,158537,158537,0,                       0,158543
15285,158544,0,                       0,158536,158536,0,                       0,158544
15286,158543,0,                       0,158537,158537,0,                       0,158543
15287,158542,0,                       0,158538,158538,0,                       0,158542
15288,158541,0,                       0,158539,158539,0,                       0,158541
15289,158540,0,                       0,158540,158540,0,                       0,158540
15290,158539,0,                       0,158541,158541,0,                       0,158539
15291,158538,0,                       0,158542,158542,0,                       0,158538
15292,158537,0,                       0,158543,158543,0,                       0,158537
15293,158538,0,                       0,158542,158542,0,                       0,158538
15294,158539,0,                       0,158541,158541,0,                       0,158539
15295,158538,0,                       0,158542,158542,0,                       0,158538
15296,158539,0,                       0,158541,158541,0,                       0,158539
15297,158540,0,                       0,158540,158540,0,                       0,158540
15298,158539,0,                       0,158541,158541,0,                       0,158539
15299,158540,0,                       0,158540,158540,0,                       0,158540
15300,158539,0,                       0,158541,158541,0,                       0,158539
15301,158538,0,                       0,158542,158542,0,                       0,158538
15302,158539,0,                       0,158541,158541,0,                       0,158539
15303,158538,0,                       0,158542,158542,0,                       0,158538
15304,158539,0,                       0,158541,158541,0,                       0,158539
15305,158540,0,                       0,158540,158540,0,                       0,158540
15306,158539,0,                       0,158541,158541,0,                       0,158539
15307,158538,0,                       0,158542,158542,0,                       0,158538
15308,158537,0,                       0,158543,158543,0,                       0,158537
15309,158538,0,                       0,158542,158542,0,                       0,158538
15310,158539,0,                       0,158541,158541,0,                       0,158539
15311,158538,0,                       0,158542,158542,0,                       0,158538
15312,158539,0,                       0,158541,158541,0,                       0,158539
15313,158540,0,                       0,158540,158540,0,                       0,158540
15314,158539,0,                       0,158541,158541,0,                       0,158539
15315,158540,0,                       0,158540,158540,0,                       0,158540
15316,158541,0,                       0,158539,158539,0,                       0,158541
15317,158540,0,                       0,158540,158540,0,                       0,158540
15318,158539,0,                       0,158541,158541,0,                       0,158539
15319,158540,0,                       0,158540,158540,0,                       0,158540
15320,158541,0,                       0,158539,158539,0,                       0,158541
15321,158540,0,                       0,158540,158540,0,                       0,158540
15322,158539,0,                       0,158541,158541,0,                       0,158539
15323,158540,0,                       0,158540,158540,0,                       0,158540
15324,158541,0,                       0,158539,158539,0,                       0,158541
15325,158540,0,                       0,158540,158540,0,                       0,158540
15326,158539,0,                       0,158541,158541,0,                       0,158539
15327,158540,0,                       0,158540,158540,0,                       0,158540
15328,158539,0,                       0,158541,158541,0,                       0,158539
15329,158540,0,                       0,158540,158540,0,                       0,158540
15330,158541,0,                       0,158539,158539,0,                       0,158541
15331,158542,0,                       0,158538,158538,0,                       0,158542
15332,158541,0,                       0,158539,158539,0,                       0,158541
15333,158540,0,                       0,158540,158540,0,                       0,158540
15334,158541,0,                       0,158539,158539,0,                       0,158541
15335,158542,0,                       0,158538,158538,0,                       0,158542
15336,158541,0,                       0,158539,158539,0,                       0,158541
15337,158540,0,                       0,158540,158540,0,                       0,158540
15338,158541,0,                       0,158539,158539,0,                       0,158541
15339,158542,0,                       0,158538,158538,0,                       0,158542
15340,158541,0,                       0,158539,158539,0,                       0,158541
15341,158540,0,                       0,158540,158540,0,                       0,158540
15342,158539,0,                       0,158541,158541,0,                       0,158539
15343,158540,0,                       0,158540,158540,0,                       0,158540
15344,158541,0,                       0,158539,158539,0,                       0,158541
15345,158540,0,                       0,158540,158540,0,                       0,158540
15346,158539,0,                       0,158541,158541,0,                       0,158539
15347,158540,0,                       0,158540,158540,0,                       0,158540
15348,158539,0,                       0,158541,158541,0,                       0,158539
15349,158540,0,                       0,158540,158540,0,                       0,158540
15350,158541,0,                       0,158539,158539,0,                       0,158541
15351,158542,0,                       0,158538,158538,0,                       0,158542
15352,158541,0,                       0,158539,158539,0,                       0,158541
15353,158540,0,                       0,158540,158540,0,                       0,158540
15354,158541,0,                       0,158539,158539,0,                       0,158541
15355,158540,0,                       0,158540,158540,0,                       0,158540
15356,158541,0,                       0,158539,158539,0,                       0,158541
15357,158540,0,                       0,158540,158540,0,                       0,158540
15358,158539,0,                       0,158541,158541,0,                       0,158539
15359,158538,0,                       0,158542,158542,0,                       0,158538
15360,158537,0,                       0,158543,158543,0,                       0,158537
15361,158538,0,                       0,158542,158542,0,                       0,158538
15362,158539,0,                       0,158541,158541,0,                       0,158539
15363,158540,0,                       0,158540,158540,0,                       0,158540
15364,158541,0,                       0,158539,158539,0,                       0,158541
15365,158542,0,                       0,158538,158538,0,                       0,158542
15366,158541,0,                       0,158539,158539,0,                       0,158541
15367,158540,0,                       0,158540,158540,0,                       0,158540
15368,158539,0,                       0,158541,158541,0,                       0,158539
15369,158538,0,                       0,158542,158542,0,                       0,158538
15370,158537,0,                       0,158543,158543,0,                       0,158537
15371,158538,0,                       0,158542,158542,0,                       0,158538
15372,158539,0,                       0,158541,158541,0,                       0,158539
15373,158538,0,                       0,158542,158542,0,                       0,158538
15374,158539,0,                       0,158541,158541,0,                       0,158539
15375,158538,0,                       0,158542,158542,0,                       0,158538
15376,158539,0,                       0,158541,158541,0,                       0,158539
15377,158538,0,                       0,158542,158542,0,                       0,158538
15378,158539,0,                       0,158541,158541,0,                       0,158539
15379,158540,0,                       0,158540,158540,0,                       0,158540
15380,158539,0,                       0,158541,158541,0,                       0,158539
15381,158540,0,                       0,158540,158540,0,                       0,158540
15382,158539,0,                       0,158541,158541,0,                       0,158539
15383,158540,0,                       0,158540,158540,0,                       0,158540
15384,158539,0,                       0,158541,158541,0,                       0,158539
15385,158540,0,                       0,158540,158540,0,                       0,158540
15386,158539,0,                       0,158541,158541,0,                       0,158539
15387,158538,0,                       0,158542,158542,0,                       0,158538
15388,158539,0,                       0,158541,158541,0,                       0,158539
15389,158540,0,                       0,158540,158540,0,                       0,158540
15390,158539,0,                       0,158541,158541,0,                       0,158539
15391,158538,0,                       0,158542,158542,0,                       0,158538
15392,158537,0,                       0,158543,158543,0,                       0,158537
15393,158538,0,                       0,158542,158542,0,                       0,158538
15394,158537,0,                       0,158543,158543,0,                       0,158537
15395,158538,0,                       0,158542,158542,0,                       0,158538
15396,158539,0,                       0,158541,158541,0,                       0,158539
15397,158540,0,                       0,158540,158540,0,                       0,158540
15398,158541,0,                       0,158539,158539,0,                       0,158541
15399,158540,0,                       0,158540,158540,0,                       0,158540
15400,158539,0,                       0,158541,158541,0,                       0,158539
15401,158538,0,                       0,158542,158542,0,                       0,158538
15402,158539,0,                       0,158541,158541,0,                       0,158539
15403,158538,0,                       0,158542,158542,0,                       0,158538
15404,158539,0,                       0,158541,158541,0,                       0,158539
15405,158540,0,                       0,158540,158540,0,                       0,158540
15406,158539,0,                       0,158541,158541,0,                       0,158539
15407,158538,0,                       0,158542,158542,0,                       0,158538
15408,158539,0,                       0,158541,158541,0,                       0,158539
15409,158538,0,                       0,158542,158542,0,                       0,158538
15410,158537,0,                       0,158543,158543,0,                       0,158537
15411,158538,0,                       0,158542,158542,0,                       0,158538
15412,158539,0,                       0,158541,158541,0,                       0,158539
15413,158540,0,                       0,158540,158540,0,                       0,158540
15414,158541,0,                       0,158539,158539,0,                       0,158541
15415,158540,0,                       0,158540,158540,0,                       0,158540
15416,158539,0,                       0,158541,158541,0,                       0,158539
15417,158540,0,                       0,158540,158540,0,                       0,158540
15418,158539,0,                       0,158541,158541,0,                       0,158539
15419,158540,0,                       0,158540,158540,0,                       0,158540
15420,158539,0,                       0,158541,158541,0,                       0,158539
15421,158538,0,                       0,158542,158542,0,                       0,158538
15422,158539,0,                       0,158541,158541,0,                       0,158539
15423,158540,0,                       0,158540,158540,0,                       0,158540
15424,158541,0,                       0,158539,158539,0,                       0,158541
15425,158542,0,                       0,158538,158538,0,                       0,158542
15426,158541,0,                       0,158539,158539,0,                       0,158541
15427,158540,0,                       0,158540,158540,0,                       0,158540
15428,158539,0,                       0,158541,158541,0,                       0,158539
15429,158540,0,                       0,158540,158540,0,                       0,158540
15430,158541,0,                       0,158539,158539,0,                       0,158541
15431,158540,0,                       0,158540,158540,0,                       0,158540
15432,158539,0,                       0,158541,158541,0,                       0,158539
15433,158540,0,                       0,158540,158540,0,                       0,158540
15434,158541,0,                       0,158539,158539,0,                       0,158541
15435,158540,0,                       0,158540,158540,0,                       0,158540
15436,158541,0,                       0,158539,158539,0,                       0,158541
15437,158540,0,                       0,158540,158540,0,                       0,158540
15438,158539,0,                       0,158541,158541,0,                       0,158539
15439,158540,0,                       0,158540,158540,0,                       0,158540
15440,158539,0,                       0,158541,158541,0,                       0,158539
15441,158538,0,                       0,158542,158542,0,                       0,158538
15442,158539,0,                       0,158541,158541,0,                       0,158539
15443,158540,0,                       0,158540,158540,0,                       0,158540
15444,158539,0,                       0,158541,158541,0,                       0,158539
15445,158540,0,                       0,158540,158540,0,                       0,158540
15446,158541,0,                       0,158539,158539,0,                       0,158541
15447,158542,0,                       0,158538,158538,0,                       0,158542
15448,158541,0,                       0,158539,158539,0,                       0,158541
15449,158540,0,                       0,158540,158540,0,                       0,158540
15450,158541,0,                       0,158539,158539,0,                       0,158541
15451,158540,0,                       0,158540,158540,0,                       0,158540
15452,158539,0,                       0,158541,158541,0,                       0,158539
15453,158540,0,                       0,158540,158540,0,                       0,158540
15454,158541,0,                       0,158539,158539,0,                       0,158541
15455,158540,0,                       0,158540,158540,0,                       0,158540
15456,158541,0,                       0,158539,158539,0,                       0,158541
15457,158540,0,                       0,158540,158540,0,                       0,158540
15458,158541,0,                       0,158539,158539,0,                       0,158541
15459,158542,0,                       0,158538,158538,0,                       0,158542
15460,158541,0,                       0,158539,158539,0,                       0,158541
15461,158542,0,                       0,158538,158538,0,                       0,158542
15462,158541,0,                       0,158539,158539,0,                       0,158541
15463,158540,0,                       0,158540,158540,0,                       0,158540
15464,158539,0,                       0,158541,158541,0,                       0,158539
15465,158540,0,                       0,158540,158540,0,                       0,158540
15466,158539,0,                       0,158541,158541,0,                       0,158539
15467,158540,0,                       0,158540,158540,0,                       0,158540
15468,158541,0,                       0,158539,158539,0,                       0,158541
15469,158542,0,                       0,158538,158538,0,                       0,158542
15470,158541,0,                       0,158539,158539,0,                       0,158541
15471,158540,0,                       0,158540,158540,0,                       0,158540
15472,158541,0,                       0,158539,158539,0,                       0,158541
15473,158540,0,                       0,158540,158540,0,                       0,158540
15474,158541,0,                       0,158539,158539,0,                       0,158541
15475,158540,0,                       0,158540,158540,0,                       0,158540
15476,158539,0,                       0,158541,158541,0,                       0,158539
15477,158540,0,                       0,158540,158540,0,                       0,158540
15478,158541,0,                       0,158539,158539,0,                       0,158541
15479,158540,0,                       0,158540,158540,0,                       0,158540
15480,158539,0,                       0,158541,158541,0,                       0,158539
15481,158540,0,                       0,158540,158540,0,                       0,158540
15482,158541,0,                       0,158539,158539,0,                       0,158541
15483,158540,0,                       0,158540,158540,0,                       0,158540
15484,158541,0,                       0,158539,158539,0,                       0,158541
15485,158542,0,                       0,158538,158538,0,                       0,158542
15486,158541,0,                       0,158539,158539,0,                       0,158541
15487,158540,0,                       0,158540,158540,0,                       0,158540
15488,158541,0,                       0,158539,158539,0,                       0,158541
15489,158540,0,                       0,158540,158540,0,                       0,158540
15490,158541,0,                       0,158539,158539,0,                       0,158541
15491,158540,0,                       0,158540,158540,0,                       0,158540
15492,158541,0,                       0,158539,158539,0,                       0,158541
15493,158542,0,                       0,158538,158538,0,                       0,158542
15494,158541,0,                       0,158539,158539,0,                       0,158541
15495,158540,0,                       0,158540,158540,0,                       0,158540
15496,158539,0,                       0,158541,158541,0,                       0,158539
15497,158540,0,                       0,158540,158540,0,                       0,158540
15498,158541,0,                       0,158539,158539,0,                       0,158541
15499,158540,0,                       0,158540,158540,0,                       0,158540
15500,158539,0,                       0,158541,158541,0,                       0,158539
15501,158540,0,                       0,158540,158540,0,                       0,158540
15502,158539,0,                       0,158541,158541,0,                       0,158539
15503,158540,0,                       0,158540,158540,0,                       0,158540
15504,158539,0,                       0,158541,158541,0,                       0,158539
15505,158540,0,                       0,158540,158540,0,                       0,158540
15506,158539,0,                       0,158541,158541,0,                       0,158539
15507,158538,0,                       0,158542,158542,0,                       0,158538
15508,158539,0,                       0,158541,158541,0,                       0,158539
15509,158538,0,                       0,158542,158542,0,                       0,158538
15510,158539,0,                       0,158541,158541,0,                       0,158539
15511,158540,0,                       0,158540,158540,0,                       0,158540
15512,158539,0,                       0,158541,158541,0,                       0,158539
15513,158540,0,                       0,158540,158540,0,                       0,158540
15514,158541,0,                       0,158539,158539,0,                       0,158541
15515,158540,0,                       0,158540,158540,0,                       0,158540
15516,158541,0,                       0,158539,158539,0,                       0,158541
15517,158540,0,                       0,158540,158540,0,                       0,158540
15518,158541,0,                       0,158539,158539,0,                       0,158541
15519,158540,0,                       0,158540,158540,0,                       0,158540
15520,158541,0,                       0,158539,158539,0,                       0,158541
15521,158540,0,                       0,158540,158540,0,                       0,158540
15522,158539,0,                       0,158541,158541,0,                       0,158539
15523,158540,0,                       0,158540,158540,0,                       0,158540
15524,158541,0,                       0,158539,158539,0,                       0,158541
15525,158542,0,                       0,158538,158538,0,                       0,158542
15526,158541,0,                       0,158539,158539,0,                       0,158541
15527,158540,0,                       0,158540,158540,0,                       0,158540
15528,158541,0,                       0,158539,158539,0,                       0,158541
15529,158540,0,                       0,158540,158540,0,                       0,158540
15530,158541,0,                       0,158539,158539,0,                       0,158541
15531,158542,0,                       0,158538,158538,0,                       0,158542
15532,158541,0,                       0,158539,158539,0,                       0,158541
15533,158540,0,                       0,158540,158540,0,                       0,158540
15534,158541,0,                       0,158539,158539,0,                       0,158541
15535,158540,0,                       0,158540,158540,0,                       0,158540
15536,158541,0,                       0,158539,158539,0,                       0,158541
15537,158540,0,                       0,158540,158540,0,                       0,158540
15538,158541,0,                       0,158539,158539,0,                       0,158541
15539,158540,0,                       0,158540,158540,0,                       0,158540
15540,158539,0,                       0,158541,158541,0,                       0,158539
15541,158540,0,                       0,158540,158540,0,                       0,158540
15542,158541,0,                       0,158539,158539,0,                       0,158541
15543,158542,0,                       0,158538,158538,0,                       0,158542
15544,158543,0,                       0,158537,158537,0,                       0,158543
15545,158542,0,                       0,158538,158538,0,                       0,158542
15546,158541,0,                       0,158539,158539,0,                       0,158541
15547,158542,0,                       0,158538,158538,0,                       0,158542
15548,158541,0,                       0,158539,158539,0,                       0,158541
15549,158540,0,                       0,158540,158540,0,                       0,158540
15550,158541,0,                       0,158539,158539,0,                       0,158541
15551,158540,0,                       0,158540,158540,0,                       0,158540
15552,158541,0,                       0,158539,158539,0,                       0,158541
15553,158540,0,                       0,158540,158540,0,                       0,158540
15554,158541,0,                       0,158539,158539,0,                       0,158541
15555,158542,0,                       0,158538,158538,0,                       0,158542
15556,158543,0,                       0,158537,158537,0,                       0,158543
15557,158542,0,                       0,158538,158538,0,                       0,158542
15558,158541,0,                       0,158539,158539,0,                       0,158541
15559,158540,0,                       0,158540,158540,0,                       0,158540
15560,158541,0,                       0,158539,158539,0,                       0,158541
15561,158542,0,                       0,158538,158538,0,                       0,158542
15562,158541,0,                       0,158539,158539,0,                       0,158541
15563,158540,0,                       0,158540,158540,0,                       0,158540
15564,158541,0,                       0,158539,158539,0,                       0,158541
15565,158540,0,                       0,158540,158540,0,                       0,158540
15566,158541,0,                       0,158539,158539,0,                       0,158541
15567,158542,0,                       0,158538,158538,0,                       0,158542
15568,158541,0,                       0,158539,158539,0,                       0,158541
15569,158540,0,                       0,158540,158540,0,                       0,158540
15570,158539,0,                       0,158541,158541,0,                       0,158539
15571,158540,0,                       0,158540,158540,0,                       0,158540
15572,158539,0,                       0,158541,158541,0,                       0,158539
15573,158538,0,                       0,158542,158542,0,                       0,158538
15574,158537,0,                       0,158543,158543,0,                       0,158537
15575,158538,0,                       0,158542,158542,0,                       0,158538
15576,158539,0,                       0,158541,158541,0,                       0,158539
15577,158540,0,                       0,158540,158540,0,                       0,158540
15578,158541,0,                       0,158539,158539,0,                       0,158541
15579,158540,0,                       0,158540,158540,0,                       0,158540
15580,158541,0,                       0,158539,158539,0,                       0,158541
15581,158540,0,                       0,158540,158540,0,                       0,158540
15582,158539,0,                       0,158541,158541,0,                       0,158539
15583,158538,0,                       0,158542,158542,0,                       0,158538
15584,158537,0,                       0,158543,158543,0,                       0,158537
15585,158538,0,                       0,158542,158542,0,                       0,158538
15586,158539,0,                       0,158541,158541,0,                       0,158539
15587,158538,0,                       0,158542,158542,0,                       0,158538
15588,158539,0,                       0,158541,158541,0,                       0,158539
15589,158540,0,                       0,158540,158540,0,                       0,158540
15590,158539,0,                       0,158541,158541,0,                       0,158539
15591,158540,0,                       0,158540,158540,0,                       0,158540
15592,158539,0,                       0,158541,158541,0,                       0,158539
15593,158540,0,                       0,158540,158540,0,                       0,158540
15594,158539,0,                       0,158541,158541,0,                       0,158539
15595,158538,0,                       0,158542,158542,0,                       0,158538
15596,158539,0,                       0,158541,158541,0,                       0,158539
15597,158540,0,                       0,158540,158540,0,                       0,158540
15598,158541,0,                       0,158539,158539,0,                       0,158541
15599,158542,0,                       0,158538,158538,0,                       0,158542
15600,158543,0,                       0,158537,158537,0,                       0,158543
15601,158542,0,                       0,158538,158538,0,                       0,158542
15602,158541,0,                       0,158539,158539,0,                       0,158541
15603,158540,0,                       0,158540,158540,0,                       0,158540
15604,158539,0,                       0,158541,158541,0,                       0,158539
15605,158538,0,                       0,158542,158542,0,                       0,158538
15606,158539,0,                       0,158541,158541,0,                       0,158539
15607,158540,0,                       0,158540,158540,0,                       0,158540
15608,158541,0,                       0,158539,158539,0,                       0,158541
15609,158540,0,                       0,158540,158540,0,                       0,158540
15610,158541,0,                       0,158539,158539,0,                       0,158541
15611,158540,0,                       0,158540,158540,0,                       0,158540
15612,158539,0,                       0,158541,158541,0,                       0,158539
15613,158538,0,                       0,158542,158542,0,                       0,158538
15614,158539,0,                       0,158541,158541,0,                       0,158539
15615,158538,0,                       0,158542,158542,0,                       0,158538
15616,158539,0,                       0,158541,158541,0,                       0,158539
15617,158538,0,                       0,158542,158542,0,                       0,158538
15618,158539,0,                       0,158541,158541,0,                       0,158539
15619,158540,0,                       0,158540,158540,0,                       0,158540
15620,158539,0,                       0,158541,158541,0,                       0,158539
15621,158540,0,                       0,158540,158540,0,                       0,158540
15622,158541,0,                       0,158539,158539,0,                       0,158541
15623,158540,0,                       0,158540,158540,0,                       0,158540
15624,158541,0,                       0,158539,158539,0,                       0,158541
15625,158542,0,                       0,158538,158538,0,                       0,158542
15626,158541,0,                       0,158539,158539,0,                       0,158541
15627,158540,0,                       0,158540,158540,0,                       0,158540
15628,158539,0,                       0,158541,158541,0,                       0,158539
15629,158538,0,                       0,158542,158542,0,                       0,158538
15630,158539,0,                       0,158541,158541,0,                       0,158539
15631,158540,0,                       0,158540,158540,0,                       0,158540
15632,158541,0,                       0,158539,158539,0,                       0,158541
15633,158542,0,                       0,158538,158538,0,                       0,158542
15634,158541,0,                       0,158539,158539,0,                       0,158541
15635,158540,0,                       0,158540,158540,0,                       0,158540
15636,158539,0,                       0,158541,158541,0,                       0,158539
15637,158538,0,                       0,158542,158542,0,                       0,158538
15638,158537,0,                       0,158543,158543,0,                       0,158537
15639,158538,0,                       0,158542,158542,0,                       0,158538
15640,158537,0,                       0,158543,158543,0,                       0,158537
15641,158538,0,                       0,158542,158542,0,                       0,158538
15642,158539,0,                       0,158541,158541,0,                       0,158539
15643,158540,0,                       0,158540,158540,0,                       0,158540
15644,158539,0,                       0,158541,158541,0,                       0,158539
15645,158540,0,                       0,158540,158540,0,                       0,158540
15646,158541,0,                       0,158539,158539,0,                       0,158541
15647,158542,0,                       0,158538,158538,0,                       0,158542
15648,158541,0,                       0,158539,158539,0,                       0,158541
15649,158542,0,                       0,158538,158538,0,                       0,158542
15650,158541,0,                       0,158539,158539,0,                       0,158541
15651,158542,0,                       0,158538,158538,0,                       0,158542
15652,158541,0,                       0,158539,158539,0,                       0,158541
15653,158540,0,                       0,158540,158540,0,                       0,158540
15654,158539,0,                       0,158541,158541,0,                       0,158539
15655,158538,0,                       0,158542,158542,0,                       0,158538
15656,158539,0,                       0,158541,158541,0,                       0,158539
15657,158540,0,                       0,158540,158540,0,                       0,158540
15658,158539,0,                       0,158541,158541,0,                       0,158539
15659,158540,0,                       0,158540,158540,0,                       0,158540
15660,158539,0,                       0,158541,158541,0,                       0,158539
15661,158540,0,                       0,158540,158540,0,                       0,158540
15662,158539,0,                       0,158541,158541,0,                       0,158539
15663,158540,0,                       0,158540,158540,0,                       0,158540
15664,158541,0,                       0,158539,158539,0,                       0,158541
15665,158540,0,                       0,158540,158540,0,                       0,158540
15666,158541,0,                       0,158539,158539,0,                       0,158541
15667,158540,0,                       0,158540,158540,0,                       0,158540
15668,158541,0,                       0,158539,158539,0,                       0,158541
15669,158540,0,                       0,158540,158540,0,                       0,158540
15670,158539,0,                       0,158541,158541,0,                       0,158539
15671,158538,0,                       0,158542,158542,0,                       0,158538
15672,158539,0,                       0,158541,158541,0,                       0,158539
15673,158538,0,                       0,158542,158542,0,                       0,158538
15674,158539,0,                       0,158541,158541,0,                       0,158539
15675,158540,0,                       0,158540,158540,0,                       0,158540
15676,158539,0,                       0,158541,158541,0,                       0,158539
15677,158538,0,                       0,158542,158542,0,                       0,158538
15678,158539,0,                       0,158541,158541,0,                       0,158539
15679,158540,0,                       0,158540,158540,0,                       0,158540
15680,158539,0,                       0,158541,158541,0,                       0,158539
15681,158538,0,                       0,158542,158542,0,                       0,158538
15682,158537,0,                       0,158543,158543,0,                       0,158537
15683,158538,0,                       0,158542,158542,0,                       0,158538
15684,158539,0,                       0,158541,158541,0,                       0,158539
15685,158540,0,                       0,158540,158540,0,                       0,158540
15686,158539,0,                       0,158541,158541,0,                       0,158539
15687,158540,0,                       0,158540,158540,0,                       0,158540
15688,158539,0,                       0,158541,158541,0,                       0,158539
15689,158540,0,                       0,158540,158540,0,                       0,158540
15690,158541,0,                       0,158539,158539,0,                       0,158541
15691,158540,0,                       0,158540,158540,0,                       0,158540
15692,158539,0,                       0,158541,158541,0,                       0,158539
15693,158538,0,                       0,158542,158542,0,                       0,158538
15694,158539,0,                       0,158541,158541,0,                       0,158539
15695,158540,0,                       0,158540,158540,0,                       0,158540
15696,158539,0,                       0,158541,158541,0,                       0,158539
15697,158540,0,                       0,158540,158540,0,                       0,158540
15698,158539,0,                       0,158541,158541,0,                       0,158539
15699,158540,0,                       0,158540,158540,0,                       0,158540
15700,158539,0,                       0,158541,158541,0,                       0,158539
15701,158540,0,                       0,158540,158540,0,                       0,158540
15702,158539,0,                       0,158541,158541,0,                       0,158539
15703,158540,0,                       0,158540,158540,0,                       0,158540
15704,158539,0,                       0,158541,158541,0,                       0,158539
15705,158540,0,                       0,158540,158540,0,                       0,158540
15706,158539,0,                       0,158541,158541,0,                       0,158539
15707,158540,0,                       0,158540,158540,0,                       0,158540
15708,158539,0,                       0,158541,158541,0,                       0,158539
15709,158538,0,                       0,158542,158542,0,                       0,158538
15710,158537,0,                       0,158543,158543,0,                       0,158537
15711,158538,0,                       0,158542,158542,0,                       0,158538
15712,158539,0,                       0,158541,158541,0,                       0,158539
15713,158540,0,                       0,158540,158540,0,                       0,158540
15714,158539,0,                       0,158541,158541,0,                       0,158539
15715,158538,0,                       0,158542,158542,0,                       0,158538
15716,158539,0,                       0,158541,158541,0,                       0,158539
15717,158538,0,                       0,158542,158542,0,                       0,158538
15718,158539,0,                       0,158541,158541,0,                       0,158539
15719,158538,0,                       0,158542,158542,0,                       0,158538
15720,158539,0,                       0,158541,158541,0,                       0,158539
15721,158540,0,                       0,158540,158540,0,                       0,158540
15722,158541,0,                       0,158539,158539,0,                       0,158541
15723,158540,0,                       0,158540,158540,0,                       0,158540
15724,158541,0,                       0,158539,158539,0,                       0,158541
15725,158542,0,                       0,158538,158538,0,                       0,158542
15726,158541,0,                       0,158539,158539,0,                       0,158541
15727,158542,0,                       0,158538,158538,0,                       0,158542
15728,158541,0,                       0,158539,158539,0,                       0,158541
15729,158542,0,                       0,158538,158538,0,                       0,158542
15730,158541,0,                       0,158539,158539,0,                       0,158541
15731,158542,0,                       0,158538,158538,0,                       0,158542
15732,158541,0,                       0,158539,158539,0,                       0,158541
15733,158540,0,                       0,158540,158540,0,                       0,158540
15734,158539,0,                       0,158541,158541,0,                       0,158539
15735,158540,0,                       0,158540,158540,0,                       0,158540
15736,158541,0,                       0,158539,158539,0,                       0,158541
15737,158542,0,                       0,158538,158538,0,                       0,158542
15738,158541,0,                       0,158539,158539,0,                       0,158541
15739,158540,0,                       0,158540,158540,0,                       0,158540
15740,158541,0,                       0,158539,158539,0,                       0,158541
15741,158540,0,                       0,158540,158540,0,                       0,158540
15742,158541,0,                       0,158539,158539,0,                       0,158541
15743,158540,0,                       0,158540,158540,0,                       0,158540
15744,158541,0,                       0,158539,158539,0,                       0,158541
15745,158542,0,                       0,158538,158538,0,                       0,158542
15746,158541,0,                       0,158539,158539,0,                       0,158541
15747,158542,0,                       0,158538,158538,0,                       0,158542
15748,158541,0,                       0,158539,158539,0,                       0,158541
15749,158540,0,                       0,158540,158540,0,                       0,158540
15750,158541,0,                       0,158539,158539,0,                       0,158541
15751,158542,0,                       0,158538,158538,0,                       0,158542
15752,158541,0,                       0,158539,158539,0,                       0,158541
15753,158542,0,                       0,158538,158538,0,                       0,158542
15754,158541,0,                       0,158539,158539,0,                       0,158541
15755,158540,0,                       0,158540,158540,0,                       0,158540
15756,158539,0,                       0,158541,158541,0,                       0,158539
15757,158540,0,                       0,158540,158540,0,                       0,158540
15758,158541,0,                       0,158539,158539,0,                       0,158541
15759,158540,0,                       0,158540,158540,0,                       0,158540
15760,158539,0,                       0,158541,158541,0,                       0,158539
15761,158540,0,                       0,158540,158540,0,                       0,158540
15762,158539,0,                       0,158541,158541,0,                       0,158539
15763,158540,0,                       0,158540,158540,0,                       0,158540
15764,158541,0,                       0,158539,158539,0,                       0,158541
15765,158540,0,                       0,158540,158540,0,                       0,158540
15766,158539,0,                       0,158541,158541,0,                       0,158539
15767,158540,0,                       0,158540,158540,0,                       0,158540
15768,158541,0,                       0,158539,158539,0,                       0,158541
15769,158542,0,                       0,158538,158538,0,                       0,158542
15770,158541,0,                       0,158539,158539,0,                       0,158541
15771,158542,0,                       0,158538,158538,0,                       0,158542
15772,158541,0,                       0,158539,158539,0,                       0,158541
15773,158542,0,                       0,158538,158538,0,                       0,158542
15774,158541,0,                       0,158539,158539,0,                       0,158541
15775,158540,0,                       0,158540,158540,0,                       0,158540
15776,158541,0,                       0,158539,158539,0,                       0,158541
15777,158540,0,                       0,158540,158540,0,                       0,158540
15778,158539,0,                       0,158541,158541,0,                       0,158539
15779,158538,0,                       0,158542,158542,0,                       0,158538
15780,158539,0,                       0,158541,158541,0,                       0,158539
15781,158540,0,                       0,158540,158540,0,                       0,158540
15782,158539,0,                       0,158541,158541,0,                       0,158539
15783,158540,0,                       0,158540,158540,0,                       0,158540
15784,158539,0,                       0,158541,158541,0,                       0,158539
15785,158540,0,                       0,158540,158540,0,                       0,158540
15786,158541,0,                       0,158539,158539,0,                       0,158541
15787,158540,0,                       0,158540,158540,0,                       0,158540
15788,158541,0,                       0,158539,158539,0,                       0,158541
15789,158542,0,                       0,158538,158538,0,                       0,158542
15790,158543,0,                       0,158537,158537,0,                       0,158543
15791,158542,0,                       0,158538,158538,0,                       0,158542
15792,158541,0,                       0,158539,158539,0,                       0,158541
15793,158542,0,                       0,158538,158538,0,                       0,158542
15794,158541,0,                       0,158539,158539,0,                       0,158541
15795,158540,0,                       0,158540,158540,0,                       0,158540
15796,158539,0,                       0,158541,158541,0,                       0,158539
15797,158540,0,                       0,158540,158540,0,                       0,158540
15798,158539,0,                       0,158541,158541,0,                       0,158539
15799,158540,0,                       0,158540,158540,0,                       0,158540
15800,158539,0,                       0,158541,158541,0,                       0,158539
15801,158540,0,                       0,158540,158540,0,                       0,158540
15802,158541,0,                       0,158539,158539,0,                       0,158541
15803,158540,0,                       0,158540,158540,0,                       0,158540
15804,158541,0,                       0,158539,158539,0,                       0,158541
15805,158542,0,                       0,158538,158538,0,                       0,158542
15806,158541,0,                       0,158539,158539,0,                       0,158541
15807,158540,0,                       0,158540,158540,0,                       0,158540
15808,158539,0,                       0,158541,158541,0,                       0,158539
15809,158540,0,                       0,158540,158540,0,                       0,158540
15810,158541,0,                       0,158539,158539,0,                       0,158541
15811,158542,0,                       0,158538,158538,0,                       0,158542
15812,158541,0,                       0,158539,158539,0,                       0,158541
15813,158542,0,                       0,158538,158538,0,                       0,158542
15814,158541,0,                       0,158539,158539,0,                       0,158541
15815,158540,0,                       0,158540,158540,0,                       0,158540
15816,158539,0,                       0,158541,158541,0,                       0,158539
15817,158540,0,                       0,158540,158540,0,                       0,158540
15818,158541,0,                       0,158539,158539,0,                       0,158541
15819,158542,0,                       0,158538,158538,0,                       0,158542
15820,158541,0,                       0,158539,158539,0,                       0,158541
15821,158540,0,                       0,158540,158540,0,                       0,158540
15822,158541,0,                       0,158539,158539,0,                       0,158541
15823,158540,0,                       0,158540,158540,0,                       0,158540
15824,158541,0,                       0,158539,158539,0,                       0,158541
15825,158540,0,                       0,158540,158540,0,                       0,158540
15826,158541,0,                       0,158539,158539,0,                       0,158541
15827,158540,0,                       0,158540,158540,0,                       0,158540
15828,158539,0,                       0,158541,158541,0,                       0,158539
15829,158538,0,                       0,158542,158542,0,                       0,158538
15830,158537,0,                       0,158543,158543,0,                       0,158537
15831,158536,0,                       0,158544,158544,0,                       0,158536
15832,158535,0,                       0,158545,158545,0,                       0,158535
15833,158534,0,                       0,158546,158546,0,                       0,158534
15834,158533,0,                       0,158547,158547,0,                       0,158533
15835,158532,0,                       0,158548,158548,0,                       0,158532
15836,158533,0,                       0,158547,158547,0,                       0,158533
15837,158534,0,                       0,158546,158546,0,                       0,158534
15838,158535,0,                       0,158545,158545,0,                       0,158535
15839,158536,0,                       0,158544,158544,0,                       0,158536
15840,158537,0,                       0,158543,158543,0,                       0,158537
15841,158538,0,                       0,158542,158542,0,                       0,158538
15842,158539,0,                       0,158541,158541,0,                       0,158539
15843,158540,0,                       0,158540,158540,0,                       0,158540
15844,158541,0,                       0,158539,158539,0,                       0,158541
15845,158540,0,                       0,158540,158540,0,                       0,158540
15846,158539,0,                       0,158541,158541,0,                       0,158539
15847,158540,0,                       0,158540,158540,0,                       0,158540
15848,158541,0,                       0,158539,158539,0,                       0,158541
15849,158540,0,                       0,158540,158540,0,                       0,158540
15850,158539,0,                       0,158541,158541,0,                       0,158539
15851,158538,0,                       0,158542,158542,0,                       0,158538
15852,158539,0,                       0,158541,158541,0,                       0,158539
15853,158540,0,                       0,158540,158540,0,                       0,158540
15854,158539,0,                       0,158541,158541,0,                       0,158539
15855,158538,0,                       0,158542,158542,0,                       0,158538
15856,158537,0,                       0,158543,158543,0,                       0,158537
15857,158538,0,                       0,158542,158542,0,                       0,158538
15858,158539,0,                       0,158541,158541,0,                       0,158539
15859,158538,0,                       0,158542,158542,0,                       0,158538
15860,158537,0,                       0,158543,158543,0,                       0,158537
15861,158536,0,                       0,158544,158544,0,                       0,158536
15862,158537,0,                       0,158543,158543,0,                       0,158537
15863,158538,0,                       0,158542,158542,0,                       0,158538
15864,158539,0,                       0,158541,158541,0,                       0,158539
15865,158540,0,                       0,158540,158540,0,                       0,158540
15866,158541,0,                       0,158539,158539,0,                       0,158541
15867,158540,0,                       0,158540,158540,0,                       0,158540
15868,158541,0,                       0,158539,158539,0,                       0,158541
15869,158542,0,                       0,158538,158538,0,                       0,158542
15870,158541,0,                       0,158539,158539,0,                       0,158541
15871,158540,0,                       0,158540,158540,0,                       0,158540
15872,158541,0,                       0,158539,158539,0,                       0,158541
15873,158540,0,                       0,158540,158540,0,                       0,158540
15874,158539,0,                       0,158541,158541,0,                       0,158539
15875,158540,0,                       0,158540,158540,0,                       0,158540
15876,158541,0,                       0,158539,158539,0,                       0,158541
15877,158540,0,                       0,158540,158540,0,                       0,158540
15878,158541,0,                       0,158539,158539,0,                       0,158541
15879,158540,0,                       0,158540,158540,0,                       0,158540
15880,158539,0,                       0,158541,158541,0,                       0,158539
15881,158538,0,                       0,158542,158542,0,                       0,158538
15882,158539,0,                       0,158541,158541,0,                       0,158539
15883,158540,0,                       0,158540,158540,0,                       0,158540
15884,158541,0,                       0,158539,158539,0,                       0,158541
15885,158542,0,                       0,158538,158538,0,                       0,158542
15886,158541,0,                       0,158539,158539,0,                       0,158541
15887,158540,0,                       0,158540,158540,0,                       0,158540
15888,158541,0,                       0,158539,158539,0,                       0,158541
15889,158542,0,                       0,158538,158538,0,                       0,158542
15890,158543,0,                       0,158537,158537,0,                       0,158543
15891,158544,0,                       0,158536,158536,0,                       0,158544
15892,158543,0,                       0,158537,158537,0,                       0,158543
15893,158542,0,                       0,158538,158538,0,                       0,158542
15894,158543,0,                       0,158537,158537,0,                       0,158543
15895,158542,0,                       0,158538,158538,0,                       0,158542
15896,158541,0,                       0,158539,158539,0,                       0,158541
15897,158542,0,                       0,158538,158538,0,                       0,158542
15898,158541,0,                       0,158539,158539,0,                       0,158541
15899,158540,0,                       0,158540,158540,0,                       0,158540
15900,158541,0,                       0,158539,158539,0,                       0,158541
15901,158542,0,                       0,158538,158538,0,                       0,158542
15902,158541,0,                       0,158539,158539,0,                       0,158541
15903,158540,0,                       0,158540,158540,0,                       0,158540
15904,158541,0,                       0,158539,158539,0,                       0,158541
15905,158540,0,                       0,158540,158540,0,                       0,158540
15906,158539,0,                       0,158541,158541,0,                       0,158539
15907,158540,0,                       0,158540,158540,0,                       0,158540
15908,158541,0,                       0,158539,158539,0,                       0,158541
15909,158540,0,                       0,158540,158540,0,                       0,158540
15910,158539,0,                       0,158541,158541,0,                       0,158539
15911,158540,0,                       0,158540,158540,0,                       0,158540
15912,158541,0,                       0,158539,158539,0,                       0,158541
15913,158540,0,                       0,158540,158540,0,                       0,158540
15914,158539,0,                       0,158541,158541,0,                       0,158539
15915,158540,0,                       0,158540,158540,0,                       0,158540
15916,158541,0,                       0,158539,158539,0,                       0,158541
15917,158540,0,                       0,158540,158540,0,                       0,158540
15918,158541,0,                       0,158539,158539,0,                       0,158541
15919,158542,0,                       0,158538,158538,0,                       0,158542
15920,158541,0,                       0,158539,158539,0,                       0,158541
15921,158540,0,                       0,158540,158540,0,                       0,158540
15922,158541,0,                       0,158539,158539,0,                       0,158541
15923,158542,0,                       0,158538,158538,0,                       0,158542
15924,158541,0,                       0,158539,158539,0,                       0,158541
15925,158540,0,                       0,158540,158540,0,                       0,158540
15926,158539,0,                       0,158541,158541,0,                       0,158539
15927,158540,0,                       0,158540,158540,0,                       0,158540
15928,158541,0,                       0,158539,158539,0,                       0,158541
15929,158540,0,                       0,158540,158540,0,                       0,158540
15930,158539,0,                       0,158541,158541,0,                       0,158539
15931,158540,0,                       0,158540,158540,0,                       0,158540
15932,158539,0,                       0,158541,158541,0,                       0,158539
15933,158538,0,                       0,158542,158542,0,                       0,158538
15934,158539,0,                       0,158541,158541,0,                       0,158539
15935,158540,0,                       0,158540,158540,0,                       0,158540
15936,158539,0,                       0,158541,158541,0,                       0,158539
15937,158540,0,                       0,158540,158540,0,                       0,158540
15938,158539,0,                       0,158541,158541,0,                       0,158539
15939,158538,0,                       0,158542,158542,0,                       0,158538
15940,158539,0,                       0,158541,158541,0,                       0,158539
15941,158540,0,                       0,158540,158540,0,                       0,158540
15942,158539,0,                       0,158541,158541,0,                       0,158539
15943,158540,0,                       0,158540,158540,0,                       0,158540
15944,158539,0,                       0,158541,158541,0,                       0,158539
15945,158540,0,                       0,158540,158540,0,                       0,158540
15946,158541,0,                       0,158539,158539,0,                       0,158541
15947,158540,0,                       0,158540,158540,0,                       0,158540
15948,158541,0,                       0,158539,158539,0,                       0,158541
15949,158540,0,                       0,158540,158540,0,                       0,158540
15950,158541,0,                       0,158539,158539,0,                       0,158541
15951,158540,0,                       0,158540,158540,0,                       0,158540
15952,158539,0,                       0,158541,158541,0,                       0,158539
15953,158540,0,                       0,158540,158540,0,                       0,158540
15954,158541,0,                       0,158539,158539,0,                       0,158541
15955,158540,0,                       0,158540,158540,0,                       0,158540
15956,158539,0,                       0,158541,158541,0,                       0,158539
15957,158540,0,                       0,158540,158540,0,                       0,158540
15958,158541,0,                       0,158539,158539,0,                       0,158541
15959,158540,0,                       0,158540,158540,0,                       0,158540
15960,158541,0,                       0,158539,158539,0,                       0,158541
15961,158540,0,                       0,158540,158540,0,                       0,158540
15962,158539,0,                       0,158541,158541,0,                       0,158539
15963,158538,0,                       0,158542,158542,0,                       0,158538
15964,158539,0,                       0,158541,158541,0,                       0,158539
15965,158540,0,                       0,158540,158540,0,                       0,158540
15966,158539,0,                       0,158541,158541,0,                       0,158539
15967,158540,0,                       0,158540,158540,0,                       0,158540
15968,158539,0,                       0,158541,158541,0,                       0,158539
15969,158538,0,                       0,158542,158542,0,                       0,158538
15970,158539,0,                       0,158541,158541,0,                       0,158539
15971,158540,0,                       0,158540,158540,0,                       0,158540
15972,158541,0,                       0,158539,158539,0,                       0,158541
15973,158540,0,                       0,158540,158540,0,                       0,158540
15974,158539,0,                       0,158541,158541,0,                       0,158539
15975,158540,0,                       0,158540,158540,0,                       0,158540
15976,158539,0,                       0,158541,158541,0,                       0,158539
15977,158538,0,                       0,158542,158542,0,                       0,158538
15978,158539,0,                       0,158541,158541,0,                       0,158539
15979,158540,0,                       0,158540,158540,0,                       0,158540
15980,158539,0,                       0,158541,158541,0,                       0,158539
15981,158538,0,                       0,158542,158542,0,                       0,158538
15982,158539,0,                       0,158541,158541,0,                       0,158539
15983,158540,0,                       0,158540,158540,0,                       0,158540
15984,158541,0,                       0,158539,158539,0,                       0,158541
15985,158540,0,                       0,158540,158540,0,                       0,158540
15986,158539,0,                       0,158541,158541,0,                       0,158539
15987,158540,0,                       0,158540,158540,0,                       0,158540
15988,158539,0,                       0,158541,158541,0,                       0,158539
15989,158540,0,                       0,158540,158540,0,                       0,158540
15990,158541,0,                       0,158539,158539,0,                       0,158541
15991,158542,0,                       0,158538,158538,0,                       0,158542
15992,158541,0,                       0,158539,158539,0,                       0,158541
15993,158542,0,                       0,158538,158538,0,                       0,158542
15994,158543,0,                       0,158537,158537,0,                       0,158543
15995,158542,0,                       0,158538,158538,0,                       0,158542
15996,158541,0,                       0,158539,158539,0,                       0,158541
15997,158542,0,                       0,158538,158538,0,                       0,158542
15998,158541,0,                       0,158539,158539,0,                       0,158541
15999,158542,0,                       0,158538,158538,0,                       0,158542
16000,158541,0,                       0,158539,158539,0,                       0,158541
16001,158542,0,                       0,158538,158538,0,                       0,158542
16002,158541,0,                       0,158539,158539,0,                       0,158541
16003,158540,0,                       0,158540,158540,0,                       0,158540
16004,158539,0,                       0,158541,158541,0,                       0,158539
16005,158540,0,                       0,158540,158540,0,                       0,158540
16006,158539,0,                       0,158541,158541,0,                       0,158539
16007,158538,0,                       0,158542,158542,0,                       0,158538
16008,158537,0,                       0,158543,158543,0,                       0,158537
16009,158536,0,                       0,158544,158544,0,                       0,158536
16010,158537,0,                       0,158543,158543,0,                       0,158537
16011,158538,0,                       0,158542,158542,0,                       0,158538
16012,158539,0,                       0,158541,158541,0,                       0,158539
16013,158538,0,                       0,158542,158542,0,                       0,158538
16014,158539,0,                       0,158541,158541,0,                       0,158539
16015,158540,0,                       0,158540,158540,0,                       0,158540
16016,158541,0,                       0,158539,158539,0,                       0,158541
16017,158540,0,                       0,158540,158540,0,                       0,158540
16018,158541,0,                       0,158539,158539,0,                       0,158541
16019,158542,0,                       0,158538,158538,0,                       0,158542
16020,158541,0,                       0,158539,158539,0,                       0,158541
16021,158540,0,                       0,158540,158540,0,                       0,158540
16022,158539,0,                       0,158541,158541,0,                       0,158539
16023,158540,0,                       0,158540,158540,0,                       0,158540
16024,158541,0,                       0,158539,158539,0,                       0,158541
16025,158542,0,                       0,158538,158538,0,                       0,158542
16026,158541,0,                       0,158539,158539,0,                       0,158541
16027,158540,0,                       0,158540,158540,0,                       0,158540
16028,158539,0,                       0,158541,158541,0,                       0,158539
16029,158540,0,                       0,158540,158540,0,                       0,158540
16030,158539,0,                       0,158541,158541,0,                       0,158539
16031,158540,0,                       0,158540,158540,0,                       0,158540
16032,158541,0,                       0,158539,158539,0,                       0,158541
16033,158540,0,                       0,158540,158540,0,                       0,158540
16034,158541,0,                       0,158539,158539,0,                       0,158541
16035,158542,0,                       0,158538,158538,0,                       0,158542
16036,158543,0,                       0,158537,158537,0,                       0,158543
16037,158542,0,                       0,158538,158538,0,                       0,158542
16038,158543,0,                       0,158537,158537,0,                       0,158543
16039,158542,0,                       0,158538,158538,0,                       0,158542
16040,158543,0,                       0,158537,158537,0,                       0,158543
16041,158542,0,                       0,158538,158538,0,                       0,158542
16042,158543,0,                       0,158537,158537,0,                       0,158543
16043,158544,0,                       0,158536,158536,0,                       0,158544
16044,158545,0,                       0,158535,158535,0,                       0,158545
16045,158544,0,                       0,158536,158536,0,                       0,158544
16046,158545,0,                       0,158535,158535,0,                       0,158545
16047,158544,0,                       0,158536,158536,0,                       0,158544
16048,158543,0,                       0,158537,158537,0,                       0,158543
16049,158542,0,                       0,158538,158538,0,                       0,158542
16050,158543,0,                       0,158537,158537,0,                       0,158543
16051,158542,0,                       0,158538,158538,0,                       0,158542
16052,158541,0,                       0,158539,158539,0,                       0,158541
16053,158540,0,                       0,158540,158540,0,                       0,158540
16054,158541,0,                       0,158539,158539,0,                       0,158541
16055,158540,0,                       0,158540,158540,0,                       0,158540
16056,158539,0,                       0,158541,158541,0,                       0,158539
16057,158540,0,                       0,158540,158540,0,                       0,158540
16058,158541,0,                       0,158539,158539,0,                       0,158541
16059,158540,0,                       0,158540,158540,0,                       0,158540
16060,158539,0,                       0,158541,158541,0,                       0,158539
16061,158538,0,                       0,158542,158542,0,                       0,158538
16062,158537,0,                       0,158543,158543,0,                       0,158537
16063,158538,0,                       0,158542,158542,0,                       0,158538
16064,158537,0,                       0,158543,158543,0,                       0,158537
16065,158536,0,                       0,158544,158544,0,                       0,158536
16066,158537,0,                       0,158543,158543,0,                       0,158537
16067,158538,0,                       0,158542,158542,0,                       0,158538
16068,158537,0,                       0,158543,158543,0,                       0,158537
16069,158536,0,                       0,158544,158544,0,                       0,158536
16070,158537,0,                       0,158543,158543,0,                       0,158537
16071,158538,0,                       0,158542,158542,0,                       0,158538
16072,158539,0,                       0,158541,158541,0,                       0,158539
16073,158540,0,                       0,158540,158540,0,                       0,158540
16074,158541,0,                       0,158539,158539,0,                       0,158541
16075,158540,0,                       0,158540,158540,0,                       0,158540
16076,158539,0,                       0,158541,158541,0,                       0,158539
16077,158538,0,                       0,158542,158542,0,                       0,158538
16078,158539,0,                       0,158541,158541,0,                       0,158539
16079,158538,0,                       0,158542,158542,0,                       0,158538
16080,158539,0,                       0,158541,158541,0,                       0,158539
16081,158538,0,                       0,158542,158542,0,                       0,158538
16082,158539,0,                       0,158541,158541,0,                       0,158539
16083,158540,0,                       0,158540,158540,0,                       0,158540
16084,158539,0,                       0,158541,158541,0,                       0,158539
16085,158540,0,                       0,158540,158540,0,                       0,158540
16086,158539,0,                       0,158541,158541,0,                       0,158539
16087,158538,0,                       0,158542,158542,0,                       0,158538
16088,158539,0,                       0,158541,158541,0,                       0,158539
16089,158540,0,                       0,158540,158540,0,                       0,158540
16090,158539,0,                       0,158541,158541,0,                       0,158539
16091,158540,0,                       0,158540,158540,0,                       0,158540
16092,158541,0,                       0,158539,158539,0,                       0,158541
16093,158540,0,                       0,158540,158540,0,                       0,158540
16094,158539,0,                       0,158541,158541,0,                       0,158539
16095,158540,0,                       0,158540,158540,0,                       0,158540
16096,158541,0,                       0,158539,158539,0,                       0,158541
16097,158542,0,                       0,158538,158538,0,                       0,158542
16098,158541,0,                       0,158539,158539,0,                       0,158541
16099,158540,0,                       0,158540,158540,0,                       0,158540
16100,158539,0,                       0,158541,158541,0,                       0,158539
16101,158538,0,                       0,158542,158542,0,                       0,158538
16102,158539,0,                       0,158541,158541,0,                       0,158539
16103,158540,0,                       0,158540,158540,0,                       0,158540
16104,158541,0,                       0,158539,158539,0,                       0,158541
16105,158540,0,                       0,158540,158540,0,                       0,158540
16106,158541,0,                       0,158539,158539,0,                       0,158541
16107,158542,0,                       0,158538,158538,0,                       0,158542
16108,158541,0,                       0,158539,158539,0,                       0,158541
16109,158540,0,                       0,158540,158540,0,                       0,158540
16110,158539,0,                       0,158541,158541,0,                       0,158539
16111,158540,0,                       0,158540,158540,0,                       0,158540
16112,158539,0,                       0,158541,158541,0,                       0,158539
16113,158538,0,                       0,158542,158542,0,                       0,158538
16114,158539,0,                       0,158541,158541,0,                       0,158539
16115,158540,0,                       0,158540,158540,0,                       0,158540
16116,158541,0,                       0,158539,158539,0,                       0,158541
16117,158542,0,                       0,158538,158538,0,                       0,158542
16118,158541,0,                       0,158539,158539,0,                       0,158541
16119,158542,0,                       0,158538,158538,0,                       0,158542
16120,158541,0,                       0,158539,158539,0,                       0,158541
16121,158540,0,                       0,158540,158540,0,                       0,158540
16122,158539,0,                       0,158541,158541,0,                       0,158539
16123,158540,0,                       0,158540,158540,0,                       0,158540
16124,158541,0,                       0,158539,158539,0,                       0,158541
16125,158540,0,                       0,158540,158540,0,                       0,158540
16126,158539,0,                       0,158541,158541,0,                       0,158539
16127,158540,0,                       0,158540,158540,0,                       0,158540
16128,158541,0,                       0,158539,158539,0,                       0,158541
16129,158540,0,                       0,158540,158540,0,                       0,158540
16130,158541,0,                       0,158539,158539,0,                       0,158541
16131,158540,0,                       0,158540,158540,0,                       0,158540
16132,158539,0,                       0,158541,158541,0,                       0,158539
16133,158538,0,                       0,158542,158542,0,                       0,158538
16134,158539,0,                       0,158541,158541,0,                       0,158539
16135,158538,0,                       0,158542,158542,0,                       0,158538
16136,158539,0,                       0,158541,158541,0,                       0,158539
16137,158540,0,                       0,158540,158540,0,                       0,158540
16138,158541,0,                       0,158539,158539,0,                       0,158541
16139,158540,0,                       0,158540,158540,0,                       0,158540
16140,158541,0,                       0,158539,158539,0,                       0,158541
16141,158542,0,                       0,158538,158538,0,                       0,158542
16142,158541,0,                       0,158539,158539,0,                       0,158541
16143,158540,0,                       0,158540,158540,0,                       0,158540
16144,158539,0,                       0,158541,158541,0,                       0,158539
16145,158540,0,                       0,158540,158540,0,                       0,158540
16146,158541,0,                       0,158539,158539,0,                       0,158541
16147,158542,0,                       0,158538,158538,0,                       0,158542
16148,158541,0,                       0,158539,158539,0,                       0,158541
16149,158540,0,                       0,158540,158540,0,                       0,158540
16150,158539,0,                       0,158541,158541,0,                       0,158539
16151,158540,0,                       0,158540,158540,0,                       0,158540
16152,158539,0,                       0,158541,158541,0,                       0,158539
16153,158540,0,                       0,158540,158540,0,                       0,158540
16154,158541,0,                       0,158539,158539,0,                       0,158541
16155,158540,0,                       0,158540,158540,0,                       0,158540
16156,158539,0,                       0,158541,158541,0,                       0,158539
16157,158540,0,                       0,158540,158540,0,                       0,158540
16158,158541,0,                       0,158539,158539,0,                       0,158541
16159,158542,0,                       0,158538,158538,0,                       0,158542
16160,158541,0,                       0,158539,158539,0,                       0,158541
16161,158542,0,                       0,158538,158538,0,                       0,158542
16162,158543,0,                       0,158537,158537,0,                       0,158543
16163,158542,0,                       0,158538,158538,0,                       0,158542
16164,158541,0,                       0,158539,158539,0,                       0,158541
16165,158540,0,                       0,158540,158540,0,                       0,158540
16166,158541,0,                       0,158539,158539,0,                       0,158541
16167,158542,0,                       0,158538,158538,0,                       0,158542
16168,158541,0,                       0,158539,158539,0,                       0,158541
16169,158540,0,                       0,158540,158540,0,                       0,158540
16170,158539,0,                       0,158541,158541,0,                       0,158539
16171,158540,0,                       0,158540,158540,0,                       0,158540
16172,158539,0,                       0,158541,158541,0,                       0,158539
16173,158538,0,                       0,158542,158542,0,                       0,158538
16174,158539,0,                       0,158541,158541,0,                       0,158539
16175,158540,0,                       0,158540,158540,0,                       0,158540
16176,158539,0,                       0,158541,158541,0,                       0,158539
16177,158540,0,                       0,158540,158540,0,                       0,158540
16178,158541,0,                       0,158539,158539,0,                       0,158541
16179,158540,0,                       0,158540,158540,0,                       0,158540
16180,158541,0,                       0,158539,158539,0,                       0,158541
16181,158542,0,                       0,158538,158538,0,                       0,158542
16182,158541,0,                       0,158539,158539,0,                       0,158541
16183,158540,0,                       0,158540,158540,0,                       0,158540
16184,158539,0,                       0,158541,158541,0,                       0,158539
16185,158540,0,                       0,158540,158540,0,                       0,158540
16186,158541,0,                       0,158539,158539,0,                       0,158541
16187,158542,0,                       0,158538,158538,0,                       0,158542
16188,158541,0,                       0,158539,158539,0,                       0,158541
16189,158540,0,                       0,158540,158540,0,                       0,158540
16190,158539,0,                       0,158541,158541,0,                       0,158539
16191,158540,0,                       0,158540,158540,0,                       0,158540
16192,158541,0,                       0,158539,158539,0,                       0,158541
16193,158540,0,                       0,158540,158540,0,                       0,158540
16194,158539,0,                       0,158541,158541,0,                       0,158539
16195,158538,0,                       0,158542,158542,0,                       0,158538
16196,158539,0,                       0,158541,158541,0,                       0,158539
16197,158540,0,                       0,158540,158540,0,                       0,158540
16198,158541,0,                       0,158539,158539,0,                       0,158541
16199,158540,0,                       0,158540,158540,0,                       0,158540
16200,158541,0,                       0,158539,158539,0,                       0,158541
16201,158540,0,                       0,158540,158540,0,                       0,158540
16202,158539,0,                       0,158541,158541,0,                       0,158539
16203,158540,0,                       0,158540,158540,0,                       0,158540
16204,158539,0,                       0,158541,158541,0,                       0,158539
16205,158538,0,                       0,158542,158542,0,                       0,158538
16206,158537,0,                       0,158543,158543,0,                       0,158537
16207,158538,0,                       0,158542,158542,0,                       0,158538
16208,158539,0,                       0,158541,158541,0,                       0,158539
16209,158540,0,                       0,158540,158540,0,                       0,158540
16210,158541,0,                       0,158539,158539,0,                       0,158541
16211,158540,0,                       0,158540,158540,0,                       0,158540
16212,158539,0,                       0,158541,158541,0,                       0,158539
16213,158540,0,                       0,158540,158540,0,                       0,158540
16214,158539,0,                       0,158541,158541,0,                       0,158539
16215,158538,0,                       0,158542,158542,0,                       0,158538
16216,158539,0,                       0,158541,158541,0,                       0,158539
16217,158540,0,                       0,158540,158540,0,                       0,158540
16218,158539,0,                       0,158541,158541,0,                       0,158539
16219,158540,0,                       0,158540,158540,0,                       0,158540
16220,158539,0,                       0,158541,158541,0,                       0,158539
16221,158540,0,                       0,158540,158540,0,                       0,158540
16222,158541,0,                       0,158539,158539,0,                       0,158541
16223,158540,0,                       0,158540,158540,0,                       0,158540
16224,158541,0,                       0,158539,158539,0,                       0,158541
16225,158540,0,                       0,158540,158540,0,                       0,158540
16226,158541,0,                       0,158539,158539,0,                       0,158541
16227,158540,0,                       0,158540,158540,0,                       0,158540
16228,158539,0,                       0,158541,158541,0,                       0,158539
16229,158538,0,                       0,158542,158542,0,                       0,158538
16230,158539,0,                       0,158541,158541,0,                       0,158539
16231,158540,0,                       0,158540,158540,0,                       0,158540
16232,158541,0,                       0,158539,158539,0,                       0,158541
16233,158540,0,                       0,158540,158540,0,                       0,158540
16234,158541,0,                       0,158539,158539,0,                       0,158541
16235,158542,0,                       0,158538,158538,0,                       0,158542
16236,158543,0,                       0,158537,158537,0,                       0,158543
16237,158542,0,                       0,158538,158538,0,                       0,158542
16238,158541,0,                       0,158539,158539,0,                       0,158541
16239,158540,0,                       0,158540,158540,0,                       0,158540
16240,158539,0,                       0,158541,158541,0,                       0,158539
16241,158540,0,                       0,158540,158540,0,                       0,158540
16242,158541,0,                       0,158539,158539,0,                       0,158541
16243,158540,0,                       0,158540,158540,0,                       0,158540
16244,158539,0,                       0,158541,158541,0,                       0,158539
16245,158540,0,                       0,158540,158540,0,                       0,158540
16246,158541,0,                       0,158539,158539,0,                       0,158541
16247,158540,0,                       0,158540,158540,0,                       0,158540
16248,158539,0,                       0,158541,158541,0,                       0,158539
16249,158538,0,                       0,158542,158542,0,                       0,158538
16250,158539,0,                       0,158541,158541,0,                       0,158539
16251,158538,0,                       0,158542,158542,0,                       0,158538
16252,158539,0,                       0,158541,158541,0,                       0,158539
16253,158538,0,                       0,158542,158542,0,                       0,158538
16254,158539,0,                       0,158541,158541,0,                       0,158539
16255,158538,0,                       0,158542,158542,0,                       0,158538
16256,158537,0,                       0,158543,158543,0,                       0,158537
16257,158538,0,                       0,158542,158542,0,                       0,158538
16258,158539,0,                       0,158541,158541,0,                       0,158539
16259,158540,0,                       0,158540,158540,0,                       0,158540
16260,158539,0,                       0,158541,158541,0,                       0,158539
16261,158540,0,                       0,158540,158540,0,                       0,158540
16262,158539,0,                       0,158541,158541,0,                       0,158539
16263,158540,0,                       0,158540,158540,0,                       0,158540
16264,158539,0,                       0,158541,158541,0,                       0,158539
16265,158540,0,                       0,158540,158540,0,                       0,158540
16266,158539,0,                       0,158541,158541,0,                       0,158539
16267,158538,0,                       0,158542,158542,0,                       0,158538
16268,158539,0,                       0,158541,158541,0,                       0,158539
16269,158538,0,                       0,158542,158542,0,                       0,158538
16270,158539,0,                       0,158541,158541,0,                       0,158539
16271,158538,0,                       0,158542,158542,0,                       0,158538
16272,158539,0,                       0,158541,158541,0,                       0,158539
16273,158538,0,                       0,158542,158542,0,                       0,158538
16274,158539,0,                       0,158541,158541,0,                       0,158539
16275,158540,0,                       0,158540,158540,0,                       0,158540
16276,158541,0,                       0,158539,158539,0,                       0,158541
16277,158540,0,                       0,158540,158540,0,                       0,158540
16278,158541,0,                       0,158539,158539,0,                       0,158541
16279,158540,0,                       0,158540,158540,0,                       0,158540
16280,158541,0,                       0,158539,158539,0,                       0,158541
16281,158540,0,                       0,158540,158540,0,                       0,158540
16282,158541,0,                       0,158539,158539,0,                       0,158541
16283,158540,0,                       0,158540,158540,0,                       0,158540
16284,158539,0,                       0,158541,158541,0,                       0,158539
16285,158538,0,                       0,158542,158542,0,                       0,158538
16286,158537,0,                       0,158543,158543,0,                       0,158537
16287,158538,0,                       0,158542,158542,0,                       0,158538
16288,158539,0,                       0,158541,158541,0,                       0,158539
16289,158540,0,                       0,158540,158540,0,                       0,158540
16290,158539,0,                       0,158541,158541,0,                       0,158539
16291,158538,0,                       0,158542,158542,0,                       0,158538
16292,158539,0,                       0,158541,158541,0,                       0,158539
16293,158538,0,                       0,158542,158542,0,                       0,158538
16294,158537,0,                       0,158543,158543,0,                       0,158537
16295,158538,0,                       0,158542,158542,0,                       0,158538
16296,158539,0,                       0,158541,158541,0,                       0,158539
16297,158540,0,                       0,158540,158540,0,                       0,158540
16298,158541,0,                       0,158539,158539,0,                       0,158541
16299,158540,0,                       0,158540,158540,0,                       0,158540
16300,158539,0,                       0,158541,158541,0,                       0,158539
16301,158538,0,                       0,158542,158542,0,                       0,158538
16302,158539,0,                       0,158541,158541,0,                       0,158539
16303,158540,0,                       0,158540,158540,0,                       0,158540
16304,158539,0,                       0,158541,158541,0,                       0,158539
16305,158538,0,                       0,158542,158542,0,                       0,158538
16306,158539,0,                       0,158541,158541,0,                       0,158539
16307,158540,0,                       0,158540,158540,0,                       0,158540
16308,158539,0,                       0,158541,158541,0,                       0,158539
16309,158538,0,                       0,158542,158542,0,                       0,158538
16310,158537,0,                       0,158543,158543,0,                       0,158537
16311,158538,0,                       0,158542,158542,0,                       0,158538
16312,158539,0,                       0,158541,158541,0,                       0,158539
16313,158540,0,                       0,158540,158540,0,                       0,158540
16314,158541,0,                       0,158539,158539,0,                       0,158541
16315,158540,0,                       0,158540,158540,0,                       0,158540
16316,158541,0,                       0,158539,158539,0,                       0,158541
16317,158540,0,                       0,158540,158540,0,                       0,158540
16318,158541,0,                       0,158539,158539,0,                       0,158541
16319,158540,0,                       0,158540,158540,0,                       0,158540
16320,158541,0,                       0,158539,158539,0,                       0,158541
16321,158542,0,                       0,158538,158538,0,                       0,158542
16322,158541,0,                       0,158539,158539,0,                       0,158541
16323,158542,0,                       0,158538,158538,0,                       0,158542
16324,158541,0,                       0,158539,158539,0,                       0,158541
16325,158540,0,                       0,158540,158540,0,                       0,158540
16326,158541,0,                       0,158539,158539,0,                       0,158541
16327,158542,0,                       0,158538,158538,0,                       0,158542
16328,158541,0,                       0,158539,158539,0,                       0,158541
16329,158542,0,                       0,158538,158538,0,                       0,158542
16330,158541,0,                       0,158539,158539,0,                       0,158541
16331,158540,0,                       0,158540,158540,0,                       0,158540
16332,158541,0,                       0,158539,158539,0,                       0,158541
16333,158542,0,                       0,158538,158538,0,                       0,158542
16334,158541,0,                       0,158539,158539,0,                       0,158541
16335,158540,0,                       0,158540,158540,0,                       0,158540
16336,158539,0,                       0,158541,158541,0,                       0,158539
16337,158540,0,                       0,158540,158540,0,                       0,158540
16338,158541,0,                       0,158539,158539,0,                       0,158541
16339,158542,0,                       0,158538,158538,0,                       0,158542
16340,158541,0,                       0,158539,158539,0,                       0,158541
16341,158540,0,                       0,158540,158540,0,                       0,158540
16342,158541,0,                       0,158539,158539,0,                       0,158541
16343,158540,0,                       0,158540,158540,0,                       0,158540
16344,158541,0,                       0,158539,158539,0,                       0,158541
16345,158540,0,                       0,158540,158540,0,                       0,158540
16346,158539,0,                       0,158541,158541,0,                       0,158539
16347,158538,0,                       0,158542,158542,0,                       0,158538
16348,158539,0,                       0,158541,158541,0,                       0,158539
16349,158538,0,                       0,158542,158542,0,                       0,158538
16350,158539,0,                       0,158541,158541,0,                       0,158539
16351,158540,0,                       0,158540,158540,0,                       0,158540
16352,158539,0,                       0,158541,158541,0,                       0,158539
16353,158540,0,                       0,158540,158540,0,                       0,158540
16354,158541,0,                       0,158539,158539,0,                       0,158541
16355,158540,0,                       0,158540,158540,0,                       0,158540
16356,158539,0,                       0,158541,158541,0,                       0,158539
16357,158538,0,                       0,158542,158542,0,                       0,158538
16358,158539,0,                       0,158541,158541,0,                       0,158539
16359,158540,0,                       0,158540,158540,0,                       0,158540
16360,158541,0,                       0,158539,158539,0,                       0,158541
16361,158540,0,                       0,158540,158540,0,                       0,158540
16362,158539,0,                       0,158541,158541,0,                       0,158539
16363,158540,0,                       0,158540,158540,0,                       0,158540
16364,158541,0,                       0,158539,158539,0,                       0,158541
16365,158540,0,                       0,158540,158540,0,                       0,158540
16366,158541,0,                       0,158539,158539,0,                       0,158541
16367,158540,0,                       0,158540,158540,0,                       0,158540
16368,158541,0,                       0,158539,158539,0,                       0,158541
16369,158542,0,                       0,158538,158538,0,                       0,158542
16370,158541,0,                       0,158539,158539,0,                       0,158541
16371,158540,0,                       0,158540,158540,0,                       0,158540
16372,158541,0,                       0,158539,158539,0,                       0,158541
16373,158542,0,                       0,158538,158538,0,                       0,158542
16374,158541,0,                       0,158539,158539,0,                       0,158541
16375,158540,0,                       0,158540,158540,0,                       0,158540
16376,158539,0,                       0,158541,158541,0,                       0,158539
16377,158538,0,                       0,158542,158542,0,                       0,158538
16378,158539,0,                       0,158541,158541,0,                       0,158539
16379,158540,0,                       0,158540,158540,0,                       0,158540
16380,158539,0,                       0,158541,158541,0,                       0,158539
16381,158540,0,                       0,158540,158540,0,                       0,158540
16382,158541,0,                       0,158539,158539,0,                       0,158541
16383,158542,0,                       0,158538,158538,0,                       0,158542
16384,158541,0,                       0,158539,158539,0,                       0,158541
16385,158540,0,                       0,158540,158540,0,                       0,158540
16386,158539,0,                       0,158541,158541,0,                       0,158539
16387,158540,0,                       0,158540,158540,0,                       0,158540
16388,158541,0,                       0,158539,158539,0,                       0,158541
16389,158542,0,                       0,158538,158538,0,                       0,158542
16390,158541,0,                       0,158539,158539,0,                       0,158541
16391,158540,0,                       0,158540,158540,0,                       0,158540
16392,158539,0,                       0,158541,158541,0,                       0,158539
16393,158540,0,                       0,158540,158540,0,                       0,158540
16394,158541,0,                       0,158539,158539,0,                       0,158541
16395,158540,0,                       0,158540,158540,0,                       0,158540
16396,158539,0,                       0,158541,158541,0,                       0,158539
16397,158538,0,                       0,158542,158542,0,                       0,158538
16398,158539,0,                       0,158541,158541,0,                       0,158539
16399,158540,0,                       0,158540,158540,0,                       0,158540
16400,158541,0,                       0,158539,158539,0,                       0,158541
16401,158542,0,                       0,158538,158538,0,                       0,158542
16402,158543,0,                       0,158537,158537,0,                       0,158543
16403,158544,0,                       0,158536,158536,0,                       0,158544
16404,158545,0,                       0,158535,158535,0,                       0,158545
16405,158546,0,                       0,158534,158534,0,                       0,158546
16406,158547,0,                       0,158533,158533,0,                       0,158547
16407,158548,0,                       0,158532,158532,0,                       0,158548
16408,158547,0,                       0,158533,158533,0,                       0,158547
16409,158546,0,                       0,158534,158534,0,                       0,158546
16410,158545,0,                       0,158535,158535,0,                       0,158545
16411,158544,0,                       0,158536,158536,0,                       0,158544
16412,158543,0,                       0,158537,158537,0,                       0,158543
16413,158542,0,                       0,158538,158538,0,                       0,158542
16414,158541,0,                       0,158539,158539,0,                       0,158541
16415,158540,0,                       0,158540,158540,0,                       0,158540
16416,158539,0,                       0,158541,158541,0,                       0,158539
16417,158540,0,                       0,158540,158540,0,                       0,158540
16418,158541,0,                       0,158539,158539,0,                       0,158541
16419,158540,0,                       0,158540,158540,0,                       0,158540
16420,158541,0,                       0,158539,158539,0,                       0,158541
16421,158540,0,                       0,158540,158540,0,                       0,158540
16422,158539,0,                       0,158541,158541,0,                       0,158539
16423,158540,0,                       0,158540,158540,0,                       0,158540
16424,158539,0,                       0,158541,158541,0,                       0,158539
16425,158540,0,                       0,158540,158540,0,                       0,158540
16426,158541,0,                       0,158539,158539,0,                       0,158541
16427,158542,0,                       0,158538,158538,0,                       0,158542
16428,158541,0,                       0,158539,158539,0,                       0,158541
16429,158540,0,                       0,158540,158540,0,                       0,158540
16430,158539,0,                       0,158541,158541,0,                       0,158539
16431,158540,0,                       0,158540,158540,0,                       0,158540
16432,158539,0,                       0,158541,158541,0,                       0,158539
16433,158540,0,                       0,158540,158540,0,                       0,158540
16434,158541,0,                       0,158539,158539,0,                       0,158541
16435,158542,0,                       0,158538,158538,0,                       0,158542
16436,158541,0,                       0,158539,158539,0,                       0,158541
16437,158540,0,                       0,158540,158540,0,                       0,158540
16438,158539,0,                       0,158541,158541,0,                       0,158539
16439,158538,0,                       0,158542,158542,0,                       0,158538
16440,158539,0,                       0,158541,158541,0,                       0,158539
16441,158540,0,                       0,158540,158540,0,                       0,158540
16442,158539,0,                       0,158541,158541,0,                       0,158539
16443,158540,0,                       0,158540,158540,0,                       0,158540
16444,158539,0,                       0,158541,158541,0,                       0,158539
16445,158540,0,                       0,158540,158540,0,                       0,158540
16446,158539,0,                       0,158541,158541,0,                       0,158539
16447,158538,0,                       0,158542,158542,0,                       0,158538
16448,158537,0,                       0,158543,158543,0,                       0,158537
16449,158536,0,                       0,158544,158544,0,                       0,158536
16450,158535,0,                       0,158545,158545,0,                       0,158535
16451,158534,0,                       0,158546,158546,0,                       0,158534
16452,158535,0,                       0,158545,158545,0,                       0,158535
16453,158534,0,                       0,158546,158546,0,                       0,158534
16454,158533,0,                       0,158547,158547,0,                       0,158533
16455,158532,0,                       0,158548,158548,0,                       0,158532
16456,158531,0,                       0,158549,158549,0,                       0,158531
16457,158530,0,                       0,158550,158550,0,                       0,158530
16458,158529,0,                       0,158551,158551,0,                       0,158529
16459,158528,0,                       0,158552,158552,0,                       0,158528
16460,158527,0,                       0,158553,158553,0,                       0,158527
16461,158526,0,                       0,158554,158554,0,                       0,158526
16462,158525,0,                       0,158555,158555,0,                       0,158525
16463,158524,0,                       0,158556,158556,0,                       0,158524
16464,158523,0,                       0,158557,158557,0,                       0,158523
16465,158522,0,                       0,158558,158558,0,                       0,158522
16466,158521,0,                       0,158559,158559,0,                       0,158521
16467,158520,0,                       0,158560,158560,0,                       0,158520
16468,158519,0,                       0,158561,158561,0,                       0,158519
16469,158518,0,                       0,158562,158562,0,                       0,158518
16470,158517,0,                       0,158563,158563,0,                       0,158517
16471,158516,0,                       0,158564,158564,0,                       0,158516
16472,158515,0,                       0,158565,158565,0,                       0,158515
16473,158514,0,                       0,158566,158566,0,                       0,158514
16474,158513,0,                       0,158567,158567,0,                       0,158513
16475,158512,0,                       0,158568,158568,0,                       0,158512
16476,158511,0,                       0,158569,158569,0,                       0,158511
16477,158510,0,                       0,158570,158570,0,                       0,158510
16478,158509,0,                       0,158571,158571,0,                       0,158509
16479,158508,0,                       0,158572,158572,0,                       0,158508
16480,158507,0,                       0,158573,158573,0,                       0,158507
16481,158506,0,                       0,158574,158574,0,                       0,158506
16482,158505,0,                       0,158575,158575,0,                       0,158505
16483,158504,0,                       0,158576,158576,0,                       0,158504
16484,158503,0,                       0,158577,158577,0,                       0,158503
16485,158502,0,                       0,158578,158578,0,                       0,158502
16486,158501,0,                       0,158579,158579,0,                       0,158501
16487,158500,0,                       0,158580,158580,0,                       0,158500
16488,158499,0,                       0,158581,158581,0,                       0,158499
16489,158498,0,                       0,158582,158582,0,                       0,158498
16490,158497,0,                       0,158583,158583,0,                       0,158497
16491,158496,0,                       0,158584,158584,0,                       0,158496
16492,158497,0,                       0,158583,158583,0,                       0,158497
16493,158498,0,                       0,158582,158582,0,                       0,158498
16494,158499,0,                       0,158581,158581,0,                       0,158499
16495,158500,0,                       0,158580,158580,0,                       0,158500
16496,158501,0,                       0,158579,158579,0,                       0,158501
16497,158502,0,                       0,158578,158578,0,                       0,158502
16498,158503,0,                       0,158577,158577,0,                       0,158503
16499,158504,0,                       0,158576,158576,0,                       0,158504
16500,158505,0,                       0,158575,158575,0,                       0,158505
16501,158506,0,                       0,158574,158574,0,                       0,158506
16502,158507,0,                       0,158573,158573,0,                       0,158507
16503,158508,0,                       0,158572,158572,0,                       0,158508
16504,158509,0,                       0,158571,158571,0,                       0,158509
16505,158510,0,                       0,158570,158570,0,                       0,158510
16506,158511,0,                       0,158569,158569,0,                       0,158511
16507,158512,0,                       0,158568,158568,0,                       0,158512
16508,158513,0,                       0,158567,158567,0,                       0,158513
16509,158514,0,                       0,158566,158566,0,                       0,158514
16510,158515,0,                       0,158565,158565,0,                       0,158515
16511,158516,0,                       0,158564,158564,0,                       0,158516
16512,158517,0,                       0,158563,158563,0,                       0,158517
16513,158518,0,                       0,158562,158562,0,                       0,158518
16514,158519,0,                       0,158561,158561,0,                       0,158519
16515,158520,0,                       0,158560,158560,0,                       0,158520
16516,158521,0,                       0,158559,158559,0,                       0,158521
16517,158522,0,                       0,158558,158558,0,                       0,158522
16518,158523,0,                       0,158557,158557,0,                       0,158523
16519,158524,0,                       0,158556,158556,0,                       0,158524
16520,158525,0,                       0,158555,158555,0,                       0,158525
16521,158526,0,                       0,158554,158554,0,                       0,158526
16522,158527,0,                       0,158553,158553,0,                       0,158527
16523,158528,0,                       0,158552,158552,0,                       0,158528
16524,158529,0,                       0,158551,158551,0,                       0,158529
16525,158530,0,                       0,158550,158550,0,                       0,158530
16526,158531,0,                       0,158549,158549,0,                       0,158531
16527,158532,0,                       0,158548,158548,0,                       0,158532
16528,158533,0,                       0,158547,158547,0,                       0,158533
16529,158534,0,                       0,158546,158546,0,                       0,158534
16530,158535,0,                       0,158545,158545,0,                       0,158535
16531,158536,0,                       0,158544,158544,0,                       0,158536
16532,158537,0,                       0,158543,158543,0,                       0,158537
16533,158538,0,                       0,158542,158542,0,                       0,158538
16534,158539,0,                       0,158541,158541,0,                       0,158539
16535,158540,0,                       0,158540,158540,0,                       0,158540
16536,158541,0,                       0,158539,158539,0,                       0,158541
16537,158540,0,                       0,158540,158540,0,                       0,158540
16538,158539,0,                       0,158541,158541,0,                       0,158539
16539,158540,0,                       0,158540,158540,0,                       0,158540
16540,158541,0,                       0,158539,158539,0,                       0,158541
16541,158542,0,                       0,158538,158538,0,                       0,158542
16542,158541,0,                       0,158539,158539,0,                       0,158541
16543,158540,0,                       0,158540,158540,0,                       0,158540
16544,158541,0,                       0,158539,158539,0,                       0,158541
16545,158542,0,                       0,158538,158538,0,                       0,158542
16546,158541,0,                       0,158539,158539,0,                       0,158541
16547,158542,0,                       0,158538,158538,0,                       0,158542
16548,158541,0,                       0,158539,158539,0,                       0,158541
16549,158542,0,                       0,158538,158538,0,                       0,158542
16550,158543,0,                       0,158537,158537,0,                       0,158543
16551,158544,0,                       0,158536,158536,0,                       0,158544
16552,158543,0,                       0,158537,158537,0,                       0,158543
16553,158542,0,                       0,158538,158538,0,                       0,158542
16554,158541,0,                       0,158539,158539,0,                       0,158541
16555,158540,0,                       0,158540,158540,0,                       0,158540
16556,158539,0,                       0,158541,158541,0,                       0,158539
16557,158540,0,                       0,158540,158540,0,                       0,158540
16558,158539,0,                       0,158541,158541,0,                       0,158539
16559,158540,0,                       0,158540,158540,0,                       0,158540
16560,158541,0,                       0,158539,158539,0,                       0,158541
16561,158540,0,                       0,158540,158540,0,                       0,158540
16562,158539,0,                       0,158541,158541,0,                       0,158539
16563,158540,0,                       0,158540,158540,0,                       0,158540
16564,158541,0,                       0,158539,158539,0,                       0,158541
16565,158540,0,                       0,158540,158540,0,                       0,158540
16566,158541,0,                       0,158539,158539,0,                       0,158541
16567,158540,0,                       0,158540,158540,0,                       0,158540
16568,158539,0,                       0,158541,158541,0,                       0,158539
16569,158540,0,                       0,158540,158540,0,                       0,158540
16570,158541,0,                       0,158539,158539,0,                       0,158541
16571,158540,0,                       0,158540,158540,0,                       0,158540
16572,158539,0,                       0,158541,158541,0,                       0,158539
16573,158540,0,                       0,158540,158540,0,                       0,158540
16574,158539,0,                       0,158541,158541,0,                       0,158539
16575,158540,0,                       0,158540,158540,0,                       0,158540
16576,158541,0,                       0,158539,158539,0,                       0,158541
16577,158540,0,                       0,158540,158540,0,                       0,158540
16578,158541,0,                       0,158539,158539,0,                       0,158541
16579,158540,0,                       0,158540,158540,0,                       0,158540
16580,158539,0,                       0,158541,158541,0,                       0,158539
16581,158540,0,                       0,158540,158540,0,                       0,158540
16582,158539,0,                       0,158541,158541,0,                       0,158539
16583,158540,0,                       0,158540,158540,0,                       0,158540
16584,158539,0,                       0,158541,158541,0,                       0,158539
16585,158540,0,                       0,158540,158540,0,                       0,158540
16586,158541,0,                       0,158539,158539,0,                       0,158541
16587,158540,0,                       0,158540,158540,0,                       0,158540
16588,158541,0,                       0,158539,158539,0,                       0,158541
16589,158540,0,                       0,158540,158540,0,                       0,158540
16590,158539,0,                       0,158541,158541,0,                       0,158539
16591,158540,0,                       0,158540,158540,0,                       0,158540
16592,158539,0,                       0,158541,158541,0,                       0,158539
16593,158540,0,                       0,158540,158540,0,                       0,158540
16594,158541,0,                       0,158539,158539,0,                       0,158541
16595,158540,0,                       0,158540,158540,0,                       0,158540
16596,158541,0,                       0,158539,158539,0,                       0,158541
16597,158542,0,                       0,158538,158538,0,                       0,158542
16598,158541,0,                       0,158539,158539,0,                       0,158541
16599,158540,0,                       0,158540,158540,0,                       0,158540
16600,158541,0,                       0,158539,158539,0,                       0,158541
16601,158542,0,                       0,158538,158538,0,                       0,158542
16602,158541,0,                       0,158539,158539,0,                       0,158541
16603,158542,0,                       0,158538,158538,0,                       0,158542
16604,158541,0,                       0,158539,158539,0,                       0,158541
16605,158542,0,                       0,158538,158538,0,                       0,158542
16606,158541,0,                       0,158539,158539,0,                       0,158541
16607,158542,0,                       0,158538,158538,0,                       0,158542
16608,158541,0,                       0,158539,158539,0,                       0,158541
16609,158540,0,                       0,158540,158540,0,                       0,158540
16610,158541,0,                       0,158539,158539,0,                       0,158541
16611,158540,0,                       0,158540,158540,0,                       0,158540
16612,158541,0,                       0,158539,158539,0,                       0,158541
16613,158542,0,                       0,158538,158538,0,                       0,158542
16614,158541,0,                       0,158539,158539,0,                       0,158541
16615,158540,0,                       0,158540,158540,0,                       0,158540
16616,158539,0,                       0,158541,158541,0,                       0,158539
16617,158538,0,                       0,158542,158542,0,                       0,158538
16618,158537,0,                       0,158543,158543,0,                       0,158537
16619,158538,0,                       0,158542,158542,0,                       0,158538
16620,158539,0,                       0,158541,158541,0,                       0,158539
16621,158540,0,                       0,158540,158540,0,                       0,158540
16622,158541,0,                       0,158539,158539,0,                       0,158541
16623,158540,0,                       0,158540,158540,0,                       0,158540
16624,158541,0,                       0,158539,158539,0,                       0,158541
16625,158542,0,                       0,158538,158538,0,                       0,158542
16626,158541,0,                       0,158539,158539,0,                       0,158541
16627,158540,0,                       0,158540,158540,0,                       0,158540
16628,158541,0,                       0,158539,158539,0,                       0,158541
16629,158540,0,                       0,158540,158540,0,                       0,158540
16630,158539,0,                       0,158541,158541,0,                       0,158539
16631,158538,0,                       0,158542,158542,0,                       0,158538
16632,158539,0,                       0,158541,158541,0,                       0,158539
16633,158540,0,                       0,158540,158540,0,                       0,158540
16634,158539,0,                       0,158541,158541,0,                       0,158539
16635,158540,0,                       0,158540,158540,0,                       0,158540
16636,158539,0,                       0,158541,158541,0,                       0,158539
16637,158540,0,                       0,158540,158540,0,                       0,158540
16638,158541,0,                       0,158539,158539,0,                       0,158541
16639,158540,0,                       0,158540,158540,0,                       0,158540
16640,158541,0,                       0,158539,158539,0,                       0,158541
16641,158542,0,                       0,158538,158538,0,                       0,158542
16642,158541,0,                       0,158539,158539,0,                       0,158541
16643,158540,0,                       0,158540,158540,0,                       0,158540
16644,158539,0,                       0,158541,158541,0,                       0,158539
16645,158540,0,                       0,158540,158540,0,                       0,158540
16646,158539,0,                       0,158541,158541,0,                       0,158539
16647,158538,0,                       0,158542,158542,0,                       0,158538
16648,158539,0,                       0,158541,158541,0,                       0,158539
16649,158538,0,                       0,158542,158542,0,                       0,158538
16650,158539,0,                       0,158541,158541,0,                       0,158539
16651,158540,0,                       0,158540,158540,0,                       0,158540
16652,158541,0,                       0,158539,158539,0,                       0,158541
16653,158542,0,                       0,158538,158538,0,                       0,158542
16654,158543,0,                       0,158537,158537,0,                       0,158543
16655,158542,0,                       0,158538,158538,0,                       0,158542
16656,158541,0,                       0,158539,158539,0,                       0,158541
16657,158542,0,                       0,158538,158538,0,                       0,158542
16658,158541,0,                       0,158539,158539,0,                       0,158541
16659,158542,0,                       0,158538,158538,0,                       0,158542
16660,158541,0,                       0,158539,158539,0,                       0,158541
16661,158542,0,                       0,158538,158538,0,                       0,158542
16662,158543,0,                       0,158537,158537,0,                       0,158543
16663,158542,0,                       0,158538,158538,0,                       0,158542
16664,158541,0,                       0,158539,158539,0,                       0,158541
16665,158540,0,                       0,158540,158540,0,                       0,158540
16666,158541,0,                       0,158539,158539,0,                       0,158541
16667,158540,0,                       0,158540,158540,0,                       0,158540
16668,158539,0,                       0,158541,158541,0,                       0,158539
16669,158540,0,                       0,158540,158540,0,                       0,158540
16670,158539,0,                       0,158541,158541,0,                       0,158539
16671,158540,0,                       0,158540,158540,0,                       0,158540
16672,158541,0,                       0,158539,158539,0,                       0,158541
16673,158542,0,                       0,158538,158538,0,                       0,158542
16674,158541,0,                       0,158539,158539,0,                       0,158541
16675,158540,0,                       0,158540,158540,0,                       0,158540
16676,158541,0,                       0,158539,158539,0,                       0,158541
16677,158540,0,                       0,158540,158540,0,                       0,158540
16678,158539,0,                       0,158541,158541,0,                       0,158539
16679,158540,0,                       0,158540,158540,0,                       0,158540
16680,158539,0,                       0,158541,158541,0,                       0,158539
16681,158540,0,                       0,158540,158540,0,                       0,158540
16682,158541,0,                       0,158539,158539,0,                       0,158541
16683,158540,0,                       0,158540,158540,0,                       0,158540
16684,158539,0,                       0,158541,158541,0,                       0,158539
16685,158540,0,                       0,158540,158540,0,                       0,158540
16686,158541,0,                       0,158539,158539,0,                       0,158541
16687,158542,0,                       0,158538,158538,0,                       0,158542
16688,158543,0,                       0,158537,158537,0,                       0,158543
16689,158542,0,                       0,158538,158538,0,                       0,158542
16690,158541,0,                       0,158539,158539,0,                       0,158541
16691,158540,0,                       0,158540,158540,0,                       0,158540
16692,158541,0,                       0,158539,158539,0,                       0,158541
16693,158540,0,                       0,158540,158540,0,                       0,158540
16694,158539,0,                       0,158541,158541,0,                       0,158539
16695,158540,0,                       0,158540,158540,0,                       0,158540
16696,158541,0,                       0,158539,158539,0,                       0,158541
16697,158542,0,                       0,158538,158538,0,                       0,158542
16698,158543,0,                       0,158537,158537,0,                       0,158543
16699,158544,0,                       0,158536,158536,0,                       0,158544
16700,158543,0,                       0,158537,158537,0,                       0,158543
16701,158542,0,                       0,158538,158538,0,                       0,158542
16702,158541,0,                       0,158539,158539,0,                       0,158541
16703,158542,0,                       0,158538,158538,0,                       0,158542
16704,158541,0,                       0,158539,158539,0,                       0,158541
16705,158542,0,                       0,158538,158538,0,                       0,158542
16706,158543,0,                       0,158537,158537,0,                       0,158543
16707,158542,0,                       0,158538,158538,0,                       0,158542
16708,158541,0,                       0,158539,158539,0,                       0,158541
16709,158542,0,                       0,158538,158538,0,                       0,158542
16710,158541,0,                       0,158539,158539,0,                       0,158541
16711,158540,0,                       0,158540,158540,0,                       0,158540
16712,158541,0,                       0,158539,158539,0,                       0,158541
16713,158540,0,                       0,158540,158540,0,                       0,158540
16714,158541,0,                       0,158539,158539,0,                       0,158541
16715,158540,0,                       0,158540,158540,0,                       0,158540
16716,158541,0,                       0,158539,158539,0,                       0,158541
16717,158540,0,                       0,158540,158540,0,                       0,158540
16718,158539,0,                       0,158541,158541,0,                       0,158539
16719,158540,0,                       0,158540,158540,0,                       0,158540
16720,158541,0,                       0,158539,158539,0,                       0,158541
16721,158542,0,                       0,158538,158538,0,                       0,158542
16722,158541,0,                       0,158539,158539,0,                       0,158541
16723,158542,0,                       0,158538,158538,0,                       0,158542
16724,158541,0,                       0,158539,158539,0,                       0,158541
16725,158540,0,                       0,158540,158540,0,                       0,158540
16726,158541,0,                       0,158539,158539,0,                       0,158541
16727,158542,0,                       0,158538,158538,0,                       0,158542
16728,158541,0,                       0,158539,158539,0,                       0,158541
16729,158540,0,                       0,158540,158540,0,                       0,158540
16730,158539,0,                       0,158541,158541,0,                       0,158539
16731,158538,0,                       0,158542,158542,0,                       0,158538
16732,158539,0,                       0,158541,158541,0,                       0,158539
16733,158540,0,                       0,158540,158540,0,                       0,158540
16734,158541,0,                       0,158539,158539,0,                       0,158541
16735,158542,0,                       0,158538,158538,0,                       0,158542
16736,158541,0,                       0,158539,158539,0,                       0,158541
16737,158542,0,                       0,158538,158538,0,                       0,158542
16738,158541,0,                       0,158539,158539,0,                       0,158541
16739,158540,0,                       0,158540,158540,0,                       0,158540
16740,158539,0,                       0,158541,158541,0,                       0,158539
16741,158540,0,                       0,158540,158540,0,                       0,158540
16742,158539,0,                       0,158541,158541,0,                       0,158539
16743,158538,0,                       0,158542,158542,0,                       0,158538
16744,158539,0,                       0,158541,158541,0,                       0,158539
16745,158540,0,                       0,158540,158540,0,                       0,158540
16746,158541,0,                       0,158539,158539,0,                       0,158541
16747,158542,0,                       0,158538,158538,0,                       0,158542
16748,158541,0,                       0,158539,158539,0,                       0,158541
16749,158540,0,                       0,158540,158540,0,                       0,158540
16750,158539,0,                       0,158541,158541,0,                       0,158539
16751,158538,0,                       0,158542,158542,0,                       0,158538
16752,158539,0,                       0,158541,158541,0,                       0,158539
16753,158540,0,                       0,158540,158540,0,                       0,158540
16754,158539,0,                       0,158541,158541,0,                       0,158539
16755,158540,0,                       0,158540,158540,0,                       0,158540
16756,158539,0,                       0,158541,158541,0,                       0,158539
16757,158540,0,                       0,158540,158540,0,                       0,158540
16758,158539,0,                       0,158541,158541,0,                       0,158539
16759,158538,0,                       0,158542,158542,0,                       0,158538
16760,158539,0,                       0,158541,158541,0,                       0,158539
16761,158540,0,                       0,158540,158540,0,                       0,158540
16762,158539,0,                       0,158541,158541,0,                       0,158539
16763,158538,0,                       0,158542,158542,0,                       0,158538
16764,158539,0,                       0,158541,158541,0,                       0,158539
16765,158540,0,                       0,158540,158540,0,                       0,158540
16766,158541,0,                       0,158539,158539,0,                       0,158541
16767,158542,0,                       0,158538,158538,0,                       0,158542
16768,158543,0,                       0,158537,158537,0,                       0,158543
16769,158542,0,                       0,158538,158538,0,                       0,158542
16770,158541,0,                       0,158539,158539,0,                       0,158541
16771,158540,0,                       0,158540,158540,0,                       0,158540
16772,158541,0,                       0,158539,158539,0,                       0,158541
16773,158540,0,                       0,158540,158540,0,                       0,158540
16774,158539,0,                       0,158541,158541,0,                       0,158539
16775,158540,0,                       0,158540,158540,0,                       0,158540
16776,158539,0,                       0,158541,158541,0,                       0,158539
16777,158540,0,                       0,158540,158540,0,                       0,158540
16778,158541,0,                       0,158539,158539,0,                       0,158541
16779,158540,0,                       0,158540,158540,0,                       0,158540
16780,158539,0,                       0,158541,158541,0,                       0,158539
16781,158540,0,                       0,158540,158540,0,                       0,158540
16782,158539,0,                       0,158541,158541,0,                       0,158539
16783,158540,0,                       0,158540,158540,0,                       0,158540
16784,158539,0,                       0,158541,158541,0,                       0,158539
16785,158540,0,                       0,158540,158540,0,                       0,158540
16786,158539,0,                       0,158541,158541,0,                       0,158539
16787,158538,0,                       0,158542,158542,0,                       0,158538
16788,158539,0,                       0,158541,158541,0,                       0,158539
16789,158540,0,                       0,158540,158540,0,                       0,158540
16790,158541,0,                       0,158539,158539,0,                       0,158541
16791,158542,0,                       0,158538,158538,0,                       0,158542
16792,158543,0,                       0,158537,158537,0,                       0,158543
16793,158542,0,                       0,158538,158538,0,                       0,158542
16794,158541,0,                       0,158539,158539,0,                       0,158541
16795,158540,0,                       0,158540,158540,0,                       0,158540
16796,158541,0,                       0,158539,158539,0,                       0,158541
16797,158542,0,                       0,158538,158538,0,                       0,158542
16798,158541,0,                       0,158539,158539,0,                       0,158541
16799,158540,0,                       0,158540,158540,0,                       0,158540
16800,158541,0,                       0,158539,158539,0,                       0,158541
16801,158540,0,                       0,158540,158540,0,                       0,158540
16802,158539,0,                       0,158541,158541,0,                       0,158539
16803,158540,0,                       0,158540,158540,0,                       0,158540
16804,158541,0,                       0,158539,158539,0,                       0,158541
16805,158542,0,                       0,158538,158538,0,                       0,158542
16806,158541,0,                       0,158539,158539,0,                       0,158541
16807,158540,0,                       0,158540,158540,0,                       0,158540
16808,158541,0,                       0,158539,158539,0,                       0,158541
16809,158542,0,                       0,158538,158538,0,                       0,158542
16810,158541,0,                       0,158539,158539,0,                       0,158541
16811,158542,0,                       0,158538,158538,0,                       0,158542
16812,158541,0,                       0,158539,158539,0,                       0,158541
16813,158540,0,                       0,158540,158540,0,                       0,158540
16814,158539,0,                       0,158541,158541,0,                       0,158539
16815,158538,0,                       0,158542,158542,0,                       0,158538
16816,158539,0,                       0,158541,158541,0,                       0,158539
16817,158538,0,                       0,158542,158542,0,                       0,158538
16818,158539,0,                       0,158541,158541,0,                       0,158539
16819,158540,0,                       0,158540,158540,0,                       0,158540
16820,158541,0,                       0,158539,158539,0,                       0,158541
16821,158540,0,                       0,158540,158540,0,                       0,158540
16822,158539,0,                       0,158541,158541,0,                       0,158539
16823,158538,0,                       0,158542,158542,0,                       0,158538
16824,158539,0,                       0,158541,158541,0,                       0,158539
16825,158540,0,                       0,158540,158540,0,                       0,158540
16826,158539,0,                       0,158541,158541,0,                       0,158539
16827,158538,0,                       0,158542,158542,0,                       0,158538
16828,158539,0,                       0,158541,158541,0,                       0,158539
16829,158540,0,                       0,158540,158540,0,                       0,158540
16830,158541,0,                       0,158539,158539,0,                       0,158541
16831,158540,0,                       0,158540,158540,0,                       0,158540
16832,158541,0,                       0,158539,158539,0,                       0,158541
16833,158542,0,                       0,158538,158538,0,                       0,158542
16834,158541,0,                       0,158539,158539,0,                       0,158541
16835,158540,0,                       0,158540,158540,0,                       0,158540
16836,158539,0,                       0,158541,158541,0,                       0,158539
16837,158540,0,                       0,158540,158540,0,                       0,158540
16838,158539,0,                       0,158541,158541,0,                       0,158539
16839,158540,0,                       0,158540,158540,0,                       0,158540
16840,158541,0,                       0,158539,158539,0,                       0,158541
16841,158542,0,                       0,158538,158538,0,                       0,158542
16842,158541,0,                       0,158539,158539,0,                       0,158541
16843,158542,0,                       0,158538,158538,0,                       0,158542
16844,158541,0,                       0,158539,158539,0,                       0,158541
16845,158542,0,                       0,158538,158538,0,                       0,158542
16846,158541,0,                       0,158539,158539,0,                       0,158541
16847,158540,0,                       0,158540,158540,0,                       0,158540
16848,158539,0,                       0,158541,158541,0,                       0,158539
16849,158540,0,                       0,158540,158540,0,                       0,158540
16850,158541,0,                       0,158539,158539,0,                       0,158541
16851,158542,0,                       0,158538,158538,0,                       0,158542
16852,158541,0,                       0,158539,158539,0,                       0,158541
16853,158540,0,                       0,158540,158540,0,                       0,158540
16854,158539,0,                       0,158541,158541,0,                       0,158539
16855,158540,0,                       0,158540,158540,0,                       0,158540
16856,158541,0,                       0,158539,158539,0,                       0,158541
16857,158540,0,                       0,158540,158540,0,                       0,158540
16858,158539,0,                       0,158541,158541,0,                       0,158539
16859,158540,0,                       0,158540,158540,0,                       0,158540
16860,158541,0,                       0,158539,158539,0,                       0,158541
16861,158540,0,                       0,158540,158540,0,                       0,158540
16862,158539,0,                       0,158541,158541,0,                       0,158539
16863,158540,0,                       0,158540,158540,0,                       0,158540
16864,158539,0,                       0,158541,158541,0,                       0,158539
16865,158540,0,                       0,158540,158540,0,                       0,158540
16866,158539,0,                       0,158541,158541,0,                       0,158539
16867,158540,0,                       0,158540,158540,0,                       0,158540
16868,158541,0,                       0,158539,158539,0,                       0,158541
16869,158540,0,                       0,158540,158540,0,                       0,158540
16870,158541,0,                       0,158539,158539,0,                       0,158541
16871,158540,0,                       0,158540,158540,0,                       0,158540
16872,158539,0,                       0,158541,158541,0,                       0,158539
16873,158540,0,                       0,158540,158540,0,                       0,158540
16874,158541,0,                       0,158539,158539,0,                       0,158541
16875,158540,0,                       0,158540,158540,0,                       0,158540
16876,158541,0,                       0,158539,158539,0,                       0,158541
16877,158540,0,                       0,158540,158540,0,                       0,158540
16878,158539,0,                       0,158541,158541,0,                       0,158539
16879,158540,0,                       0,158540,158540,0,                       0,158540
16880,158541,0,                       0,158539,158539,0,                       0,158541
16881,158540,0,                       0,158540,158540,0,                       0,158540
16882,158541,0,                       0,158539,158539,0,                       0,158541
16883,158540,0,                       0,158540,158540,0,                       0,158540
16884,158539,0,                       0,158541,158541,0,                       0,158539
16885,158538,0,                       0,158542,158542,0,                       0,158538
16886,158539,0,                       0,158541,158541,0,                       0,158539
16887,158540,0,                       0,158540,158540,0,                       0,158540
16888,158541,0,                       0,158539,158539,0,                       0,158541
16889,158540,0,                       0,158540,158540,0,                       0,158540
16890,158539,0,                       0,158541,158541,0,                       0,158539
16891,158540,0,                       0,158540,158540,0,                       0,158540
16892,158541,0,                       0,158539,158539,0,                       0,158541
16893,158542,0,                       0,158538,158538,0,                       0,158542
16894,158543,0,                       0,158537,158537,0,                       0,158543
16895,158542,0,                       0,158538,158538,0,                       0,158542
16896,158541,0,                       0,158539,158539,0,                       0,158541
16897,158542,0,                       0,158538,158538,0,                       0,158542
16898,158543,0,                       0,158537,158537,0,                       0,158543
16899,158542,0,                       0,158538,158538,0,                       0,158542
16900,158541,0,                       0,158539,158539,0,                       0,158541
16901,158540,0,                       0,158540,158540,0,                       0,158540
16902,158541,0,                       0,158539,158539,0,                       0,158541
16903,158540,0,                       0,158540,158540,0,                       0,158540
16904,158539,0,                       0,158541,158541,0,                       0,158539
16905,158540,0,                       0,158540,158540,0,                       0,158540
16906,158541,0,                       0,158539,158539,0,                       0,158541
16907,158540,0,                       0,158540,158540,0,                       0,158540
16908,158541,0,                       0,158539,158539,0,                       0,158541
16909,158542,0,                       0,158538,158538,0,                       0,158542
16910,158541,0,                       0,158539,158539,0,                       0,158541
16911,158540,0,                       0,158540,158540,0,                       0,158540
16912,158541,0,                       0,158539,158539,0,                       0,158541
16913,158540,0,                       0,158540,158540,0,                       0,158540
16914,158539,0,                       0,158541,158541,0,                       0,158539
16915,158540,0,                       0,158540,158540,0,                       0,158540
16916,158539,0,                       0,158541,158541,0,                       0,158539
16917,158540,0,                       0,158540,158540,0,                       0,158540
16918,158539,0,                       0,158541,158541,0,                       0,158539
16919,158538,0,                       0,158542,158542,0,                       0,158538
16920,158539,0,                       0,158541,158541,0,                       0,158539
16921,158538,0,                       0,158542,158542,0,                       0,158538
16922,158539,0,                       0,158541,158541,0,                       0,158539
16923,158540,0,                       0,158540,158540,0,                       0,158540
16924,158541,0,                       0,158539,158539,0,                       0,158541
16925,158540,0,                       0,158540,158540,0,                       0,158540
16926,158541,0,                       0,158539,158539,0,                       0,158541
16927,158540,0,                       0,158540,158540,0,                       0,158540
16928,158541,0,                       0,158539,158539,0,                       0,158541
16929,158540,0,                       0,158540,158540,0,                       0,158540
16930,158541,0,                       0,158539,158539,0,                       0,158541
16931,158540,0,                       0,158540,158540,0,                       0,158540
16932,158541,0,                       0,158539,158539,0,                       0,158541
16933,158540,0,                       0,158540,158540,0,                       0,158540
16934,158539,0,                       0,158541,158541,0,                       0,158539
16935,158540,0,                       0,158540,158540,0,                       0,158540
16936,158541,0,                       0,158539,158539,0,                       0,158541
16937,158540,0,                       0,158540,158540,0,                       0,158540
16938,158539,0,                       0,158541,158541,0,                       0,158539
16939,158540,0,                       0,158540,158540,0,                       0,158540
16940,158539,0,                       0,158541,158541,0,                       0,158539
16941,158540,0,                       0,158540,158540,0,                       0,158540
16942,158541,0,                       0,158539,158539,0,                       0,158541
16943,158540,0,                       0,158540,158540,0,                       0,158540
16944,158541,0,                       0,158539,158539,0,                       0,158541
16945,158542,0,                       0,158538,158538,0,                       0,158542
16946,158541,0,                       0,158539,158539,0,                       0,158541
16947,158540,0,                       0,158540,158540,0,                       0,158540
16948,158541,0,                       0,158539,158539,0,                       0,158541
16949,158540,0,                       0,158540,158540,0,                       0,158540
16950,158539,0,                       0,158541,158541,0,                       0,158539
16951,158540,0,                       0,158540,158540,0,                       0,158540
16952,158541,0,                       0,158539,158539,0,                       0,158541
16953,158540,0,                       0,158540,158540,0,                       0,158540
16954,158539,0,                       0,158541,158541,0,                       0,158539
16955,158538,0,                       0,158542,158542,0,                       0,158538
16956,158537,0,                       0,158543,158543,0,                       0,158537
16957,158538,0,                       0,158542,158542,0,                       0,158538
16958,158537,0,                       0,158543,158543,0,                       0,158537
16959,158538,0,                       0,158542,158542,0,                       0,158538
16960,158539,0,                       0,158541,158541,0,                       0,158539
16961,158540,0,                       0,158540,158540,0,                       0,158540
16962,158539,0,                       0,158541,158541,0,                       0,158539
16963,158540,0,                       0,158540,158540,0,                       0,158540
16964,158539,0,                       0,158541,158541,0,                       0,158539
16965,158540,0,                       0,158540,158540,0,                       0,158540
16966,158541,0,                       0,158539,158539,0,                       0,158541
16967,158542,0,                       0,158538,158538,0,                       0,158542
16968,158541,0,                       0,158539,158539,0,                       0,158541
16969,158540,0,                       0,158540,158540,0,                       0,158540
16970,158541,0,                       0,158539,158539,0,                       0,158541
16971,158542,0,                       0,158538,158538,0,                       0,158542
16972,158541,0,                       0,158539,158539,0,                       0,158541
16973,158542,0,                       0,158538,158538,0,                       0,158542
16974,158541,0,                       0,158539,158539,0,                       0,158541
16975,158542,0,                       0,158538,158538,0,                       0,158542
16976,158541,0,                       0,158539,158539,0,                       0,158541
16977,158540,0,                       0,158540,158540,0,                       0,158540
16978,158539,0,                       0,158541,158541,0,                       0,158539
16979,158540,0,                       0,158540,158540,0,                       0,158540
16980,158539,0,                       0,158541,158541,0,                       0,158539
16981,158540,0,                       0,158540,158540,0,                       0,158540
16982,158539,0,                       0,158541,158541,0,                       0,158539
16983,158540,0,                       0,158540,158540,0,                       0,158540
16984,158539,0,                       0,158541,158541,0,                       0,158539
16985,158538,0,                       0,158542,158542,0,                       0,158538
16986,158539,0,                       0,158541,158541,0,                       0,158539
16987,158540,0,                       0,158540,158540,0,                       0,158540
16988,158541,0,                       0,158539,158539,0,                       0,158541
16989,158540,0,                       0,158540,158540,0,                       0,158540
16990,158539,0,                       0,158541,158541,0,                       0,158539
16991,158540,0,                       0,158540,158540,0,                       0,158540
16992,158541,0,                       0,158539,158539,0,                       0,158541
16993,158542,0,                       0,158538,158538,0,                       0,158542
16994,158541,0,                       0,158539,158539,0,                       0,158541
16995,158540,0,                       0,158540,158540,0,                       0,158540
16996,158541,0,                       0,158539,158539,0,                       0,158541
16997,158540,0,                       0,158540,158540,0,                       0,158540
16998,158539,0,                       0,158541,158541,0,                       0,158539
16999,158540,0,                       0,158540,158540,0,                       0,158540
17000,158541,0,                       0,158539,158539,0,                       0,158541
17001,158540,0,                       0,158540,158540,0,                       0,158540
17002,158539,0,                       0,158541,158541,0,                       0,158539
17003,158540,0,                       0,158540,158540,0,                       0,158540
17004,158541,0,                       0,158539,158539,0,                       0,158541
17005,158540,0,                       0,158540,158540,0,                       0,158540
17006,158539,0,                       0,158541,158541,0,                       0,158539
17007,158538,0,                       0,158542,158542,0,                       0,158538
17008,158537,0,                       0,158543,158543,0,                       0,158537
17009,158538,0,                       0,158542,158542,0,                       0,158538
17010,158539,0,                       0,158541,158541,0,                       0,158539
17011,158540,0,                       0,158540,158540,0,                       0,158540
17012,158541,0,                       0,158539,158539,0,                       0,158541
17013,158542,0,                       0,158538,158538,0,                       0,158542
17014,158541,0,                       0,158539,158539,0,                       0,158541
17015,158542,0,                       0,158538,158538,0,                       0,158542
17016,158541,0,                       0,158539,158539,0,                       0,158541
17017,158540,0,                       0,158540,158540,0,                       0,158540
17018,158539,0,                       0,158541,158541,0,                       0,158539
17019,158540,0,                       0,158540,158540,0,                       0,158540
17020,158541,0,                       0,158539,158539,0,                       0,158541
17021,158540,0,                       0,158540,158540,0,                       0,158540
17022,158539,0,                       0,158541,158541,0,                       0,158539
17023,158540,0,                       0,158540,158540,0,                       0,158540
17024,158539,0,                       0,158541,158541,0,                       0,158539
17025,158540,0,                       0,158540,158540,0,                       0,158540
17026,158539,0,                       0,158541,158541,0,                       0,158539
17027,158540,0,                       0,158540,158540,0,                       0,158540
17028,158541,0,                       0,158539,158539,0,                       0,158541
17029,158540,0,                       0,158540,158540,0,                       0,158540
17030,158539,0,                       0,158541,158541,0,                       0,158539
17031,158540,0,                       0,158540,158540,0,                       0,158540
17032,158541,0,                       0,158539,158539,0,                       0,158541
17033,158542,0,                       0,158538,158538,0,                       0,158542
17034,158541,0,                       0,158539,158539,0,                       0,158541
17035,158540,0,                       0,158540,158540,0,                       0,158540
17036,158539,0,                       0,158541,158541,0,                       0,158539
17037,158540,0,                       0,158540,158540,0,                       0,158540
17038,158539,0,                       0,158541,158541,0,                       0,158539
17039,158540,0,                       0,158540,158540,0,                       0,158540
17040,158541,0,                       0,158539,158539,0,                       0,158541
17041,158540,0,                       0,158540,158540,0,                       0,158540
17042,158541,0,                       0,158539,158539,0,                       0,158541
17043,158542,0,                       0,158538,158538,0,                       0,158542
17044,158541,0,                       0,158539,158539,0,                       0,158541
17045,158540,0,                       0,158540,158540,0,                       0,158540
17046,158539,0,                       0,158541,158541,0,                       0,158539
17047,158538,0,                       0,158542,158542,0,                       0,158538
17048,158537,0,                       0,158543,158543,0,                       0,158537
17049,158538,0,                       0,158542,158542,0,                       0,158538
17050,158539,0,                       0,158541,158541,0,                       0,158539
17051,158538,0,                       0,158542,158542,0,                       0,158538
17052,158539,0,                       0,158541,158541,0,                       0,158539
17053,158538,0,                       0,158542,158542,0,                       0,158538
17054,158539,0,                       0,158541,158541,0,                       0,158539
17055,158538,0,                       0,158542,158542,0,                       0,158538
17056,158537,0,                       0,158543,158543,0,                       0,158537
17057,158538,0,                       0,158542,158542,0,                       0,158538
17058,158539,0,                       0,158541,158541,0,                       0,158539
17059,158540,0,                       0,158540,158540,0,                       0,158540
17060,158539,0,                       0,158541,158541,0,                       0,158539
17061,158540,0,                       0,158540,158540,0,                       0,158540
17062,158539,0,                       0,158541,158541,0,                       0,158539
17063,158538,0,                       0,158542,158542,0,                       0,158538
17064,158539,0,                       0,158541,158541,0,                       0,158539
17065,158538,0,                       0,158542,158542,0,                       0,158538
17066,158537,0,                       0,158543,158543,0,                       0,158537
17067,158538,0,                       0,158542,158542,0,                       0,158538
17068,158539,0,                       0,158541,158541,0,                       0,158539
17069,158540,0,                       0,158540,158540,0,                       0,158540
17070,158541,0,                       0,158539,158539,0,                       0,158541
17071,158540,0,                       0,158540,158540,0,                       0,158540
17072,158541,0,                       0,158539,158539,0,                       0,158541
17073,158540,0,                       0,158540,158540,0,                       0,158540
17074,158541,0,                       0,158539,158539,0,                       0,158541
17075,158540,0,                       0,158540,158540,0,                       0,158540
17076,158541,0,                       0,158539,158539,0,                       0,158541
17077,158540,0,                       0,158540,158540,0,                       0,158540
17078,158541,0,                       0,158539,158539,0,                       0,158541
17079,158540,0,                       0,158540,158540,0,                       0,158540
17080,158539,0,                       0,158541,158541,0,                       0,158539
17081,158540,0,                       0,158540,158540,0,                       0,158540
17082,158541,0,                       0,158539,158539,0,                       0,158541
17083,158540,0,                       0,158540,158540,0,                       0,158540
17084,158539,0,                       0,158541,158541,0,                       0,158539
17085,158538,0,                       0,158542,158542,0,                       0,158538
17086,158537,0,                       0,158543,158543,0,                       0,158537
17087,158538,0,                       0,158542,158542,0,                       0,158538
17088,158539,0,                       0,158541,158541,0,                       0,158539
17089,158540,0,                       0,158540,158540,0,                       0,158540
17090,158539,0,                       0,158541,158541,0,                       0,158539
17091,158540,0,                       0,158540,158540,0,                       0,158540
17092,158541,0,                       0,158539,158539,0,                       0,158541
17093,158542,0,                       0,158538,158538,0,                       0,158542
17094,158543,0,                       0,158537,158537,0,                       0,158543
17095,158542,0,                       0,158538,158538,0,                       0,158542
17096,158541,0,                       0,158539,158539,0,                       0,158541
17097,158540,0,                       0,158540,158540,0,                       0,158540
17098,158539,0,                       0,158541,158541,0,                       0,158539
17099,158538,0,                       0,158542,158542,0,                       0,158538
17100,158539,0,                       0,158541,158541,0,                       0,158539
17101,158538,0,                       0,158542,158542,0,                       0,158538
17102,158539,0,                       0,158541,158541,0,                       0,158539
17103,158538,0,                       0,158542,158542,0,                       0,158538
17104,158539,0,                       0,158541,158541,0,                       0,158539
17105,158540,0,                       0,158540,158540,0,                       0,158540
17106,158539,0,                       0,158541,158541,0,                       0,158539
17107,158540,0,                       0,158540,158540,0,                       0,158540
17108,158541,0,                       0,158539,158539,0,                       0,158541
17109,158540,0,                       0,158540,158540,0,                       0,158540
17110,158539,0,                       0,158541,158541,0,                       0,158539
17111,158540,0,                       0,158540,158540,0,                       0,158540
17112,158541,0,                       0,158539,158539,0,                       0,158541
17113,158542,0,                       0,158538,158538,0,                       0,158542
17114,158541,0,                       0,158539,158539,0,                       0,158541
17115,158540,0,                       0,158540,158540,0,                       0,158540
17116,158541,0,                       0,158539,158539,0,                       0,158541
17117,158540,0,                       0,158540,158540,0,                       0,158540
17118,158539,0,                       0,158541,158541,0,                       0,158539
17119,158538,0,                       0,158542,158542,0,                       0,158538
17120,158539,0,                       0,158541,158541,0,                       0,158539
17121,158538,0,                       0,158542,158542,0,                       0,158538
17122,158539,0,                       0,158541,158541,0,                       0,158539
17123,158540,0,                       0,158540,158540,0,                       0,158540
17124,158541,0,                       0,158539,158539,0,                       0,158541
17125,158542,0,                       0,158538,158538,0,                       0,158542
17126,158543,0,                       0,158537,158537,0,                       0,158543
17127,158542,0,                       0,158538,158538,0,                       0,158542
17128,158541,0,                       0,158539,158539,0,                       0,158541
17129,158540,0,                       0,158540,158540,0,                       0,158540
17130,158541,0,                       0,158539,158539,0,                       0,158541
17131,158540,0,                       0,158540,158540,0,                       0,158540
17132,158541,0,                       0,158539,158539,0,                       0,158541
17133,158540,0,                       0,158540,158540,0,                       0,158540
17134,158539,0,                       0,158541,158541,0,                       0,158539
17135,158538,0,                       0,158542,158542,0,                       0,158538
17136,158539,0,                       0,158541,158541,0,                       0,158539
17137,158540,0,                       0,158540,158540,0,                       0,158540
17138,158539,0,                       0,158541,158541,0,                       0,158539
17139,158540,0,                       0,158540,158540,0,                       0,158540
17140,158541,0,                       0,158539,158539,0,                       0,158541
17141,158540,0,                       0,158540,158540,0,                       0,158540
17142,158541,0,                       0,158539,158539,0,                       0,158541
17143,158540,0,                       0,158540,158540,0,                       0,158540
17144,158539,0,                       0,158541,158541,0,                       0,158539
17145,158540,0,                       0,158540,158540,0,                       0,158540
17146,158541,0,                       0,158539,158539,0,                       0,158541
17147,158542,0,                       0,158538,158538,0,                       0,158542
17148,158541,0,                       0,158539,158539,0,                       0,158541
17149,158540,0,                       0,158540,158540,0,                       0,158540
17150,158541,0,                       0,158539,158539,0,                       0,158541
17151,158540,0,                       0,158540,158540,0,                       0,158540
17152,158539,0,                       0,158541,158541,0,                       0,158539
17153,158540,0,                       0,158540,158540,0,                       0,158540
17154,158539,0,                       0,158541,158541,0,                       0,158539
17155,158540,0,                       0,158540,158540,0,                       0,158540
17156,158541,0,                       0,158539,158539,0,                       0,158541
17157,158540,0,                       0,158540,158540,0,                       0,158540
17158,158539,0,                       0,158541,158541,0,                       0,158539
17159,158538,0,                       0,158542,158542,0,                       0,158538
17160,158539,0,                       0,158541,158541,0,                       0,158539
17161,158540,0,                       0,158540,158540,0,                       0,158540
17162,158541,0,                       0,158539,158539,0,                       0,158541
17163,158540,0,                       0,158540,158540,0,                       0,158540
17164,158539,0,                       0,158541,158541,0,                       0,158539
17165,158540,0,                       0,158540,158540,0,                       0,158540
17166,158541,0,                       0,158539,158539,0,                       0,158541
17167,158542,0,                       0,158538,158538,0,                       0,158542
17168,158541,0,                       0,158539,158539,0,                       0,158541
17169,158542,0,                       0,158538,158538,0,                       0,158542
17170,158541,0,                       0,158539,158539,0,                       0,158541
17171,158540,0,                       0,158540,158540,0,                       0,158540
17172,158541,0,                       0,158539,158539,0,                       0,158541
17173,158540,0,                       0,158540,158540,0,                       0,158540
17174,158539,0,                       0,158541,158541,0,                       0,158539
17175,158538,0,                       0,158542,158542,0,                       0,158538
17176,158539,0,                       0,158541,158541,0,                       0,158539
17177,158540,0,                       0,158540,158540,0,                       0,158540
17178,158541,0,                       0,158539,158539,0,                       0,158541
17179,158540,0,                       0,158540,158540,0,                       0,158540
17180,158539,0,                       0,158541,158541,0,                       0,158539
17181,158540,0,                       0,158540,158540,0,                       0,158540
17182,158541,0,                       0,158539,158539,0,                       0,158541
17183,158540,0,                       0,158540,158540,0,                       0,158540
17184,158539,0,                       0,158541,158541,0,                       0,158539
17185,158540,0,                       0,158540,158540,0,                       0,158540
17186,158539,0,                       0,158541,158541,0,                       0,158539
17187,158540,0,                       0,158540,158540,0,                       0,158540
17188,158539,0,                       0,158541,158541,0,                       0,158539
17189,158540,0,                       0,158540,158540,0,                       0,158540
17190,158539,0,                       0,158541,158541,0,                       0,158539
17191,158540,0,                       0,158540,158540,0,                       0,158540
17192,158539,0,                       0,158541,158541,0,                       0,158539
17193,158538,0,                       0,158542,158542,0,                       0,158538
17194,158539,0,                       0,158541,158541,0,                       0,158539
17195,158538,0,                       0,158542,158542,0,                       0,158538
17196,158539,0,                       0,158541,158541,0,                       0,158539
17197,158538,0,                       0,158542,158542,0,                       0,158538
17198,158537,0,                       0,158543,158543,0,                       0,158537
17199,158538,0,                       0,158542,158542,0,                       0,158538
17200,158539,0,                       0,158541,158541,0,                       0,158539
17201,158540,0,                       0,158540,158540,0,                       0,158540
17202,158539,0,                       0,158541,158541,0,                       0,158539
17203,158538,0,                       0,158542,158542,0,                       0,158538
17204,158539,0,                       0,158541,158541,0,                       0,158539
17205,158538,0,                       0,158542,158542,0,                       0,158538
17206,158539,0,                       0,158541,158541,0,                       0,158539
17207,158538,0,                       0,158542,158542,0,                       0,158538
17208,158539,0,                       0,158541,158541,0,                       0,158539
17209,158538,0,                       0,158542,158542,0,                       0,158538
17210,158537,0,                       0,158543,158543,0,                       0,158537
17211,158538,0,                       0,158542,158542,0,                       0,158538
17212,158539,0,                       0,158541,158541,0,                       0,158539
17213,158538,0,                       0,158542,158542,0,                       0,158538
17214,158539,0,                       0,158541,158541,0,                       0,158539
17215,158540,0,                       0,158540,158540,0,                       0,158540
17216,158539,0,                       0,158541,158541,0,                       0,158539
17217,158540,0,                       0,158540,158540,0,                       0,158540
17218,158539,0,                       0,158541,158541,0,                       0,158539
17219,158540,0,                       0,158540,158540,0,                       0,158540
17220,158539,0,                       0,158541,158541,0,                       0,158539
17221,158540,0,                       0,158540,158540,0,                       0,158540
17222,158539,0,                       0,158541,158541,0,                       0,158539
17223,158540,0,                       0,158540,158540,0,                       0,158540
17224,158539,0,                       0,158541,158541,0,                       0,158539
17225,158538,0,                       0,158542,158542,0,                       0,158538
17226,158539,0,                       0,158541,158541,0,                       0,158539
17227,158538,0,                       0,158542,158542,0,                       0,158538
17228,158539,0,                       0,158541,158541,0,                       0,158539
17229,158538,0,                       0,158542,158542,0,                       0,158538
17230,158539,0,                       0,158541,158541,0,                       0,158539
17231,158538,0,                       0,158542,158542,0,                       0,158538
17232,158539,0,                       0,158541,158541,0,                       0,158539
17233,158540,0,                       0,158540,158540,0,                       0,158540
17234,158539,0,                       0,158541,158541,0,                       0,158539
17235,158538,0,                       0,158542,158542,0,                       0,158538
17236,158537,0,                       0,158543,158543,0,                       0,158537
17237,158536,0,                       0,158544,158544,0,                       0,158536
17238,158537,0,                       0,158543,158543,0,                       0,158537
17239,158538,0,                       0,158542,158542,0,                       0,158538
17240,158539,0,                       0,158541,158541,0,                       0,158539
17241,158540,0,                       0,158540,158540,0,                       0,158540
17242,158539,0,                       0,158541,158541,0,                       0,158539
17243,158538,0,                       0,158542,158542,0,                       0,158538
17244,158539,0,                       0,158541,158541,0,                       0,158539
17245,158538,0,                       0,158542,158542,0,                       0,158538
17246,158537,0,                       0,158543,158543,0,                       0,158537
17247,158536,0,                       0,158544,158544,0,                       0,158536
17248,158537,0,                       0,158543,158543,0,                       0,158537
17249,158538,0,                       0,158542,158542,0,                       0,158538
17250,158539,0,                       0,158541,158541,0,                       0,158539
17251,158540,0,                       0,158540,158540,0,                       0,158540
17252,158539,0,                       0,158541,158541,0,                       0,158539
17253,158538,0,                       0,158542,158542,0,                       0,158538
17254,158539,0,                       0,158541,158541,0,                       0,158539
17255,158540,0,                       0,158540,158540,0,                       0,158540
17256,158539,0,                       0,158541,158541,0,                       0,158539
17257,158540,0,                       0,158540,158540,0,                       0,158540
17258,158539,0,                       0,158541,158541,0,                       0,158539
17259,158540,0,                       0,158540,158540,0,                       0,158540
17260,158539,0,                       0,158541,158541,0,                       0,158539
17261,158538,0,                       0,158542,158542,0,                       0,158538
17262,158539,0,                       0,158541,158541,0,                       0,158539
17263,158540,0,                       0,158540,158540,0,                       0,158540
17264,158539,0,                       0,158541,158541,0,                       0,158539
17265,158538,0,                       0,158542,158542,0,                       0,158538
17266,158539,0,                       0,158541,158541,0,                       0,158539
17267,158540,0,                       0,158540,158540,0,                       0,158540
17268,158541,0,                       0,158539,158539,0,                       0,158541
17269,158540,0,                       0,158540,158540,0,                       0,158540
17270,158541,0,                       0,158539,158539,0,                       0,158541
17271,158542,0,                       0,158538,158538,0,                       0,158542
17272,158541,0,                       0,158539,158539,0,                       0,158541
17273,158540,0,                       0,158540,158540,0,                       0,158540
17274,158541,0,                       0,158539,158539,0,                       0,158541
17275,158542,0,                       0,158538,158538,0,                       0,158542
17276,158541,0,                       0,158539,158539,0,                       0,158541
17277,158540,0,                       0,158540,158540,0,                       0,158540
17278,158541,0,                       0,158539,158539,0,                       0,158541
17279,158542,0,                       0,158538,158538,0,                       0,158542
17280,158541,0,                       0,158539,158539,0,                       0,158541
17281,158542,0,                       0,158538,158538,0,                       0,158542
17282,158541,0,                       0,158539,158539,0,                       0,158541
17283,158542,0,                       0,158538,158538,0,                       0,158542
17284,158541,0,                       0,158539,158539,0,                       0,158541
17285,158542,0,                       0,158538,158538,0,                       0,158542
17286,158541,0,                       0,158539,158539,0,                       0,158541
17287,158540,0,                       0,158540,158540,0,                       0,158540
17288,158541,0,                       0,158539,158539,0,                       0,158541
17289,158542,0,                       0,158538,158538,0,                       0,158542
17290,158543,0,                       0,158537,158537,0,                       0,158543
17291,158542,0,                       0,158538,158538,0,                       0,158542
17292,158541,0,                       0,158539,158539,0,                       0,158541
17293,158540,0,                       0,158540,158540,0,                       0,158540
17294,158539,0,                       0,158541,158541,0,                       0,158539
17295,158540,0,                       0,158540,158540,0,                       0,158540
17296,158541,0,                       0,158539,158539,0,                       0,158541
17297,158540,0,                       0,158540,158540,0,                       0,158540
17298,158539,0,                       0,158541,158541,0,                       0,158539
17299,158540,0,                       0,158540,158540,0,                       0,158540
17300,158541,0,                       0,158539,158539,0,                       0,158541
17301,158540,0,                       0,158540,158540,0,                       0,158540
17302,158541,0,                       0,158539,158539,0,                       0,158541
17303,158542,0,                       0,158538,158538,0,                       0,158542
17304,158543,0,                       0,158537,158537,0,                       0,158543
17305,158542,0,                       0,158538,158538,0,                       0,158542
17306,158541,0,                       0,158539,158539,0,                       0,158541
17307,158542,0,                       0,158538,158538,0,                       0,158542
17308,158543,0,                       0,158537,158537,0,                       0,158543
17309,158542,0,                       0,158538,158538,0,                       0,158542
17310,158541,0,                       0,158539,158539,0,                       0,158541
17311,158540,0,                       0,158540,158540,0,                       0,158540
17312,158541,0,                       0,158539,158539,0,                       0,158541
17313,158540,0,                       0,158540,158540,0,                       0,158540
17314,158541,0,                       0,158539,158539,0,                       0,158541
17315,158540,0,                       0,158540,158540,0,                       0,158540
17316,158539,0,                       0,158541,158541,0,                       0,158539
17317,158540,0,                       0,158540,158540,0,                       0,158540
17318,158541,0,                       0,158539,158539,0,                       0,158541
17319,158540,0,                       0,158540,158540,0,                       0,158540
17320,158541,0,                       0,158539,158539,0,                       0,158541
17321,158542,0,                       0,158538,158538,0,                       0,158542
17322,158541,0,                       0,158539,158539,0,                       0,158541
17323,158540,0,                       0,158540,158540,0,                       0,158540
17324,158541,0,                       0,158539,158539,0,                       0,158541
17325,158540,0,                       0,158540,158540,0,                       0,158540
17326,158539,0,                       0,158541,158541,0,                       0,158539
17327,158538,0,                       0,158542,158542,0,                       0,158538
17328,158539,0,                       0,158541,158541,0,                       0,158539
17329,158538,0,                       0,158542,158542,0,                       0,158538
17330,158537,0,                       0,158543,158543,0,                       0,158537
17331,158538,0,                       0,158542,158542,0,                       0,158538
17332,158539,0,                       0,158541,158541,0,                       0,158539
17333,158540,0,                       0,158540,158540,0,                       0,158540
17334,158541,0,                       0,158539,158539,0,                       0,158541
17335,158540,0,                       0,158540,158540,0,                       0,158540
17336,158539,0,                       0,158541,158541,0,                       0,158539
17337,158538,0,                       0,158542,158542,0,                       0,158538
17338,158539,0,                       0,158541,158541,0,                       0,158539
17339,158540,0,                       0,158540,158540,0,                       0,158540
17340,158541,0,                       0,158539,158539,0,                       0,158541
17341,158542,0,                       0,158538,158538,0,                       0,158542
17342,158543,0,                       0,158537,158537,0,                       0,158543
17343,158542,0,                       0,158538,158538,0,                       0,158542
17344,158541,0,                       0,158539,158539,0,                       0,158541
17345,158542,0,                       0,158538,158538,0,                       0,158542
17346,158541,0,                       0,158539,158539,0,                       0,158541
17347,158540,0,                       0,158540,158540,0,                       0,158540
17348,158539,0,                       0,158541,158541,0,                       0,158539
17349,158538,0,                       0,158542,158542,0,                       0,158538
17350,158539,0,                       0,158541,158541,0,                       0,158539
17351,158540,0,                       0,158540,158540,0,                       0,158540
17352,158541,0,                       0,158539,158539,0,                       0,158541
17353,158542,0,                       0,158538,158538,0,                       0,158542
17354,158541,0,                       0,158539,158539,0,                       0,158541
17355,158540,0,                       0,158540,158540,0,                       0,158540
17356,158541,0,                       0,158539,158539,0,                       0,158541
17357,158540,0,                       0,158540,158540,0,                       0,158540
17358,158541,0,                       0,158539,158539,0,                       0,158541
17359,158542,0,                       0,158538,158538,0,                       0,158542
17360,158541,0,                       0,158539,158539,0,                       0,158541
17361,158542,0,                       0,158538,158538,0,                       0,158542
17362,158541,0,                       0,158539,158539,0,                       0,158541
17363,158540,0,                       0,158540,158540,0,                       0,158540
17364,158539,0,                       0,158541,158541,0,                       0,158539
17365,158540,0,                       0,158540,158540,0,                       0,158540
17366,158539,0,                       0,158541,158541,0,                       0,158539
17367,158540,0,                       0,158540,158540,0,                       0,158540
17368,158541,0,                       0,158539,158539,0,                       0,158541
17369,158542,0,                       0,158538,158538,0,                       0,158542
17370,158543,0,                       0,158537,158537,0,                       0,158543
17371,158544,0,                       0,158536,158536,0,                       0,158544
17372,158545,0,                       0,158535,158535,0,                       0,158545
17373,158544,0,                       0,158536,158536,0,                       0,158544
17374,158543,0,                       0,158537,158537,0,                       0,158543
17375,158542,0,                       0,158538,158538,0,                       0,158542
17376,158541,0,                       0,158539,158539,0,                       0,158541
17377,158540,0,                       0,158540,158540,0,                       0,158540
17378,158541,0,                       0,158539,158539,0,                       0,158541
17379,158542,0,                       0,158538,158538,0,                       0,158542
17380,158541,0,                       0,158539,158539,0,                       0,158541
17381,158542,0,                       0,158538,158538,0,                       0,158542
17382,158543,0,                       0,158537,158537,0,                       0,158543
17383,158542,0,                       0,158538,158538,0,                       0,158542
17384,158541,0,                       0,158539,158539,0,                       0,158541
17385,158542,0,                       0,158538,158538,0,                       0,158542
17386,158543,0,                       0,158537,158537,0,                       0,158543
17387,158544,0,                       0,158536,158536,0,                       0,158544
17388,158543,0,                       0,158537,158537,0,                       0,158543
17389,158542,0,                       0,158538,158538,0,                       0,158542
17390,158541,0,                       0,158539,158539,0,                       0,158541
17391,158540,0,                       0,158540,158540,0,                       0,158540
17392,158539,0,                       0,158541,158541,0,                       0,158539
17393,158538,0,                       0,158542,158542,0,                       0,158538
17394,158539,0,                       0,158541,158541,0,                       0,158539
17395,158538,0,                       0,158542,158542,0,                       0,158538
17396,158537,0,                       0,158543,158543,0,                       0,158537
17397,158538,0,                       0,158542,158542,0,                       0,158538
17398,158539,0,                       0,158541,158541,0,                       0,158539
17399,158540,0,                       0,158540,158540,0,                       0,158540
17400,158541,0,                       0,158539,158539,0,                       0,158541
17401,158540,0,                       0,158540,158540,0,                       0,158540
17402,158539,0,                       0,158541,158541,0,                       0,158539
17403,158538,0,                       0,158542,158542,0,                       0,158538
17404,158539,0,                       0,158541,158541,0,                       0,158539
17405,158540,0,                       0,158540,158540,0,                       0,158540
17406,158539,0,                       0,158541,158541,0,                       0,158539
17407,158538,0,                       0,158542,158542,0,                       0,158538
17408,158539,0,                       0,158541,158541,0,                       0,158539
17409,158540,0,                       0,158540,158540,0,                       0,158540
17410,158539,0,                       0,158541,158541,0,                       0,158539
17411,158540,0,                       0,158540,158540,0,                       0,158540
17412,158541,0,                       0,158539,158539,0,                       0,158541
17413,158540,0,                       0,158540,158540,0,                       0,158540
17414,158539,0,                       0,158541,158541,0,                       0,158539
17415,158538,0,                       0,158542,158542,0,                       0,158538
17416,158539,0,                       0,158541,158541,0,                       0,158539
17417,158540,0,                       0,158540,158540,0,                       0,158540
17418,158541,0,                       0,158539,158539,0,                       0,158541
17419,158540,0,                       0,158540,158540,0,                       0,158540
17420,158539,0,                       0,158541,158541,0,                       0,158539
17421,158540,0,                       0,158540,158540,0,                       0,158540
17422,158539,0,                       0,158541,158541,0,                       0,158539
17423,158540,0,                       0,158540,158540,0,                       0,158540
17424,158539,0,                       0,158541,158541,0,                       0,158539
17425,158540,0,                       0,158540,158540,0,                       0,158540
17426,158539,0,                       0,158541,158541,0,                       0,158539
17427,158538,0,                       0,158542,158542,0,                       0,158538
17428,158539,0,                       0,158541,158541,0,                       0,158539
17429,158538,0,                       0,158542,158542,0,                       0,158538
17430,158537,0,                       0,158543,158543,0,                       0,158537
17431,158538,0,                       0,158542,158542,0,                       0,158538
17432,158537,0,                       0,158543,158543,0,                       0,158537
17433,158536,0,                       0,158544,158544,0,                       0,158536
17434,158535,0,                       0,158545,158545,0,                       0,158535
17435,158534,0,                       0,158546,158546,0,                       0,158534
17436,158533,0,                       0,158547,158547,0,                       0,158533
17437,158532,0,                       0,158548,158548,0,                       0,158532
17438,158533,0,                       0,158547,158547,0,                       0,158533
17439,158534,0,                       0,158546,158546,0,                       0,158534
17440,158533,0,                       0,158547,158547,0,                       0,158533
17441,158532,0,                       0,158548,158548,0,                       0,158532
17442,158531,0,                       0,158549,158549,0,                       0,158531
17443,158532,0,                       0,158548,158548,0,                       0,158532
17444,158531,0,                       0,158549,158549,0,                       0,158531
17445,158530,0,                       0,158550,158550,0,                       0,158530
17446,158529,0,                       0,158551,158551,0,                       0,158529
17447,158528,0,                       0,158552,158552,0,                       0,158528
17448,158529,0,                       0,158551,158551,0,                       0,158529
17449,158530,0,                       0,158550,158550,0,                       0,158530
17450,158531,0,                       0,158549,158549,0,                       0,158531
17451,158532,0,                       0,158548,158548,0,                       0,158532
17452,158533,0,                       0,158547,158547,0,                       0,158533
17453,158534,0,                       0,158546,158546,0,                       0,158534
17454,158535,0,                       0,158545,158545,0,                       0,158535
17455,158536,0,                       0,158544,158544,0,                       0,158536
17456,158537,0,                       0,158543,158543,0,                       0,158537
17457,158538,0,                       0,158542,158542,0,                       0,158538
17458,158539,0,                       0,158541,158541,0,                       0,158539
17459,158540,0,                       0,158540,158540,0,                       0,158540
17460,158539,0,                       0,158541,158541,0,                       0,158539
17461,158540,0,                       0,158540,158540,0,                       0,158540
17462,158541,0,                       0,158539,158539,0,                       0,158541
17463,158542,0,                       0,158538,158538,0,                       0,158542
17464,158541,0,                       0,158539,158539,0,                       0,158541
17465,158540,0,                       0,158540,158540,0,                       0,158540
17466,158541,0,                       0,158539,158539,0,                       0,158541
17467,158540,0,                       0,158540,158540,0,                       0,158540
17468,158541,0,                       0,158539,158539,0,                       0,158541
17469,158540,0,                       0,158540,158540,0,                       0,158540
17470,158541,0,                       0,158539,158539,0,                       0,158541
17471,158540,0,                       0,158540,158540,0,                       0,158540
17472,158539,0,                       0,158541,158541,0,                       0,158539
17473,158540,0,                       0,158540,158540,0,                       0,158540
17474,158541,0,                       0,158539,158539,0,                       0,158541
17475,158540,0,                       0,158540,158540,0,                       0,158540
17476,158539,0,                       0,158541,158541,0,                       0,158539
17477,158540,0,                       0,158540,158540,0,                       0,158540
17478,158541,0,                       0,158539,158539,0,                       0,158541
17479,158540,0,                       0,158540,158540,0,                       0,158540
17480,158541,0,                       0,158539,158539,0,                       0,158541
17481,158540,0,                       0,158540,158540,0,                       0,158540
17482,158539,0,                       0,158541,158541,0,                       0,158539
17483,158540,0,                       0,158540,158540,0,                       0,158540
17484,158541,0,                       0,158539,158539,0,                       0,158541
17485,158540,0,                       0,158540,158540,0,                       0,158540
17486,158539,0,                       0,158541,158541,0,                       0,158539
17487,158540,0,                       0,158540,158540,0,                       0,158540
17488,158539,0,                       0,158541,158541,0,                       0,158539
17489,158538,0,                       0,158542,158542,0,                       0,158538
17490,158537,0,                       0,158543,158543,0,                       0,158537
17491,158538,0,                       0,158542,158542,0,                       0,158538
17492,158539,0,                       0,158541,158541,0,                       0,158539
17493,158538,0,                       0,158542,158542,0,                       0,158538
17494,158539,0,                       0,158541,158541,0,                       0,158539
17495,158540,0,                       0,158540,158540,0,                       0,158540
17496,158539,0,                       0,158541,158541,0,                       0,158539
17497,158538,0,                       0,158542,158542,0,                       0,158538
17498,158537,0,                       0,158543,158543,0,                       0,158537
17499,158538,0,                       0,158542,158542,0,                       0,158538
17500,158539,0,                       0,158541,158541,0,                       0,158539
17501,158540,0,                       0,158540,158540,0,                       0,158540
17502,158541,0,                       0,158539,158539,0,                       0,158541
17503,158540,0,                       0,158540,158540,0,                       0,158540
17504,158539,0,                       0,158541,158541,0,                       0,158539
17505,158540,0,                       0,158540,158540,0,                       0,158540
17506,158539,0,                       0,158541,158541,0,                       0,158539
17507,158540,0,                       0,158540,158540,0,                       0,158540
17508,158541,0,                       0,158539,158539,0,                       0,158541
17509,158540,0,                       0,158540,158540,0,                       0,158540
17510,158539,0,                       0,158541,158541,0,                       0,158539
17511,158540,0,                       0,158540,158540,0,                       0,158540
17512,158539,0,                       0,158541,158541,0,                       0,158539
17513,158538,0,                       0,158542,158542,0,                       0,158538
17514,158537,0,                       0,158543,158543,0,                       0,158537
17515,158538,0,                       0,158542,158542,0,                       0,158538
17516,158539,0,                       0,158541,158541,0,                       0,158539
17517,158540,0,                       0,158540,158540,0,                       0,158540
17518,158541,0,                       0,158539,158539,0,                       0,158541
17519,158540,0,                       0,158540,158540,0,                       0,158540
17520,158539,0,                       0,158541,158541,0,                       0,158539
17521,158538,0,                       0,158542,158542,0,                       0,158538
17522,158539,0,                       0,158541,158541,0,                       0,158539
17523,158538,0,                       0,158542,158542,0,                       0,158538
17524,158539,0,                       0,158541,158541,0,                       0,158539
17525,158540,0,                       0,158540,158540,0,                       0,158540
17526,158541,0,                       0,158539,158539,0,                       0,158541
17527,158540,0,                       0,158540,158540,0,                       0,158540
17528,158541,0,                       0,158539,158539,0,                       0,158541
17529,158542,0,                       0,158538,158538,0,                       0,158542
17530,158543,0,                       0,158537,158537,0,                       0,158543
17531,158542,0,                       0,158538,158538,0,                       0,158542
17532,158541,0,                       0,158539,158539,0,                       0,158541
17533,158542,0,                       0,158538,158538,0,                       0,158542
17534,158543,0,                       0,158537,158537,0,                       0,158543
17535,158544,0,                       0,158536,158536,0,                       0,158544
17536,158543,0,                       0,158537,158537,0,                       0,158543
17537,158542,0,                       0,158538,158538,0,                       0,158542
17538,158541,0,                       0,158539,158539,0,                       0,158541
17539,158542,0,                       0,158538,158538,0,                       0,158542
17540,158541,0,                       0,158539,158539,0,                       0,158541
17541,158540,0,                       0,158540,158540,0,                       0,158540
17542,158541,0,                       0,158539,158539,0,                       0,158541
17543,158542,0,                       0,158538,158538,0,                       0,158542
17544,158541,0,                       0,158539,158539,0,                       0,158541
17545,158540,0,                       0,158540,158540,0,                       0,158540
17546,158541,0,                       0,158539,158539,0,                       0,158541
17547,158542,0,                       0,158538,158538,0,                       0,158542
17548,158541,0,                       0,158539,158539,0,                       0,158541
17549,158540,0,                       0,158540,158540,0,                       0,158540
17550,158539,0,                       0,158541,158541,0,                       0,158539
17551,158540,0,                       0,158540,158540,0,                       0,158540
17552,158539,0,                       0,158541,158541,0,                       0,158539
17553,158538,0,                       0,158542,158542,0,                       0,158538
17554,158539,0,                       0,158541,158541,0,                       0,158539
17555,158540,0,                       0,158540,158540,0,                       0,158540
17556,158541,0,                       0,158539,158539,0,                       0,158541
17557,158542,0,                       0,158538,158538,0,                       0,158542
17558,158541,0,                       0,158539,158539,0,                       0,158541
17559,158542,0,                       0,158538,158538,0,                       0,158542
17560,158541,0,                       0,158539,158539,0,                       0,158541
17561,158540,0,                       0,158540,158540,0,                       0,158540
17562,158539,0,                       0,158541,158541,0,                       0,158539
17563,158540,0,                       0,158540,158540,0,                       0,158540
17564,158541,0,                       0,158539,158539,0,                       0,158541
17565,158540,0,                       0,158540,158540,0,                       0,158540
17566,158539,0,                       0,158541,158541,0,                       0,158539
17567,158540,0,                       0,158540,158540,0,                       0,158540
17568,158541,0,                       0,158539,158539,0,                       0,158541
17569,158542,0,                       0,158538,158538,0,                       0,158542
17570,158541,0,                       0,158539,158539,0,                       0,158541
17571,158540,0,                       0,158540,158540,0,                       0,158540
17572,158541,0,                       0,158539,158539,0,                       0,158541
17573,158540,0,                       0,158540,158540,0,                       0,158540
17574,158541,0,                       0,158539,158539,0,                       0,158541
17575,158540,0,                       0,158540,158540,0,                       0,158540
17576,158541,0,                       0,158539,158539,0,                       0,158541
17577,158540,0,                       0,158540,158540,0,                       0,158540
17578,158541,0,                       0,158539,158539,0,                       0,158541
17579,158542,0,                       0,158538,158538,0,                       0,158542
17580,158541,0,                       0,158539,158539,0,                       0,158541
17581,158542,0,                       0,158538,158538,0,                       0,158542
17582,158543,0,                       0,158537,158537,0,                       0,158543
17583,158542,0,                       0,158538,158538,0,                       0,158542
17584,158541,0,                       0,158539,158539,0,                       0,158541
17585,158540,0,                       0,158540,158540,0,                       0,158540
17586,158539,0,                       0,158541,158541,0,                       0,158539
17587,158538,0,                       0,158542,158542,0,                       0,158538
17588,158539,0,                       0,158541,158541,0,                       0,158539
17589,158540,0,                       0,158540,158540,0,                       0,158540
17590,158539,0,                       0,158541,158541,0,                       0,158539
17591,158538,0,                       0,158542,158542,0,                       0,158538
17592,158539,0,                       0,158541,158541,0,                       0,158539
17593,158540,0,                       0,158540,158540,0,                       0,158540
17594,158539,0,                       0,158541,158541,0,                       0,158539
17595,158538,0,                       0,158542,158542,0,                       0,158538
17596,158539,0,                       0,158541,158541,0,                       0,158539
17597,158538,0,                       0,158542,158542,0,                       0,158538
17598,158537,0,                       0,158543,158543,0,                       0,158537
17599,158538,0,                       0,158542,158542,0,                       0,158538
17600,158537,0,                       0,158543,158543,0,                       0,158537
17601,158538,0,                       0,158542,158542,0,                       0,158538
17602,158539,0,                       0,158541,158541,0,                       0,158539
17603,158538,0,                       0,158542,158542,0,                       0,158538
17604,158539,0,                       0,158541,158541,0,                       0,158539
17605,158538,0,                       0,158542,158542,0,                       0,158538
17606,158539,0,                       0,158541,158541,0,                       0,158539
17607,158538,0,                       0,158542,158542,0,                       0,158538
17608,158539,0,                       0,158541,158541,0,                       0,158539
17609,158538,0,                       0,158542,158542,0,                       0,158538
17610,158539,0,                       0,158541,158541,0,                       0,158539
17611,158540,0,                       0,158540,158540,0,                       0,158540
17612,158541,0,                       0,158539,158539,0,                       0,158541
17613,158542,0,                       0,158538,158538,0,                       0,158542
17614,158541,0,                       0,158539,158539,0,                       0,158541
17615,158540,0,                       0,158540,158540,0,                       0,158540
17616,158541,0,                       0,158539,158539,0,                       0,158541
17617,158540,0,                       0,158540,158540,0,                       0,158540
17618,158539,0,                       0,158541,158541,0,                       0,158539
17619,158538,0,                       0,158542,158542,0,                       0,158538
17620,158537,0,                       0,158543,158543,0,                       0,158537
17621,158538,0,                       0,158542,158542,0,                       0,158538
17622,158539,0,                       0,158541,158541,0,                       0,158539
17623,158540,0,                       0,158540,158540,0,                       0,158540
17624,158539,0,                       0,158541,158541,0,                       0,158539
17625,158540,0,                       0,158540,158540,0,                       0,158540
17626,158541,0,                       0,158539,158539,0,                       0,158541
17627,158542,0,                       0,158538,158538,0,                       0,158542
17628,158541,0,                       0,158539,158539,0,                       0,158541
17629,158542,0,                       0,158538,158538,0,                       0,158542
17630,158541,0,                       0,158539,158539,0,                       0,158541
17631,158540,0,                       0,158540,158540,0,                       0,158540
17632,158541,0,                       0,158539,158539,0,                       0,158541
17633,158540,0,                       0,158540,158540,0,                       0,158540
17634,158539,0,                       0,158541,158541,0,                       0,158539
17635,158538,0,                       0,158542,158542,0,                       0,158538
17636,158539,0,                       0,158541,158541,0,                       0,158539
17637,158540,0,                       0,158540,158540,0,                       0,158540
17638,158539,0,                       0,158541,158541,0,                       0,158539
17639,158538,0,                       0,158542,158542,0,                       0,158538
17640,158539,0,                       0,158541,158541,0,                       0,158539
17641,158540,0,                       0,158540,158540,0,                       0,158540
17642,158539,0,                       0,158541,158541,0,                       0,158539
17643,158538,0,                       0,158542,158542,0,                       0,158538
17644,158539,0,                       0,158541,158541,0,                       0,158539
17645,158540,0,                       0,158540,158540,0,                       0,158540
17646,158539,0,                       0,158541,158541,0,                       0,158539
17647,158540,0,                       0,158540,158540,0,                       0,158540
17648,158539,0,                       0,158541,158541,0,                       0,158539
17649,158540,0,                       0,158540,158540,0,                       0,158540
17650,158539,0,                       0,158541,158541,0,                       0,158539
17651,158540,0,                       0,158540,158540,0,                       0,158540
17652,158539,0,                       0,158541,158541,0,                       0,158539
17653,158538,0,                       0,158542,158542,0,                       0,158538
17654,158539,0,                       0,158541,158541,0,                       0,158539
17655,158538,0,                       0,158542,158542,0,                       0,158538
17656,158539,0,                       0,158541,158541,0,                       0,158539
17657,158540,0,                       0,158540,158540,0,                       0,158540
17658,158539,0,                       0,158541,158541,0,                       0,158539
17659,158540,0,                       0,158540,158540,0,                       0,158540
17660,158541,0,                       0,158539,158539,0,                       0,158541
17661,158540,0,                       0,158540,158540,0,                       0,158540
17662,158541,0,                       0,158539,158539,0,                       0,158541
17663,158540,0,                       0,158540,158540,0,                       0,158540
17664,158539,0,                       0,158541,158541,0,                       0,158539
17665,158540,0,                       0,158540,158540,0,                       0,158540
17666,158541,0,                       0,158539,158539,0,                       0,158541
17667,158542,0,                       0,158538,158538,0,                       0,158542
17668,158541,0,                       0,158539,158539,0,                       0,158541
17669,158540,0,                       0,158540,158540,0,                       0,158540
17670,158541,0,                       0,158539,158539,0,                       0,158541
17671,158540,0,                       0,158540,158540,0,                       0,158540
17672,158539,0,                       0,158541,158541,0,                       0,158539
17673,158540,0,                       0,158540,158540,0,                       0,158540
17674,158541,0,                       0,158539,158539,0,                       0,158541
17675,158540,0,                       0,158540,158540,0,                       0,158540
17676,158541,0,                       0,158539,158539,0,                       0,158541
17677,158542,0,                       0,158538,158538,0,                       0,158542
17678,158543,0,                       0,158537,158537,0,                       0,158543
17679,158542,0,                       0,158538,158538,0,                       0,158542
17680,158541,0,                       0,158539,158539,0,                       0,158541
17681,158542,0,                       0,158538,158538,0,                       0,158542
17682,158541,0,                       0,158539,158539,0,                       0,158541
17683,158540,0,                       0,158540,158540,0,                       0,158540
17684,158541,0,                       0,158539,158539,0,                       0,158541
17685,158542,0,                       0,158538,158538,0,                       0,158542
17686,158541,0,                       0,158539,158539,0,                       0,158541
17687,158540,0,                       0,158540,158540,0,                       0,158540
17688,158539,0,                       0,158541,158541,0,                       0,158539
17689,158538,0,                       0,158542,158542,0,                       0,158538
17690,158539,0,                       0,158541,158541,0,                       0,158539
17691,158538,0,                       0,158542,158542,0,                       0,158538
17692,158539,0,                       0,158541,158541,0,                       0,158539
17693,158538,0,                       0,158542,158542,0,                       0,158538
17694,158539,0,                       0,158541,158541,0,                       0,158539
17695,158538,0,                       0,158542,158542,0,                       0,158538
17696,158539,0,                       0,158541,158541,0,                       0,158539
17697,158540,0,                       0,158540,158540,0,                       0,158540
17698,158541,0,                       0,158539,158539,0,                       0,158541
17699,158540,0,                       0,158540,158540,0,                       0,158540
17700,158541,0,                       0,158539,158539,0,                       0,158541
17701,158542,0,                       0,158538,158538,0,                       0,158542
17702,158543,0,                       0,158537,158537,0,                       0,158543
17703,158542,0,                       0,158538,158538,0,                       0,158542
17704,158541,0,                       0,158539,158539,0,                       0,158541
17705,158540,0,                       0,158540,158540,0,                       0,158540
17706,158541,0,                       0,158539,158539,0,                       0,158541
17707,158540,0,                       0,158540,158540,0,                       0,158540
17708,158541,0,                       0,158539,158539,0,                       0,158541
17709,158540,0,                       0,158540,158540,0,                       0,158540
17710,158541,0,                       0,158539,158539,0,                       0,158541
17711,158540,0,                       0,158540,158540,0,                       0,158540
17712,158539,0,                       0,158541,158541,0,                       0,158539
17713,158538,0,                       0,158542,158542,0,                       0,158538
17714,158539,0,                       0,158541,158541,0,                       0,158539
17715,158540,0,                       0,158540,158540,0,                       0,158540
17716,158541,0,                       0,158539,158539,0,                       0,158541
17717,158540,0,                       0,158540,158540,0,                       0,158540
17718,158541,0,                       0,158539,158539,0,                       0,158541
17719,158542,0,                       0,158538,158538,0,                       0,158542
17720,158543,0,                       0,158537,158537,0,                       0,158543
17721,158542,0,                       0,158538,158538,0,                       0,158542
17722,158541,0,                       0,158539,158539,0,                       0,158541
17723,158540,0,                       0,158540,158540,0,                       0,158540
17724,158541,0,                       0,158539,158539,0,                       0,158541
17725,158540,0,                       0,158540,158540,0,                       0,158540
17726,158539,0,                       0,158541,158541,0,                       0,158539
17727,158538,0,                       0,158542,158542,0,                       0,158538
17728,158539,0,                       0,158541,158541,0,                       0,158539
17729,158540,0,                       0,158540,158540,0,                       0,158540
17730,158541,0,                       0,158539,158539,0,                       0,158541
17731,158542,0,                       0,158538,158538,0,                       0,158542
17732,158541,0,                       0,158539,158539,0,                       0,158541
17733,158540,0,                       0,158540,158540,0,                       0,158540
17734,158539,0,                       0,158541,158541,0,                       0,158539
17735,158538,0,                       0,158542,158542,0,                       0,158538
17736,158539,0,                       0,158541,158541,0,                       0,158539
17737,158538,0,                       0,158542,158542,0,                       0,158538
17738,158539,0,                       0,158541,158541,0,                       0,158539
17739,158540,0,                       0,158540,158540,0,                       0,158540
17740,158539,0,                       0,158541,158541,0,                       0,158539
17741,158540,0,                       0,158540,158540,0,                       0,158540
17742,158539,0,                       0,158541,158541,0,                       0,158539
17743,158540,0,                       0,158540,158540,0,                       0,158540
17744,158539,0,                       0,158541,158541,0,                       0,158539
17745,158540,0,                       0,158540,158540,0,                       0,158540
17746,158541,0,                       0,158539,158539,0,                       0,158541
17747,158540,0,                       0,158540,158540,0,                       0,158540
17748,158539,0,                       0,158541,158541,0,                       0,158539
17749,158540,0,                       0,158540,158540,0,                       0,158540
17750,158539,0,                       0,158541,158541,0,                       0,158539
17751,158538,0,                       0,158542,158542,0,                       0,158538
17752,158539,0,                       0,158541,158541,0,                       0,158539
17753,158540,0,                       0,158540,158540,0,                       0,158540
17754,158541,0,                       0,158539,158539,0,                       0,158541
17755,158542,0,                       0,158538,158538,0,                       0,158542
17756,158541,0,                       0,158539,158539,0,                       0,158541
17757,158540,0,                       0,158540,158540,0,                       0,158540
17758,158539,0,                       0,158541,158541,0,                       0,158539
17759,158540,0,                       0,158540,158540,0,                       0,158540
17760,158541,0,                       0,158539,158539,0,                       0,158541
17761,158540,0,                       0,158540,158540,0,                       0,158540
17762,158541,0,                       0,158539,158539,0,                       0,158541
17763,158542,0,                       0,158538,158538,0,                       0,158542
17764,158541,0,                       0,158539,158539,0,                       0,158541
17765,158540,0,                       0,158540,158540,0,                       0,158540
17766,158539,0,                       0,158541,158541,0,                       0,158539
17767,158540,0,                       0,158540,158540,0,                       0,158540
17768,158541,0,                       0,158539,158539,0,                       0,158541
17769,158540,0,                       0,158540,158540,0,                       0,158540
17770,158539,0,                       0,158541,158541,0,                       0,158539
17771,158540,0,                       0,158540,158540,0,                       0,158540
17772,158541,0,                       0,158539,158539,0,                       0,158541
17773,158540,0,                       0,158540,158540,0,                       0,158540
17774,158541,0,                       0,158539,158539,0,                       0,158541
17775,158540,0,                       0,158540,158540,0,                       0,158540
17776,158539,0,                       0,158541,158541,0,                       0,158539
17777,158540,0,                       0,158540,158540,0,                       0,158540
17778,158539,0,                       0,158541,158541,0,                       0,158539
17779,158540,0,                       0,158540,158540,0,                       0,158540
17780,158539,0,                       0,158541,158541,0,                       0,158539
17781,158538,0,                       0,158542,158542,0,                       0,158538
17782,158539,0,                       0,158541,158541,0,                       0,158539
17783,158538,0,                       0,158542,158542,0,                       0,158538
17784,158539,0,                       0,158541,158541,0,                       0,158539
17785,158540,0,                       0,158540,158540,0,                       0,158540
17786,158539,0,                       0,158541,158541,0,                       0,158539
17787,158540,0,                       0,158540,158540,0,                       0,158540
17788,158539,0,                       0,158541,158541,0,                       0,158539
17789,158540,0,                       0,158540,158540,0,                       0,158540
17790,158539,0,                       0,158541,158541,0,                       0,158539
17791,158540,0,                       0,158540,158540,0,                       0,158540
17792,158539,0,                       0,158541,158541,0,                       0,158539
17793,158538,0,                       0,158542,158542,0,                       0,158538
17794,158539,0,                       0,158541,158541,0,                       0,158539
17795,158538,0,                       0,158542,158542,0,                       0,158538
17796,158539,0,                       0,158541,158541,0,                       0,158539
17797,158540,0,                       0,158540,158540,0,                       0,158540
17798,158541,0,                       0,158539,158539,0,                       0,158541
17799,158540,0,                       0,158540,158540,0,                       0,158540
17800,158541,0,                       0,158539,158539,0,                       0,158541
17801,158540,0,                       0,158540,158540,0,                       0,158540
17802,158539,0,                       0,158541,158541,0,                       0,158539
17803,158540,0,                       0,158540,158540,0,                       0,158540
17804,158539,0,                       0,158541,158541,0,                       0,158539
17805,158540,0,                       0,158540,158540,0,                       0,158540
17806,158539,0,                       0,158541,158541,0,                       0,158539
17807,158538,0,                       0,158542,158542,0,                       0,158538
17808,158539,0,                       0,158541,158541,0,                       0,158539
17809,158540,0,                       0,158540,158540,0,                       0,158540
17810,158541,0,                       0,158539,158539,0,                       0,158541
17811,158540,0,                       0,158540,158540,0,                       0,158540
17812,158539,0,                       0,158541,158541,0,                       0,158539
17813,158540,0,                       0,158540,158540,0,                       0,158540
17814,158541,0,                       0,158539,158539,0,                       0,158541
17815,158540,0,                       0,158540,158540,0,                       0,158540
17816,158539,0,                       0,158541,158541,0,                       0,158539
17817,158540,0,                       0,158540,158540,0,                       0,158540
17818,158539,0,                       0,158541,158541,0,                       0,158539
17819,158540,0,                       0,158540,158540,0,                       0,158540
17820,158541,0,                       0,158539,158539,0,                       0,158541
17821,158542,0,                       0,158538,158538,0,                       0,158542
17822,158541,0,                       0,158539,158539,0,                       0,158541
17823,158542,0,                       0,158538,158538,0,                       0,158542
17824,158541,0,                       0,158539,158539,0,                       0,158541
17825,158542,0,                       0,158538,158538,0,                       0,158542
17826,158541,0,                       0,158539,158539,0,                       0,158541
17827,158540,0,                       0,158540,158540,0,                       0,158540
17828,158539,0,                       0,158541,158541,0,                       0,158539
17829,158540,0,                       0,158540,158540,0,                       0,158540
17830,158539,0,                       0,158541,158541,0,                       0,158539
17831,158540,0,                       0,158540,158540,0,                       0,158540
17832,158541,0,                       0,158539,158539,0,                       0,158541
17833,158540,0,                       0,158540,158540,0,                       0,158540
17834,158541,0,                       0,158539,158539,0,                       0,158541
17835,158542,0,                       0,158538,158538,0,                       0,158542
17836,158541,0,                       0,158539,158539,0,                       0,158541
17837,158540,0,                       0,158540,158540,0,                       0,158540
17838,158541,0,                       0,158539,158539,0,                       0,158541
17839,158540,0,                       0,158540,158540,0,                       0,158540
17840,158541,0,                       0,158539,158539,0,                       0,158541
17841,158540,0,                       0,158540,158540,0,                       0,158540
17842,158541,0,                       0,158539,158539,0,                       0,158541
17843,158542,0,                       0,158538,158538,0,                       0,158542
17844,158541,0,                       0,158539,158539,0,                       0,158541
17845,158542,0,                       0,158538,158538,0,                       0,158542
17846,158541,0,                       0,158539,158539,0,                       0,158541
17847,158542,0,                       0,158538,158538,0,                       0,158542
17848,158541,0,                       0,158539,158539,0,                       0,158541
17849,158542,0,                       0,158538,158538,0,                       0,158542
17850,158541,0,                       0,158539,158539,0,                       0,158541
17851,158540,0,                       0,158540,158540,0,                       0,158540
17852,158539,0,                       0,158541,158541,0,                       0,158539
17853,158538,0,                       0,158542,158542,0,                       0,158538
17854,158539,0,                       0,158541,158541,0,                       0,158539
17855,158540,0,                       0,158540,158540,0,                       0,158540
17856,158541,0,                       0,158539,158539,0,                       0,158541
17857,158540,0,                       0,158540,158540,0,                       0,158540
17858,158541,0,                       0,158539,158539,0,                       0,158541
17859,158540,0,                       0,158540,158540,0,                       0,158540
17860,158539,0,                       0,158541,158541,0,                       0,158539
17861,158538,0,                       0,158542,158542,0,                       0,158538
17862,158539,0,                       0,158541,158541,0,                       0,158539
17863,158540,0,                       0,158540,158540,0,                       0,158540
17864,158539,0,                       0,158541,158541,0,                       0,158539
17865,158538,0,                       0,158542,158542,0,                       0,158538
17866,158539,0,                       0,158541,158541,0,                       0,158539
17867,158540,0,                       0,158540,158540,0,                       0,158540
17868,158541,0,                       0,158539,158539,0,                       0,158541
17869,158540,0,                       0,158540,158540,0,                       0,158540
17870,158541,0,                       0,158539,158539,0,                       0,158541
17871,158542,0,                       0,158538,158538,0,                       0,158542
17872,158543,0,                       0,158537,158537,0,                       0,158543
17873,158542,0,                       0,158538,158538,0,                       0,158542
17874,158541,0,                       0,158539,158539,0,                       0,158541
17875,158540,0,                       0,158540,158540,0,                       0,158540
17876,158539,0,                       0,158541,158541,0,                       0,158539
17877,158540,0,                       0,158540,158540,0,                       0,158540
17878,158539,0,                       0,158541,158541,0,                       0,158539
17879,158538,0,                       0,158542,158542,0,                       0,158538
17880,158539,0,                       0,158541,158541,0,                       0,158539
17881,158540,0,                       0,158540,158540,0,                       0,158540
17882,158541,0,                       0,158539,158539,0,                       0,158541
17883,158540,0,                       0,158540,158540,0,                       0,158540
17884,158539,0,                       0,158541,158541,0,                       0,158539
17885,158540,0,                       0,158540,158540,0,                       0,158540
17886,158539,0,                       0,158541,158541,0,                       0,158539
17887,158540,0,                       0,158540,158540,0,                       0,158540
17888,158541,0,                       0,158539,158539,0,                       0,158541
17889,158540,0,                       0,158540,158540,0,                       0,158540
17890,158541,0,                       0,158539,158539,0,                       0,158541
17891,158540,0,                       0,158540,158540,0,                       0,158540
17892,158541,0,                       0,158539,158539,0,                       0,158541
17893,158540,0,                       0,158540,158540,0,                       0,158540
17894,158541,0,                       0,158539,158539,0,                       0,158541
17895,158540,0,                       0,158540,158540,0,                       0,158540
17896,158539,0,                       0,158541,158541,0,                       0,158539
17897,158538,0,                       0,158542,158542,0,                       0,158538
17898,158537,0,                       0,158543,158543,0,                       0,158537
17899,158538,0,                       0,158542,158542,0,                       0,158538
17900,158539,0,                       0,158541,158541,0,                       0,158539
17901,158540,0,                       0,158540,158540,0,                       0,158540
17902,158539,0,                       0,158541,158541,0,                       0,158539
17903,158538,0,                       0,158542,158542,0,                       0,158538
17904,158539,0,                       0,158541,158541,0,                       0,158539
17905,158540,0,                       0,158540,158540,0,                       0,158540
17906,158541,0,                       0,158539,158539,0,                       0,158541
17907,158540,0,                       0,158540,158540,0,                       0,158540
17908,158541,0,                       0,158539,158539,0,                       0,158541
17909,158540,0,                       0,158540,158540,0,                       0,158540
17910,158539,0,                       0,158541,158541,0,                       0,158539
17911,158540,0,                       0,158540,158540,0,                       0,158540
17912,158539,0,                       0,158541,158541,0,                       0,158539
17913,158538,0,                       0,158542,158542,0,                       0,158538
17914,158539,0,                       0,158541,158541,0,                       0,158539
17915,158538,0,                       0,158542,158542,0,                       0,158538
17916,158539,0,                       0,158541,158541,0,                       0,158539
17917,158540,0,                       0,158540,158540,0,                       0,158540
17918,158541,0,                       0,158539,158539,0,                       0,158541
17919,158542,0,                       0,158538,158538,0,                       0,158542
17920,158541,0,                       0,158539,158539,0,                       0,158541
17921,158540,0,                       0,158540,158540,0,                       0,158540
17922,158541,0,                       0,158539,158539,0,                       0,158541
17923,158542,0,                       0,158538,158538,0,                       0,158542
17924,158541,0,                       0,158539,158539,0,                       0,158541
17925,158542,0,                       0,158538,158538,0,                       0,158542
17926,158541,0,                       0,158539,158539,0,                       0,158541
17927,158540,0,                       0,158540,158540,0,                       0,158540
17928,158539,0,                       0,158541,158541,0,                       0,158539
17929,158538,0,                       0,158542,158542,0,                       0,158538
17930,158537,0,                       0,158543,158543,0,                       0,158537
17931,158538,0,                       0,158542,158542,0,                       0,158538
17932,158539,0,                       0,158541,158541,0,                       0,158539
17933,158538,0,                       0,158542,158542,0,                       0,158538
17934,158539,0,                       0,158541,158541,0,                       0,158539
17935,158540,0,                       0,158540,158540,0,                       0,158540
17936,158541,0,                       0,158539,158539,0,                       0,158541
17937,158540,0,                       0,158540,158540,0,                       0,158540
17938,158539,0,                       0,158541,158541,0,                       0,158539
17939,158538,0,                       0,158542,158542,0,                       0,158538
17940,158537,0,                       0,158543,158543,0,                       0,158537
17941,158536,0,                       0,158544,158544,0,                       0,158536
17942,158535,0,                       0,158545,158545,0,                       0,158535
17943,158534,0,                       0,158546,158546,0,                       0,158534
17944,158535,0,                       0,158545,158545,0,                       0,158535
17945,158536,0,                       0,158544,158544,0,                       0,158536
17946,158537,0,                       0,158543,158543,0,                       0,158537
17947,158538,0,                       0,158542,158542,0,                       0,158538
17948,158539,0,                       0,158541,158541,0,                       0,158539
17949,158540,0,                       0,158540,158540,0,                       0,158540
17950,158541,0,                       0,158539,158539,0,                       0,158541
17951,158540,0,                       0,158540,158540,0,                       0,158540
17952,158539,0,                       0,158541,158541,0,                       0,158539
17953,158540,0,                       0,158540,158540,0,                       0,158540
17954,158541,0,                       0,158539,158539,0,                       0,158541
17955,158542,0,                       0,158538,158538,0,                       0,158542
17956,158541,0,                       0,158539,158539,0,                       0,158541
17957,158540,0,                       0,158540,158540,0,                       0,158540
17958,158541,0,                       0,158539,158539,0,                       0,158541
17959,158540,0,                       0,158540,158540,0,                       0,158540
17960,158541,0,                       0,158539,158539,0,                       0,158541
17961,158540,0,                       0,158540,158540,0,                       0,158540
17962,158539,0,                       0,158541,158541,0,                       0,158539
17963,158538,0,                       0,158542,158542,0,                       0,158538
17964,158539,0,                       0,158541,158541,0,                       0,158539
17965,158540,0,                       0,158540,158540,0,                       0,158540
17966,158539,0,                       0,158541,158541,0,                       0,158539
17967,158540,0,                       0,158540,158540,0,                       0,158540
17968,158539,0,                       0,158541,158541,0,                       0,158539
17969,158538,0,                       0,158542,158542,0,                       0,158538
17970,158539,0,                       0,158541,158541,0,                       0,158539
17971,158540,0,                       0,158540,158540,0,                       0,158540
17972,158539,0,                       0,158541,158541,0,                       0,158539
17973,158538,0,                       0,158542,158542,0,                       0,158538
17974,158539,0,                       0,158541,158541,0,                       0,158539
17975,158540,0,                       0,158540,158540,0,                       0,158540
17976,158539,0,                       0,158541,158541,0,                       0,158539
17977,158540,0,                       0,158540,158540,0,                       0,158540
17978,158541,0,                       0,158539,158539,0,                       0,158541
17979,158540,0,                       0,158540,158540,0,                       0,158540
17980,158541,0,                       0,158539,158539,0,                       0,158541
17981,158540,0,                       0,158540,158540,0,                       0,158540
17982,158539,0,                       0,158541,158541,0,                       0,158539
17983,158540,0,                       0,158540,158540,0,                       0,158540
17984,158541,0,                       0,158539,158539,0,                       0,158541
17985,158540,0,                       0,158540,158540,0,                       0,158540
17986,158539,0,                       0,158541,158541,0,                       0,158539
17987,158538,0,                       0,158542,158542,0,                       0,158538
17988,158539,0,                       0,158541,158541,0,                       0,158539
17989,158540,0,                       0,158540,158540,0,                       0,158540
17990,158541,0,                       0,158539,158539,0,                       0,158541
17991,158540,0,                       0,158540,158540,0,                       0,158540
17992,158541,0,                       0,158539,158539,0,                       0,158541
17993,158542,0,                       0,158538,158538,0,                       0,158542
17994,158541,0,                       0,158539,158539,0,                       0,158541
17995,158540,0,                       0,158540,158540,0,                       0,158540
17996,158539,0,                       0,158541,158541,0,                       0,158539
17997,158538,0,                       0,158542,158542,0,                       0,158538
17998,158539,0,                       0,158541,158541,0,                       0,158539
17999,158540,0,                       0,158540,158540,0,                       0,158540
18000,158539,0,                       0,158541,158541,0,                       0,158539
18001,158540,0,                       0,158540,158540,0,                       0,158540
18002,158541,0,                       0,158539,158539,0,                       0,158541
18003,158542,0,                       0,158538,158538,0,                       0,158542
18004,158541,0,                       0,158539,158539,0,                       0,158541
18005,158542,0,                       0,158538,158538,0,                       0,158542
18006,158541,0,                       0,158539,158539,0,                       0,158541
18007,158542,0,                       0,158538,158538,0,                       0,158542
18008,158541,0,                       0,158539,158539,0,                       0,158541
18009,158540,0,                       0,158540,158540,0,                       0,158540
18010,158541,0,                       0,158539,158539,0,                       0,158541
18011,158540,0,                       0,158540,158540,0,                       0,158540
18012,158541,0,                       0,158539,158539,0,                       0,158541
18013,158542,0,                       0,158538,158538,0,                       0,158542
18014,158541,0,                       0,158539,158539,0,                       0,158541
18015,158542,0,                       0,158538,158538,0,                       0,158542
18016,158541,0,                       0,158539,158539,0,                       0,158541
18017,158540,0,                       0,158540,158540,0,                       0,158540
18018,158539,0,                       0,158541,158541,0,                       0,158539
18019,158540,0,                       0,158540,158540,0,                       0,158540
18020,158539,0,                       0,158541,158541,0,                       0,158539
18021,158540,0,                       0,158540,158540,0,                       0,158540
18022,158541,0,                       0,158539,158539,0,                       0,158541
18023,158542,0,                       0,158538,158538,0,                       0,158542
18024,158541,0,                       0,158539,158539,0,                       0,158541
18025,158542,0,                       0,158538,158538,0,                       0,158542
18026,158541,0,                       0,158539,158539,0,                       0,158541
18027,158542,0,                       0,158538,158538,0,                       0,158542
18028,158541,0,                       0,158539,158539,0,                       0,158541
18029,158542,0,                       0,158538,158538,0,                       0,158542
18030,158541,0,                       0,158539,158539,0,                       0,158541
18031,158540,0,                       0,158540,158540,0,                       0,158540
18032,158539,0,                       0,158541,158541,0,                       0,158539
18033,158538,0,                       0,158542,158542,0,                       0,158538
18034,158539,0,                       0,158541,158541,0,                       0,158539
18035,158540,0,                       0,158540,158540,0,                       0,158540
18036,158541,0,                       0,158539,158539,0,                       0,158541
18037,158540,0,                       0,158540,158540,0,                       0,158540
18038,158541,0,                       0,158539,158539,0,                       0,158541
18039,158540,0,                       0,158540,158540,0,                       0,158540
18040,158541,0,                       0,158539,158539,0,                       0,158541
18041,158540,0,                       0,158540,158540,0,                       0,158540
18042,158539,0,                       0,158541,158541,0,                       0,158539
18043,158540,0,                       0,158540,158540,0,                       0,158540
18044,158539,0,                       0,158541,158541,0,                       0,158539
18045,158540,0,                       0,158540,158540,0,                       0,158540
18046,158541,0,                       0,158539,158539,0,                       0,158541
18047,158540,0,                       0,158540,158540,0,                       0,158540
18048,158539,0,                       0,158541,158541,0,                       0,158539
18049,158540,0,                       0,158540,158540,0,                       0,158540
18050,158539,0,                       0,158541,158541,0,                       0,158539
18051,158540,0,                       0,158540,158540,0,                       0,158540
18052,158541,0,                       0,158539,158539,0,                       0,158541
18053,158540,0,                       0,158540,158540,0,                       0,158540
18054,158541,0,                       0,158539,158539,0,                       0,158541
18055,158540,0,                       0,158540,158540,0,                       0,158540
18056,158541,0,                       0,158539,158539,0,                       0,158541
18057,158540,0,                       0,158540,158540,0,                       0,158540
18058,158541,0,                       0,158539,158539,0,                       0,158541
18059,158542,0,                       0,158538,158538,0,                       0,158542
18060,158541,0,                       0,158539,158539,0,                       0,158541
18061,158542,0,                       0,158538,158538,0,                       0,158542
18062,158541,0,                       0,158539,158539,0,                       0,158541
18063,158542,0,                       0,158538,158538,0,                       0,158542
18064,158541,0,                       0,158539,158539,0,                       0,158541
18065,158540,0,                       0,158540,158540,0,                       0,158540
18066,158539,0,                       0,158541,158541,0,                       0,158539
18067,158540,0,                       0,158540,158540,0,                       0,158540
18068,158539,0,                       0,158541,158541,0,                       0,158539
18069,158540,0,                       0,158540,158540,0,                       0,158540
18070,158539,0,                       0,158541,158541,0,                       0,158539
18071,158538,0,                       0,158542,158542,0,                       0,158538
18072,158539,0,                       0,158541,158541,0,                       0,158539
18073,158540,0,                       0,158540,158540,0,                       0,158540
18074,158539,0,                       0,158541,158541,0,                       0,158539
18075,158538,0,                       0,158542,158542,0,                       0,158538
18076,158537,0,                       0,158543,158543,0,                       0,158537
18077,158538,0,                       0,158542,158542,0,                       0,158538
18078,158539,0,                       0,158541,158541,0,                       0,158539
18079,158540,0,                       0,158540,158540,0,                       0,158540
18080,158539,0,                       0,158541,158541,0,                       0,158539
18081,158540,0,                       0,158540,158540,0,                       0,158540
18082,158541,0,                       0,158539,158539,0,                       0,158541
18083,158540,0,                       0,158540,158540,0,                       0,158540
18084,158539,0,                       0,158541,158541,0,                       0,158539
18085,158540,0,                       0,158540,158540,0,                       0,158540
18086,158541,0,                       0,158539,158539,0,                       0,158541
18087,158542,0,                       0,158538,158538,0,                       0,158542
18088,158541,0,                       0,158539,158539,0,                       0,158541
18089,158540,0,                       0,158540,158540,0,                       0,158540
18090,158541,0,                       0,158539,158539,0,                       0,158541
18091,158540,0,                       0,158540,158540,0,                       0,158540
18092,158541,0,                       0,158539,158539,0,                       0,158541
18093,158542,0,                       0,158538,158538,0,                       0,158542
18094,158541,0,                       0,158539,158539,0,                       0,158541
18095,158540,0,                       0,158540,158540,0,                       0,158540
18096,158541,0,                       0,158539,158539,0,                       0,158541
18097,158540,0,                       0,158540,158540,0,                       0,158540
18098,158541,0,                       0,158539,158539,0,                       0,158541
18099,158540,0,                       0,158540,158540,0,                       0,158540
18100,158539,0,                       0,158541,158541,0,                       0,158539
18101,158538,0,                       0,158542,158542,0,                       0,158538
18102,158537,0,                       0,158543,158543,0,                       0,158537
18103,158538,0,                       0,158542,158542,0,                       0,158538
18104,158539,0,                       0,158541,158541,0,                       0,158539
18105,158540,0,                       0,158540,158540,0,                       0,158540
18106,158541,0,                       0,158539,158539,0,                       0,158541
18107,158540,0,                       0,158540,158540,0,                       0,158540
18108,158539,0,                       0,158541,158541,0,                       0,158539
18109,158540,0,                       0,158540,158540,0,                       0,158540
18110,158541,0,                       0,158539,158539,0,                       0,158541
18111,158540,0,                       0,158540,158540,0,                       0,158540
18112,158539,0,                       0,158541,158541,0,                       0,158539
18113,158540,0,                       0,158540,158540,0,                       0,158540
18114,158539,0,                       0,158541,158541,0,                       0,158539
18115,158540,0,                       0,158540,158540,0,                       0,158540
18116,158539,0,                       0,158541,158541,0,                       0,158539
18117,158540,0,                       0,158540,158540,0,                       0,158540
18118,158539,0,                       0,158541,158541,0,                       0,158539
18119,158540,0,                       0,158540,158540,0,                       0,158540
18120,158539,0,                       0,158541,158541,0,                       0,158539
18121,158540,0,                       0,158540,158540,0,                       0,158540
18122,158539,0,                       0,158541,158541,0,                       0,158539
18123,158540,0,                       0,158540,158540,0,                       0,158540
18124,158541,0,                       0,158539,158539,0,                       0,158541
18125,158540,0,                       0,158540,158540,0,                       0,158540
18126,158541,0,                       0,158539,158539,0,                       0,158541
18127,158542,0,                       0,158538,158538,0,                       0,158542
18128,158541,0,                       0,158539,158539,0,                       0,158541
18129,158540,0,                       0,158540,158540,0,                       0,158540
18130,158539,0,                       0,158541,158541,0,                       0,158539
18131,158540,0,                       0,158540,158540,0,                       0,158540
18132,158541,0,                       0,158539,158539,0,                       0,158541
18133,158540,0,                       0,158540,158540,0,                       0,158540
18134,158541,0,                       0,158539,158539,0,                       0,158541
18135,158540,0,                       0,158540,158540,0,                       0,158540
18136,158539,0,                       0,158541,158541,0,                       0,158539
18137,158540,0,                       0,158540,158540,0,                       0,158540
18138,158539,0,                       0,158541,158541,0,                       0,158539
18139,158540,0,                       0,158540,158540,0,                       0,158540
18140,158539,0,                       0,158541,158541,0,                       0,158539
18141,158538,0,                       0,158542,158542,0,                       0,158538
18142,158537,0,                       0,158543,158543,0,                       0,158537
18143,158536,0,                       0,158544,158544,0,                       0,158536
18144,158537,0,                       0,158543,158543,0,                       0,158537
18145,158536,0,                       0,158544,158544,0,                       0,158536
18146,158537,0,                       0,158543,158543,0,                       0,158537
18147,158538,0,                       0,158542,158542,0,                       0,158538
18148,158539,0,                       0,158541,158541,0,                       0,158539
18149,158538,0,                       0,158542,158542,0,                       0,158538
18150,158539,0,                       0,158541,158541,0,                       0,158539
18151,158538,0,                       0,158542,158542,0,                       0,158538
18152,158537,0,                       0,158543,158543,0,                       0,158537
18153,158538,0,                       0,158542,158542,0,                       0,158538
18154,158539,0,                       0,158541,158541,0,                       0,158539
18155,158540,0,                       0,158540,158540,0,                       0,158540
18156,158541,0,                       0,158539,158539,0,                       0,158541
18157,158540,0,                       0,158540,158540,0,                       0,158540
18158,158541,0,                       0,158539,158539,0,                       0,158541
18159,158540,0,                       0,158540,158540,0,                       0,158540
18160,158539,0,                       0,158541,158541,0,                       0,158539
18161,158540,0,                       0,158540,158540,0,                       0,158540
18162,158539,0,                       0,158541,158541,0,                       0,158539
18163,158538,0,                       0,158542,158542,0,                       0,158538
18164,158539,0,                       0,158541,158541,0,                       0,158539
18165,158540,0,                       0,158540,158540,0,                       0,158540
18166,158539,0,                       0,158541,158541,0,                       0,158539
18167,158540,0,                       0,158540,158540,0,                       0,158540
18168,158541,0,                       0,158539,158539,0,                       0,158541
18169,158542,0,                       0,158538,158538,0,                       0,158542
18170,158543,0,                       0,158537,158537,0,                       0,158543
18171,158542,0,                       0,158538,158538,0,                       0,158542
18172,158541,0,                       0,158539,158539,0,                       0,158541
18173,158540,0,                       0,158540,158540,0,                       0,158540
18174,158541,0,                       0,158539,158539,0,                       0,158541
18175,158540,0,                       0,158540,158540,0,                       0,158540
18176,158541,0,                       0,158539,158539,0,                       0,158541
18177,158542,0,                       0,158538,158538,0,                       0,158542
18178,158541,0,                       0,158539,158539,0,                       0,158541
18179,158540,0,                       0,158540,158540,0,                       0,158540
18180,158541,0,                       0,158539,158539,0,                       0,158541
18181,158540,0,                       0,158540,158540,0,                       0,158540
18182,158539,0,                       0,158541,158541,0,                       0,158539
18183,158540,0,                       0,158540,158540,0,                       0,158540
18184,158541,0,                       0,158539,158539,0,                       0,158541
18185,158540,0,                       0,158540,158540,0,                       0,158540
18186,158539,0,                       0,158541,158541,0,                       0,158539
18187,158538,0,                       0,158542,158542,0,                       0,158538
18188,158537,0,                       0,158543,158543,0,                       0,158537
18189,158538,0,                       0,158542,158542,0,                       0,158538
18190,158539,0,                       0,158541,158541,0,                       0,158539
18191,158538,0,                       0,158542,158542,0,                       0,158538
18192,158539,0,                       0,158541,158541,0,                       0,158539
18193,158540,0,                       0,158540,158540,0,                       0,158540
18194,158539,0,                       0,158541,158541,0,                       0,158539
18195,158540,0,                       0,158540,158540,0,                       0,158540
18196,158541,0,                       0,158539,158539,0,                       0,158541
18197,158542,0,                       0,158538,158538,0,                       0,158542
18198,158541,0,                       0,158539,158539,0,                       0,158541
18199,158540,0,                       0,158540,158540,0,                       0,158540
18200,158539,0,                       0,158541,158541,0,                       0,158539
18201,158540,0,                       0,158540,158540,0,                       0,158540
18202,158539,0,                       0,158541,158541,0,                       0,158539
18203,158540,0,                       0,158540,158540,0,                       0,158540
18204,158539,0,                       0,158541,158541,0,                       0,158539
18205,158538,0,                       0,158542,158542,0,                       0,158538
18206,158539,0,                       0,158541,158541,0,                       0,158539
18207,158540,0,                       0,158540,158540,0,                       0,158540
18208,158539,0,                       0,158541,158541,0,                       0,158539
18209,158540,0,                       0,158540,158540,0,                       0,158540
18210,158539,0,                       0,158541,158541,0,                       0,158539
18211,158538,0,                       0,158542,158542,0,                       0,158538
18212,158539,0,                       0,158541,158541,0,                       0,158539
18213,158538,0,                       0,158542,158542,0,                       0,158538
18214,158539,0,                       0,158541,158541,0,                       0,158539
18215,158540,0,                       0,158540,158540,0,                       0,158540
18216,158541,0,                       0,158539,158539,0,                       0,158541
18217,158540,0,                       0,158540,158540,0,                       0,158540
18218,158541,0,                       0,158539,158539,0,                       0,158541
18219,158540,0,                       0,158540,158540,0,                       0,158540
18220,158539,0,                       0,158541,158541,0,                       0,158539
18221,158538,0,                       0,158542,158542,0,                       0,158538
18222,158539,0,                       0,158541,158541,0,                       0,158539
18223,158540,0,                       0,158540,158540,0,                       0,158540
18224,158541,0,                       0,158539,158539,0,                       0,158541
18225,158540,0,                       0,158540,158540,0,                       0,158540
18226,158539,0,                       0,158541,158541,0,                       0,158539
18227,158540,0,                       0,158540,158540,0,                       0,158540
18228,158541,0,                       0,158539,158539,0,                       0,158541
18229,158542,0,                       0,158538,158538,0,                       0,158542
18230,158541,0,                       0,158539,158539,0,                       0,158541
18231,158542,0,                       0,158538,158538,0,                       0,158542
18232,158541,0,                       0,158539,158539,0,                       0,158541
18233,158540,0,                       0,158540,158540,0,                       0,158540
18234,158539,0,                       0,158541,158541,0,                       0,158539
18235,158540,0,                       0,158540,158540,0,                       0,158540
18236,158541,0,                       0,158539,158539,0,                       0,158541
18237,158540,0,                       0,158540,158540,0,                       0,158540
18238,158539,0,                       0,158541,158541,0,                       0,158539
18239,158540,0,                       0,158540,158540,0,                       0,158540
18240,158541,0,                       0,158539,158539,0,                       0,158541
18241,158542,0,                       0,158538,158538,0,                       0,158542
18242,158543,0,                       0,158537,158537,0,                       0,158543
18243,158542,0,                       0,158538,158538,0,                       0,158542
18244,158541,0,                       0,158539,158539,0,                       0,158541
18245,158540,0,                       0,158540,158540,0,                       0,158540
18246,158539,0,                       0,158541,158541,0,                       0,158539
18247,158540,0,                       0,158540,158540,0,                       0,158540
18248,158539,0,                       0,158541,158541,0,                       0,158539
18249,158540,0,                       0,158540,158540,0,                       0,158540
18250,158541,0,                       0,158539,158539,0,                       0,158541
18251,158542,0,                       0,158538,158538,0,                       0,158542
18252,158543,0,                       0,158537,158537,0,                       0,158543
18253,158542,0,                       0,158538,158538,0,                       0,158542
18254,158541,0,                       0,158539,158539,0,                       0,158541
18255,158540,0,                       0,158540,158540,0,                       0,158540
18256,158539,0,                       0,158541,158541,0,                       0,158539
18257,158538,0,                       0,158542,158542,0,                       0,158538
18258,158539,0,                       0,158541,158541,0,                       0,158539
18259,158538,0,                       0,158542,158542,0,                       0,158538
18260,158539,0,                       0,158541,158541,0,                       0,158539
18261,158540,0,                       0,158540,158540,0,                       0,158540
18262,158539,0,                       0,158541,158541,0,                       0,158539
18263,158538,0,                       0,158542,158542,0,                       0,158538
18264,158539,0,                       0,158541,158541,0,                       0,158539
18265,158538,0,                       0,158542,158542,0,                       0,158538
18266,158539,0,                       0,158541,158541,0,                       0,158539
18267,158538,0,                       0,158542,158542,0,                       0,158538
18268,158539,0,                       0,158541,158541,0,                       0,158539
18269,158540,0,                       0,158540,158540,0,                       0,158540
18270,158539,0,                       0,158541,158541,0,                       0,158539
18271,158540,0,                       0,158540,158540,0,                       0,158540
18272,158539,0,                       0,158541,158541,0,                       0,158539
18273,158538,0,                       0,158542,158542,0,                       0,158538
18274,158539,0,                       0,158541,158541,0,                       0,158539
18275,158540,0,                       0,158540,158540,0,                       0,158540
18276,158541,0,                       0,158539,158539,0,                       0,158541
18277,158542,0,                       0,158538,158538,0,                       0,158542
18278,158541,0,                       0,158539,158539,0,                       0,158541
18279,158540,0,                       0,158540,158540,0,                       0,158540
18280,158541,0,                       0,158539,158539,0,                       0,158541
18281,158542,0,                       0,158538,158538,0,                       0,158542
18282,158541,0,                       0,158539,158539,0,                       0,158541
18283,158542,0,                       0,158538,158538,0,                       0,158542
18284,158541,0,                       0,158539,158539,0,                       0,158541
18285,158540,0,                       0,158540,158540,0,                       0,158540
18286,158539,0,                       0,158541,158541,0,                       0,158539
18287,158538,0,                       0,158542,158542,0,                       0,158538
18288,158539,0,                       0,158541,158541,0,                       0,158539
18289,158540,0,                       0,158540,158540,0,                       0,158540
18290,158539,0,                       0,158541,158541,0,                       0,158539
18291,158538,0,                       0,158542,158542,0,                       0,158538
18292,158539,0,                       0,158541,158541,0,                       0,158539
18293,158538,0,                       0,158542,158542,0,                       0,158538
18294,158537,0,                       0,158543,158543,0,                       0,158537
18295,158536,0,                       0,158544,158544,0,                       0,158536
18296,158537,0,                       0,158543,158543,0,                       0,158537
18297,158538,0,                       0,158542,158542,0,                       0,158538
18298,158539,0,                       0,158541,158541,0,                       0,158539
18299,158538,0,                       0,158542,158542,0,                       0,158538
18300,158539,0,                       0,158541,158541,0,                       0,158539
18301,158540,0,                       0,158540,158540,0,                       0,158540
18302,158539,0,                       0,158541,158541,0,                       0,158539
18303,158538,0,                       0,158542,158542,0,                       0,158538
18304,158539,0,                       0,158541,158541,0,                       0,158539
18305,158540,0,                       0,158540,158540,0,                       0,158540
18306,158541,0,                       0,158539,158539,0,                       0,158541
18307,158540,0,                       0,158540,158540,0,                       0,158540
18308,158541,0,                       0,158539,158539,0,                       0,158541
18309,158540,0,                       0,158540,158540,0,                       0,158540
18310,158541,0,                       0,158539,158539,0,                       0,158541
18311,158540,0,                       0,158540,158540,0,                       0,158540
18312,158539,0,                       0,158541,158541,0,                       0,158539
18313,158538,0,                       0,158542,158542,0,                       0,158538
18314,158539,0,                       0,158541,158541,0,                       0,158539
18315,158540,0,                       0,158540,158540,0,                       0,158540
18316,158541,0,                       0,158539,158539,0,                       0,158541
18317,158540,0,                       0,158540,158540,0,                       0,158540
18318,158541,0,                       0,158539,158539,0,                       0,158541
18319,158540,0,                       0,158540,158540,0,                       0,158540
18320,158541,0,                       0,158539,158539,0,                       0,158541
18321,158542,0,                       0,158538,158538,0,                       0,158542
18322,158541,0,                       0,158539,158539,0,                       0,158541
18323,158540,0,                       0,158540,158540,0,                       0,158540
18324,158541,0,                       0,158539,158539,0,                       0,158541
18325,158542,0,                       0,158538,158538,0,                       0,158542
18326,158541,0,                       0,158539,158539,0,                       0,158541
18327,158542,0,                       0,158538,158538,0,                       0,158542
18328,158541,0,                       0,158539,158539,0,                       0,158541
18329,158542,0,                       0,158538,158538,0,                       0,158542
18330,158543,0,                       0,158537,158537,0,                       0,158543
18331,158542,0,                       0,158538,158538,0,                       0,158542
18332,158541,0,                       0,158539,158539,0,                       0,158541
18333,158542,0,                       0,158538,158538,0,                       0,158542
18334,158541,0,                       0,158539,158539,0,                       0,158541
18335,158542,0,                       0,158538,158538,0,                       0,158542
18336,158543,0,                       0,158537,158537,0,                       0,158543
18337,158542,0,                       0,158538,158538,0,                       0,158542
18338,158541,0,                       0,158539,158539,0,                       0,158541
18339,158542,0,                       0,158538,158538,0,                       0,158542
18340,158541,0,                       0,158539,158539,0,                       0,158541
18341,158540,0,                       0,158540,158540,0,                       0,158540
18342,158539,0,                       0,158541,158541,0,                       0,158539
18343,158540,0,                       0,158540,158540,0,                       0,158540
18344,158539,0,                       0,158541,158541,0,                       0,158539
18345,158540,0,                       0,158540,158540,0,                       0,158540
18346,158539,0,                       0,158541,158541,0,                       0,158539
18347,158538,0,                       0,158542,158542,0,                       0,158538
18348,158539,0,                       0,158541,158541,0,                       0,158539
18349,158538,0,                       0,158542,158542,0,                       0,158538
18350,158539,0,                       0,158541,158541,0,                       0,158539
18351,158540,0,                       0,158540,158540,0,                       0,158540
18352,158539,0,                       0,158541,158541,0,                       0,158539
18353,158540,0,                       0,158540,158540,0,                       0,158540
18354,158539,0,                       0,158541,158541,0,                       0,158539
18355,158538,0,                       0,158542,158542,0,                       0,158538
18356,158539,0,                       0,158541,158541,0,                       0,158539
18357,158540,0,                       0,158540,158540,0,                       0,158540
18358,158539,0,                       0,158541,158541,0,                       0,158539
18359,158540,0,                       0,158540,158540,0,                       0,158540
18360,158539,0,                       0,158541,158541,0,                       0,158539
18361,158538,0,                       0,158542,158542,0,                       0,158538
18362,158537,0,                       0,158543,158543,0,                       0,158537
18363,158538,0,                       0,158542,158542,0,                       0,158538
18364,158539,0,                       0,158541,158541,0,                       0,158539
18365,158538,0,                       0,158542,158542,0,                       0,158538
18366,158539,0,                       0,158541,158541,0,                       0,158539
18367,158538,0,                       0,158542,158542,0,                       0,158538
18368,158539,0,                       0,158541,158541,0,                       0,158539
18369,158540,0,                       0,158540,158540,0,                       0,158540
18370,158541,0,                       0,158539,158539,0,                       0,158541
18371,158540,0,                       0,158540,158540,0,                       0,158540
18372,158539,0,                       0,158541,158541,0,                       0,158539
18373,158540,0,                       0,158540,158540,0,                       0,158540
18374,158541,0,                       0,158539,158539,0,                       0,158541
18375,158540,0,                       0,158540,158540,0,                       0,158540
18376,158539,0,                       0,158541,158541,0,                       0,158539
18377,158540,0,                       0,158540,158540,0,                       0,158540
18378,158539,0,                       0,158541,158541,0,                       0,158539
18379,158540,0,                       0,158540,158540,0,                       0,158540
18380,158541,0,                       0,158539,158539,0,                       0,158541
18381,158540,0,                       0,158540,158540,0,                       0,158540
18382,158541,0,                       0,158539,158539,0,                       0,158541
18383,158540,0,                       0,158540,158540,0,                       0,158540
18384,158539,0,                       0,158541,158541,0,                       0,158539
18385,158538,0,                       0,158542,158542,0,                       0,158538
18386,158539,0,                       0,158541,158541,0,                       0,158539
18387,158538,0,                       0,158542,158542,0,                       0,158538
18388,158539,0,                       0,158541,158541,0,                       0,158539
18389,158538,0,                       0,158542,158542,0,                       0,158538
18390,158539,0,                       0,158541,158541,0,                       0,158539
18391,158538,0,                       0,158542,158542,0,                       0,158538
18392,158539,0,                       0,158541,158541,0,                       0,158539
18393,158540,0,                       0,158540,158540,0,                       0,158540
18394,158541,0,                       0,158539,158539,0,                       0,158541
18395,158542,0,                       0,158538,158538,0,                       0,158542
18396,158541,0,                       0,158539,158539,0,                       0,158541
18397,158540,0,                       0,158540,158540,0,                       0,158540
18398,158539,0,                       0,158541,158541,0,                       0,158539
18399,158540,0,                       0,158540,158540,0,                       0,158540
18400,158539,0,                       0,158541,158541,0,                       0,158539
18401,158538,0,                       0,158542,158542,0,                       0,158538
18402,158537,0,                       0,158543,158543,0,                       0,158537
18403,158538,0,                       0,158542,158542,0,                       0,158538
18404,158539,0,                       0,158541,158541,0,                       0,158539
18405,158540,0,                       0,158540,158540,0,                       0,158540
18406,158541,0,                       0,158539,158539,0,                       0,158541
18407,158540,0,                       0,158540,158540,0,                       0,158540
18408,158539,0,                       0,158541,158541,0,                       0,158539
18409,158540,0,                       0,158540,158540,0,                       0,158540
18410,158541,0,                       0,158539,158539,0,                       0,158541
18411,158540,0,                       0,158540,158540,0,                       0,158540
18412,158541,0,                       0,158539,158539,0,                       0,158541
18413,158542,0,                       0,158538,158538,0,                       0,158542
18414,158541,0,                       0,158539,158539,0,                       0,158541
18415,158542,0,                       0,158538,158538,0,                       0,158542
18416,158541,0,                       0,158539,158539,0,                       0,158541
18417,158542,0,                       0,158538,158538,0,                       0,158542
18418,158541,0,                       0,158539,158539,0,                       0,158541
18419,158540,0,                       0,158540,158540,0,                       0,158540
18420,158541,0,                       0,158539,158539,0,                       0,158541
18421,158540,0,                       0,158540,158540,0,                       0,158540
18422,158541,0,                       0,158539,158539,0,                       0,158541
18423,158542,0,                       0,158538,158538,0,                       0,158542
18424,158541,0,                       0,158539,158539,0,                       0,158541
18425,158542,0,                       0,158538,158538,0,                       0,158542
18426,158541,0,                       0,158539,158539,0,                       0,158541
18427,158540,0,                       0,158540,158540,0,                       0,158540
18428,158539,0,                       0,158541,158541,0,                       0,158539
18429,158538,0,                       0,158542,158542,0,                       0,158538
18430,158539,0,                       0,158541,158541,0,                       0,158539
18431,158538,0,                       0,158542,158542,0,                       0,158538
18432,158539,0,                       0,158541,158541,0,                       0,158539
18433,158538,0,                       0,158542,158542,0,                       0,158538
18434,158539,0,                       0,158541,158541,0,                       0,158539
18435,158538,0,                       0,158542,158542,0,                       0,158538
18436,158539,0,                       0,158541,158541,0,                       0,158539
18437,158540,0,                       0,158540,158540,0,                       0,158540
18438,158541,0,                       0,158539,158539,0,                       0,158541
18439,158542,0,                       0,158538,158538,0,                       0,158542
18440,158543,0,                       0,158537,158537,0,                       0,158543
18441,158542,0,                       0,158538,158538,0,                       0,158542
18442,158541,0,                       0,158539,158539,0,                       0,158541
18443,158540,0,                       0,158540,158540,0,                       0,158540
18444,158541,0,                       0,158539,158539,0,                       0,158541
18445,158540,0,                       0,158540,158540,0,                       0,158540
18446,158541,0,                       0,158539,158539,0,                       0,158541
18447,158540,0,                       0,158540,158540,0,                       0,158540
18448,158541,0,                       0,158539,158539,0,                       0,158541
18449,158540,0,                       0,158540,158540,0,                       0,158540
18450,158539,0,                       0,158541,158541,0,                       0,158539
18451,158540,0,                       0,158540,158540,0,                       0,158540
18452,158541,0,                       0,158539,158539,0,                       0,158541
18453,158540,0,                       0,158540,158540,0,                       0,158540
18454,158541,0,                       0,158539,158539,0,                       0,158541
18455,158542,0,                       0,158538,158538,0,                       0,158542
18456,158541,0,                       0,158539,158539,0,                       0,158541
18457,158540,0,                       0,158540,158540,0,                       0,158540
18458,158541,0,                       0,158539,158539,0,                       0,158541
18459,158540,0,                       0,158540,158540,0,                       0,158540
18460,158541,0,                       0,158539,158539,0,                       0,158541
18461,158540,0,                       0,158540,158540,0,                       0,158540
18462,158541,0,                       0,158539,158539,0,                       0,158541
18463,158540,0,                       0,158540,158540,0,                       0,158540
18464,158541,0,                       0,158539,158539,0,                       0,158541
18465,158540,0,                       0,158540,158540,0,                       0,158540
18466,158539,0,                       0,158541,158541,0,                       0,158539
18467,158538,0,                       0,158542,158542,0,                       0,158538
18468,158539,0,                       0,158541,158541,0,                       0,158539
18469,158538,0,                       0,158542,158542,0,                       0,158538
18470,158539,0,                       0,158541,158541,0,                       0,158539
18471,158538,0,                       0,158542,158542,0,                       0,158538
18472,158539,0,                       0,158541,158541,0,                       0,158539
18473,158538,0,                       0,158542,158542,0,                       0,158538
18474,158539,0,                       0,158541,158541,0,                       0,158539
18475,158540,0,                       0,158540,158540,0,                       0,158540
18476,158539,0,                       0,158541,158541,0,                       0,158539
18477,158540,0,                       0,158540,158540,0,                       0,158540
18478,158539,0,                       0,158541,158541,0,                       0,158539
18479,158540,0,                       0,158540,158540,0,                       0,158540
18480,158541,0,                       0,158539,158539,0,                       0,158541
18481,158542,0,                       0,158538,158538,0,                       0,158542
18482,158541,0,                       0,158539,158539,0,                       0,158541
18483,158542,0,                       0,158538,158538,0,                       0,158542
18484,158541,0,                       0,158539,158539,0,                       0,158541
18485,158540,0,                       0,158540,158540,0,                       0,158540
18486,158539,0,                       0,158541,158541,0,                       0,158539
18487,158538,0,                       0,158542,158542,0,                       0,158538
18488,158539,0,                       0,158541,158541,0,                       0,158539
18489,158538,0,                       0,158542,158542,0,                       0,158538
18490,158537,0,                       0,158543,158543,0,                       0,158537
18491,158538,0,                       0,158542,158542,0,                       0,158538
18492,158539,0,                       0,158541,158541,0,                       0,158539
18493,158538,0,                       0,158542,158542,0,                       0,158538
18494,158539,0,                       0,158541,158541,0,                       0,158539
18495,158538,0,                       0,158542,158542,0,                       0,158538
18496,158539,0,                       0,158541,158541,0,                       0,158539
18497,158538,0,                       0,158542,158542,0,                       0,158538
18498,158539,0,                       0,158541,158541,0,                       0,158539
18499,158538,0,                       0,158542,158542,0,                       0,158538
18500,158539,0,                       0,158541,158541,0,                       0,158539
18501,158540,0,                       0,158540,158540,0,                       0,158540
18502,158539,0,                       0,158541,158541,0,                       0,158539
18503,158540,0,                       0,158540,158540,0,                       0,158540
18504,158541,0,                       0,158539,158539,0,                       0,158541
18505,158540,0,                       0,158540,158540,0,                       0,158540
18506,158539,0,                       0,158541,158541,0,                       0,158539
18507,158538,0,                       0,158542,158542,0,                       0,158538
18508,158539,0,                       0,158541,158541,0,                       0,158539
18509,158540,0,                       0,158540,158540,0,                       0,158540
18510,158541,0,                       0,158539,158539,0,                       0,158541
18511,158540,0,                       0,158540,158540,0,                       0,158540
18512,158539,0,                       0,158541,158541,0,                       0,158539
18513,158540,0,                       0,158540,158540,0,                       0,158540
18514,158539,0,                       0,158541,158541,0,                       0,158539
18515,158540,0,                       0,158540,158540,0,                       0,158540
18516,158541,0,                       0,158539,158539,0,                       0,158541
18517,158540,0,                       0,158540,158540,0,                       0,158540
18518,158539,0,                       0,158541,158541,0,                       0,158539
18519,158540,0,                       0,158540,158540,0,                       0,158540
18520,158541,0,                       0,158539,158539,0,                       0,158541
18521,158540,0,                       0,158540,158540,0,                       0,158540
18522,158541,0,                       0,158539,158539,0,                       0,158541
18523,158540,0,                       0,158540,158540,0,                       0,158540
18524,158541,0,                       0,158539,158539,0,                       0,158541
18525,158540,0,                       0,158540,158540,0,                       0,158540
18526,158541,0,                       0,158539,158539,0,                       0,158541
18527,158540,0,                       0,158540,158540,0,                       0,158540
18528,158541,0,                       0,158539,158539,0,                       0,158541
18529,158540,0,                       0,158540,158540,0,                       0,158540
18530,158541,0,                       0,158539,158539,0,                       0,158541
18531,158540,0,                       0,158540,158540,0,                       0,158540
18532,158539,0,                       0,158541,158541,0,                       0,158539
18533,158540,0,                       0,158540,158540,0,                       0,158540
18534,158541,0,                       0,158539,158539,0,                       0,158541
18535,158540,0,                       0,158540,158540,0,                       0,158540
18536,158541,0,                       0,158539,158539,0,                       0,158541
18537,158540,0,                       0,158540,158540,0,                       0,158540
18538,158539,0,                       0,158541,158541,0,                       0,158539
18539,158538,0,                       0,158542,158542,0,                       0,158538
18540,158539,0,                       0,158541,158541,0,                       0,158539
18541,158540,0,                       0,158540,158540,0,                       0,158540
18542,158539,0,                       0,158541,158541,0,                       0,158539
18543,158540,0,                       0,158540,158540,0,                       0,158540
18544,158539,0,                       0,158541,158541,0,                       0,158539
18545,158540,0,                       0,158540,158540,0,                       0,158540
18546,158539,0,                       0,158541,158541,0,                       0,158539
18547,158538,0,                       0,158542,158542,0,                       0,158538
18548,158537,0,                       0,158543,158543,0,                       0,158537
18549,158538,0,                       0,158542,158542,0,                       0,158538
18550,158537,0,                       0,158543,158543,0,                       0,158537
18551,158538,0,                       0,158542,158542,0,                       0,158538
18552,158539,0,                       0,158541,158541,0,                       0,158539
18553,158538,0,                       0,158542,158542,0,                       0,158538
18554,158539,0,                       0,158541,158541,0,                       0,158539
18555,158540,0,                       0,158540,158540,0,                       0,158540
18556,158539,0,                       0,158541,158541,0,                       0,158539
18557,158540,0,                       0,158540,158540,0,                       0,158540
18558,158541,0,                       0,158539,158539,0,                       0,158541
18559,158540,0,                       0,158540,158540,0,                       0,158540
18560,158541,0,                       0,158539,158539,0,                       0,158541
18561,158542,0,                       0,158538,158538,0,                       0,158542
18562,158541,0,                       0,158539,158539,0,                       0,158541
18563,158542,0,                       0,158538,158538,0,                       0,158542
18564,158543,0,                       0,158537,158537,0,                       0,158543
18565,158542,0,                       0,158538,158538,0,                       0,158542
18566,158541,0,                       0,158539,158539,0,                       0,158541
18567,158542,0,                       0,158538,158538,0,                       0,158542
18568,158541,0,                       0,158539,158539,0,                       0,158541
18569,158542,0,                       0,158538,158538,0,                       0,158542
18570,158541,0,                       0,158539,158539,0,                       0,158541
18571,158542,0,                       0,158538,158538,0,                       0,158542
18572,158541,0,                       0,158539,158539,0,                       0,158541
18573,158542,0,                       0,158538,158538,0,                       0,158542
18574,158543,0,                       0,158537,158537,0,                       0,158543
18575,158544,0,                       0,158536,158536,0,                       0,158544
18576,158543,0,                       0,158537,158537,0,                       0,158543
18577,158542,0,                       0,158538,158538,0,                       0,158542
18578,158541,0,                       0,158539,158539,0,                       0,158541
18579,158540,0,                       0,158540,158540,0,                       0,158540
18580,158539,0,                       0,158541,158541,0,                       0,158539
18581,158540,0,                       0,158540,158540,0,                       0,158540
18582,158539,0,                       0,158541,158541,0,                       0,158539
18583,158540,0,                       0,158540,158540,0,                       0,158540
18584,158541,0,                       0,158539,158539,0,                       0,158541
18585,158540,0,                       0,158540,158540,0,                       0,158540
18586,158541,0,                       0,158539,158539,0,                       0,158541
18587,158542,0,                       0,158538,158538,0,                       0,158542
18588,158541,0,                       0,158539,158539,0,                       0,158541
18589,158542,0,                       0,158538,158538,0,                       0,158542
18590,158541,0,                       0,158539,158539,0,                       0,158541
18591,158540,0,                       0,158540,158540,0,                       0,158540
18592,158541,0,                       0,158539,158539,0,                       0,158541
18593,158540,0,                       0,158540,158540,0,                       0,158540
18594,158541,0,                       0,158539,158539,0,                       0,158541
18595,158540,0,                       0,158540,158540,0,                       0,158540
18596,158541,0,                       0,158539,158539,0,                       0,158541
18597,158540,0,                       0,158540,158540,0,                       0,158540
18598,158539,0,                       0,158541,158541,0,                       0,158539
18599,158540,0,                       0,158540,158540,0,                       0,158540
18600,158539,0,                       0,158541,158541,0,                       0,158539
18601,158540,0,                       0,158540,158540,0,                       0,158540
18602,158539,0,                       0,158541,158541,0,                       0,158539
18603,158540,0,                       0,158540,158540,0,                       0,158540
18604,158539,0,                       0,158541,158541,0,                       0,158539
18605,158540,0,                       0,158540,158540,0,                       0,158540
18606,158541,0,                       0,158539,158539,0,                       0,158541
18607,158540,0,                       0,158540,158540,0,                       0,158540
18608,158539,0,                       0,158541,158541,0,                       0,158539
18609,158540,0,                       0,158540,158540,0,                       0,158540
18610,158541,0,                       0,158539,158539,0,                       0,158541
18611,158542,0,                       0,158538,158538,0,                       0,158542
18612,158541,0,                       0,158539,158539,0,                       0,158541
18613,158540,0,                       0,158540,158540,0,                       0,158540
18614,158539,0,                       0,158541,158541,0,                       0,158539
18615,158540,0,                       0,158540,158540,0,                       0,158540
18616,158539,0,                       0,158541,158541,0,                       0,158539
18617,158540,0,                       0,158540,158540,0,                       0,158540
18618,158541,0,                       0,158539,158539,0,                       0,158541
18619,158540,0,                       0,158540,158540,0,                       0,158540
18620,158539,0,                       0,158541,158541,0,                       0,158539
18621,158540,0,                       0,158540,158540,0,                       0,158540
18622,158541,0,                       0,158539,158539,0,                       0,158541
18623,158540,0,                       0,158540,158540,0,                       0,158540
18624,158541,0,                       0,158539,158539,0,                       0,158541
18625,158540,0,                       0,158540,158540,0,                       0,158540
18626,158541,0,                       0,158539,158539,0,                       0,158541
18627,158540,0,                       0,158540,158540,0,                       0,158540
18628,158539,0,                       0,158541,158541,0,                       0,158539
18629,158540,0,                       0,158540,158540,0,                       0,158540
18630,158539,0,                       0,158541,158541,0,                       0,158539
18631,158540,0,                       0,158540,158540,0,                       0,158540
18632,158539,0,                       0,158541,158541,0,                       0,158539
18633,158538,0,                       0,158542,158542,0,                       0,158538
18634,158539,0,                       0,158541,158541,0,                       0,158539
18635,158540,0,                       0,158540,158540,0,                       0,158540
18636,158539,0,                       0,158541,158541,0,                       0,158539
18637,158540,0,                       0,158540,158540,0,                       0,158540
18638,158541,0,                       0,158539,158539,0,                       0,158541
18639,158540,0,                       0,158540,158540,0,                       0,158540
18640,158539,0,                       0,158541,158541,0,                       0,158539
18641,158538,0,                       0,158542,158542,0,                       0,158538
18642,158539,0,                       0,158541,158541,0,                       0,158539
18643,158538,0,                       0,158542,158542,0,                       0,158538
18644,158539,0,                       0,158541,158541,0,                       0,158539
18645,158540,0,                       0,158540,158540,0,                       0,158540
18646,158539,0,                       0,158541,158541,0,                       0,158539
18647,158538,0,                       0,158542,158542,0,                       0,158538
18648,158537,0,                       0,158543,158543,0,                       0,158537
18649,158538,0,                       0,158542,158542,0,                       0,158538
18650,158539,0,                       0,158541,158541,0,                       0,158539
18651,158540,0,                       0,158540,158540,0,                       0,158540
18652,158539,0,                       0,158541,158541,0,                       0,158539
18653,158538,0,                       0,158542,158542,0,                       0,158538
18654,158539,0,                       0,158541,158541,0,                       0,158539
18655,158538,0,                       0,158542,158542,0,                       0,158538
18656,158539,0,                       0,158541,158541,0,                       0,158539
18657,158538,0,                       0,158542,158542,0,                       0,158538
18658,158539,0,                       0,158541,158541,0,                       0,158539
18659,158540,0,                       0,158540,158540,0,                       0,158540
18660,158541,0,                       0,158539,158539,0,                       0,158541
18661,158540,0,                       0,158540,158540,0,                       0,158540
18662,158539,0,                       0,158541,158541,0,                       0,158539
18663,158540,0,                       0,158540,158540,0,                       0,158540
18664,158539,0,                       0,158541,158541,0,                       0,158539
18665,158540,0,                       0,158540,158540,0,                       0,158540
18666,158539,0,                       0,158541,158541,0,                       0,158539
18667,158540,0,                       0,158540,158540,0,                       0,158540
18668,158541,0,                       0,158539,158539,0,                       0,158541
18669,158540,0,                       0,158540,158540,0,                       0,158540
18670,158539,0,                       0,158541,158541,0,                       0,158539
18671,158540,0,                       0,158540,158540,0,                       0,158540
18672,158541,0,                       0,158539,158539,0,                       0,158541
18673,158542,0,                       0,158538,158538,0,                       0,158542
18674,158541,0,                       0,158539,158539,0,                       0,158541
18675,158542,0,                       0,158538,158538,0,                       0,158542
18676,158541,0,                       0,158539,158539,0,                       0,158541
18677,158540,0,                       0,158540,158540,0,                       0,158540
18678,158541,0,                       0,158539,158539,0,                       0,158541
18679,158540,0,                       0,158540,158540,0,                       0,158540
18680,158541,0,                       0,158539,158539,0,                       0,158541
18681,158542,0,                       0,158538,158538,0,                       0,158542
18682,158541,0,                       0,158539,158539,0,                       0,158541
18683,158542,0,                       0,158538,158538,0,                       0,158542
18684,158541,0,                       0,158539,158539,0,                       0,158541
18685,158542,0,                       0,158538,158538,0,                       0,158542
18686,158543,0,                       0,158537,158537,0,                       0,158543
18687,158542,0,                       0,158538,158538,0,                       0,158542
18688,158543,0,                       0,158537,158537,0,                       0,158543
18689,158544,0,                       0,158536,158536,0,                       0,158544
18690,158545,0,                       0,158535,158535,0,                       0,158545
18691,158544,0,                       0,158536,158536,0,                       0,158544
18692,158543,0,                       0,158537,158537,0,                       0,158543
18693,158542,0,                       0,158538,158538,0,                       0,158542
18694,158541,0,                       0,158539,158539,0,                       0,158541
18695,158542,0,                       0,158538,158538,0,                       0,158542
18696,158541,0,                       0,158539,158539,0,                       0,158541
18697,158542,0,                       0,158538,158538,0,                       0,158542
18698,158543,0,                       0,158537,158537,0,                       0,158543
18699,158544,0,                       0,158536,158536,0,                       0,158544
18700,158545,0,                       0,158535,158535,0,                       0,158545
18701,158546,0,                       0,158534,158534,0,                       0,158546
18702,158545,0,                       0,158535,158535,0,                       0,158545
18703,158544,0,                       0,158536,158536,0,                       0,158544
18704,158543,0,                       0,158537,158537,0,                       0,158543
18705,158544,0,                       0,158536,158536,0,                       0,158544
18706,158545,0,                       0,158535,158535,0,                       0,158545
18707,158544,0,                       0,158536,158536,0,                       0,158544
18708,158543,0,                       0,158537,158537,0,                       0,158543
18709,158542,0,                       0,158538,158538,0,                       0,158542
18710,158543,0,                       0,158537,158537,0,                       0,158543
18711,158544,0,                       0,158536,158536,0,                       0,158544
18712,158545,0,                       0,158535,158535,0,                       0,158545
18713,158544,0,                       0,158536,158536,0,                       0,158544
18714,158543,0,                       0,158537,158537,0,                       0,158543
18715,158542,0,                       0,158538,158538,0,                       0,158542
18716,158541,0,                       0,158539,158539,0,                       0,158541
18717,158540,0,                       0,158540,158540,0,                       0,158540
18718,158539,0,                       0,158541,158541,0,                       0,158539
18719,158540,0,                       0,158540,158540,0,                       0,158540
18720,158539,0,                       0,158541,158541,0,                       0,158539
18721,158540,0,                       0,158540,158540,0,                       0,158540
18722,158539,0,                       0,158541,158541,0,                       0,158539
18723,158540,0,                       0,158540,158540,0,                       0,158540
18724,158541,0,                       0,158539,158539,0,                       0,158541
18725,158540,0,                       0,158540,158540,0,                       0,158540
18726,158539,0,                       0,158541,158541,0,                       0,158539
18727,158540,0,                       0,158540,158540,0,                       0,158540
18728,158539,0,                       0,158541,158541,0,                       0,158539
18729,158540,0,                       0,158540,158540,0,                       0,158540
18730,158539,0,                       0,158541,158541,0,                       0,158539
18731,158540,0,                       0,158540,158540,0,                       0,158540
18732,158539,0,                       0,158541,158541,0,                       0,158539
18733,158540,0,                       0,158540,158540,0,                       0,158540
18734,158539,0,                       0,158541,158541,0,                       0,158539
18735,158540,0,                       0,158540,158540,0,                       0,158540
18736,158541,0,                       0,158539,158539,0,                       0,158541
18737,158540,0,                       0,158540,158540,0,                       0,158540
18738,158541,0,                       0,158539,158539,0,                       0,158541
18739,158540,0,                       0,158540,158540,0,                       0,158540
18740,158539,0,                       0,158541,158541,0,                       0,158539
18741,158538,0,                       0,158542,158542,0,                       0,158538
18742,158539,0,                       0,158541,158541,0,                       0,158539
18743,158540,0,                       0,158540,158540,0,                       0,158540
18744,158539,0,                       0,158541,158541,0,                       0,158539
18745,158538,0,                       0,158542,158542,0,                       0,158538
18746,158537,0,                       0,158543,158543,0,                       0,158537
18747,158536,0,                       0,158544,158544,0,                       0,158536
18748,158535,0,                       0,158545,158545,0,                       0,158535
18749,158534,0,                       0,158546,158546,0,                       0,158534
18750,158535,0,                       0,158545,158545,0,                       0,158535
18751,158536,0,                       0,158544,158544,0,                       0,158536
18752,158537,0,                       0,158543,158543,0,                       0,158537
18753,158538,0,                       0,158542,158542,0,                       0,158538
18754,158539,0,                       0,158541,158541,0,                       0,158539
18755,158540,0,                       0,158540,158540,0,                       0,158540
18756,158541,0,                       0,158539,158539,0,                       0,158541
18757,158540,0,                       0,158540,158540,0,                       0,158540
18758,158541,0,                       0,158539,158539,0,                       0,158541
18759,158542,0,                       0,158538,158538,0,                       0,158542
18760,158541,0,                       0,158539,158539,0,                       0,158541
18761,158540,0,                       0,158540,158540,0,                       0,158540
18762,158541,0,                       0,158539,158539,0,                       0,158541
18763,158540,0,                       0,158540,158540,0,                       0,158540
18764,158541,0,                       0,158539,158539,0,                       0,158541
18765,158542,0,                       0,158538,158538,0,                       0,158542
18766,158543,0,                       0,158537,158537,0,                       0,158543
18767,158542,0,                       0,158538,158538,0,                       0,158542
18768,158541,0,                       0,158539,158539,0,                       0,158541
18769,158540,0,                       0,158540,158540,0,                       0,158540
18770,158539,0,                       0,158541,158541,0,                       0,158539
18771,158538,0,                       0,158542,158542,0,                       0,158538
18772,158537,0,                       0,158543,158543,0,                       0,158537
18773,158538,0,                       0,158542,158542,0,                       0,158538
18774,158539,0,                       0,158541,158541,0,                       0,158539
18775,158540,0,                       0,158540,158540,0,                       0,158540
18776,158541,0,                       0,158539,158539,0,                       0,158541
18777,158542,0,                       0,158538,158538,0,                       0,158542
18778,158541,0,                       0,158539,158539,0,                       0,158541
18779,158540,0,                       0,158540,158540,0,                       0,158540
18780,158539,0,                       0,158541,158541,0,                       0,158539
18781,158540,0,                       0,158540,158540,0,                       0,158540
18782,158541,0,                       0,158539,158539,0,                       0,158541
18783,158540,0,                       0,158540,158540,0,                       0,158540
18784,158539,0,                       0,158541,158541,0,                       0,158539
18785,158540,0,                       0,158540,158540,0,                       0,158540
18786,158541,0,                       0,158539,158539,0,                       0,158541
18787,158540,0,                       0,158540,158540,0,                       0,158540
18788,158539,0,                       0,158541,158541,0,                       0,158539
18789,158540,0,                       0,158540,158540,0,                       0,158540
18790,158541,0,                       0,158539,158539,0,                       0,158541
18791,158540,0,                       0,158540,158540,0,                       0,158540
18792,158541,0,                       0,158539,158539,0,                       0,158541
18793,158542,0,                       0,158538,158538,0,                       0,158542
18794,158541,0,                       0,158539,158539,0,                       0,158541
18795,158542,0,                       0,158538,158538,0,                       0,158542
18796,158541,0,                       0,158539,158539,0,                       0,158541
18797,158540,0,                       0,158540,158540,0,                       0,158540
18798,158541,0,                       0,158539,158539,0,                       0,158541
18799,158542,0,                       0,158538,158538,0,                       0,158542
18800,158541,0,                       0,158539,158539,0,                       0,158541
18801,158540,0,                       0,158540,158540,0,                       0,158540
18802,158539,0,                       0,158541,158541,0,                       0,158539
18803,158540,0,                       0,158540,158540,0,                       0,158540
18804,158541,0,                       0,158539,158539,0,                       0,158541
18805,158542,0,                       0,158538,158538,0,                       0,158542
18806,158541,0,                       0,158539,158539,0,                       0,158541
18807,158542,0,                       0,158538,158538,0,                       0,158542
18808,158543,0,                       0,158537,158537,0,                       0,158543
18809,158544,0,                       0,158536,158536,0,                       0,158544
18810,158543,0,                       0,158537,158537,0,                       0,158543
18811,158544,0,                       0,158536,158536,0,                       0,158544
18812,158545,0,                       0,158535,158535,0,                       0,158545
18813,158546,0,                       0,158534,158534,0,                       0,158546
18814,158547,0,                       0,158533,158533,0,                       0,158547
18815,158546,0,                       0,158534,158534,0,                       0,158546
18816,158545,0,                       0,158535,158535,0,                       0,158545
18817,158544,0,                       0,158536,158536,0,                       0,158544
18818,158543,0,                       0,158537,158537,0,                       0,158543
18819,158542,0,                       0,158538,158538,0,                       0,158542
18820,158541,0,                       0,158539,158539,0,                       0,158541
18821,158542,0,                       0,158538,158538,0,                       0,158542
18822,158541,0,                       0,158539,158539,0,                       0,158541
18823,158540,0,                       0,158540,158540,0,                       0,158540
18824,158539,0,                       0,158541,158541,0,                       0,158539
18825,158538,0,                       0,158542,158542,0,                       0,158538
18826,158539,0,                       0,158541,158541,0,                       0,158539
18827,158538,0,                       0,158542,158542,0,                       0,158538
18828,158539,0,                       0,158541,158541,0,                       0,158539
18829,158538,0,                       0,158542,158542,0,                       0,158538
18830,158539,0,                       0,158541,158541,0,                       0,158539
18831,158540,0,                       0,158540,158540,0,                       0,158540
18832,158541,0,                       0,158539,158539,0,                       0,158541
18833,158540,0,                       0,158540,158540,0,                       0,158540
18834,158541,0,                       0,158539,158539,0,                       0,158541
18835,158542,0,                       0,158538,158538,0,                       0,158542
18836,158541,0,                       0,158539,158539,0,                       0,158541
18837,158542,0,                       0,158538,158538,0,                       0,158542
18838,158541,0,                       0,158539,158539,0,                       0,158541
18839,158540,0,                       0,158540,158540,0,                       0,158540
18840,158541,0,                       0,158539,158539,0,                       0,158541
18841,158540,0,                       0,158540,158540,0,                       0,158540
18842,158539,0,                       0,158541,158541,0,                       0,158539
18843,158540,0,                       0,158540,158540,0,                       0,158540
18844,158541,0,                       0,158539,158539,0,                       0,158541
18845,158540,0,                       0,158540,158540,0,                       0,158540
18846,158541,0,                       0,158539,158539,0,                       0,158541
18847,158540,0,                       0,158540,158540,0,                       0,158540
18848,158539,0,                       0,158541,158541,0,                       0,158539
18849,158538,0,                       0,158542,158542,0,                       0,158538
18850,158539,0,                       0,158541,158541,0,                       0,158539
18851,158538,0,                       0,158542,158542,0,                       0,158538
18852,158537,0,                       0,158543,158543,0,                       0,158537
18853,158538,0,                       0,158542,158542,0,                       0,158538
18854,158539,0,                       0,158541,158541,0,                       0,158539
18855,158538,0,                       0,158542,158542,0,                       0,158538
18856,158539,0,                       0,158541,158541,0,                       0,158539
18857,158540,0,                       0,158540,158540,0,                       0,158540
18858,158541,0,                       0,158539,158539,0,                       0,158541
18859,158542,0,                       0,158538,158538,0,                       0,158542
18860,158541,0,                       0,158539,158539,0,                       0,158541
18861,158540,0,                       0,158540,158540,0,                       0,158540
18862,158541,0,                       0,158539,158539,0,                       0,158541
18863,158542,0,                       0,158538,158538,0,                       0,158542
18864,158541,0,                       0,158539,158539,0,                       0,158541
18865,158542,0,                       0,158538,158538,0,                       0,158542
18866,158541,0,                       0,158539,158539,0,                       0,158541
18867,158540,0,                       0,158540,158540,0,                       0,158540
18868,158539,0,                       0,158541,158541,0,                       0,158539
18869,158540,0,                       0,158540,158540,0,                       0,158540
18870,158539,0,                       0,158541,158541,0,                       0,158539
18871,158538,0,                       0,158542,158542,0,                       0,158538
18872,158539,0,                       0,158541,158541,0,                       0,158539
18873,158540,0,                       0,158540,158540,0,                       0,158540
18874,158539,0,                       0,158541,158541,0,                       0,158539
18875,158540,0,                       0,158540,158540,0,                       0,158540
18876,158541,0,                       0,158539,158539,0,                       0,158541
18877,158540,0,                       0,158540,158540,0,                       0,158540
18878,158541,0,                       0,158539,158539,0,                       0,158541
18879,158540,0,                       0,158540,158540,0,                       0,158540
18880,158539,0,                       0,158541,158541,0,                       0,158539
18881,158540,0,                       0,158540,158540,0,                       0,158540
18882,158541,0,                       0,158539,158539,0,                       0,158541
18883,158542,0,                       0,158538,158538,0,                       0,158542
18884,158541,0,                       0,158539,158539,0,                       0,158541
18885,158540,0,                       0,158540,158540,0,                       0,158540
18886,158539,0,                       0,158541,158541,0,                       0,158539
18887,158538,0,                       0,158542,158542,0,                       0,158538
18888,158539,0,                       0,158541,158541,0,                       0,158539
18889,158540,0,                       0,158540,158540,0,                       0,158540
18890,158539,0,                       0,158541,158541,0,                       0,158539
18891,158540,0,                       0,158540,158540,0,                       0,158540
18892,158541,0,                       0,158539,158539,0,                       0,158541
18893,158542,0,                       0,158538,158538,0,                       0,158542
18894,158541,0,                       0,158539,158539,0,                       0,158541
18895,158540,0,                       0,158540,158540,0,                       0,158540
18896,158539,0,                       0,158541,158541,0,                       0,158539
18897,158540,0,                       0,158540,158540,0,                       0,158540
18898,158539,0,                       0,158541,158541,0,                       0,158539
18899,158538,0,                       0,158542,158542,0,                       0,158538
18900,158539,0,                       0,158541,158541,0,                       0,158539
18901,158540,0,                       0,158540,158540,0,                       0,158540
18902,158541,0,                       0,158539,158539,0,                       0,158541
18903,158540,0,                       0,158540,158540,0,                       0,158540
18904,158541,0,                       0,158539,158539,0,                       0,158541
18905,158542,0,                       0,158538,158538,0,                       0,158542
18906,158541,0,                       0,158539,158539,0,                       0,158541
18907,158540,0,                       0,158540,158540,0,                       0,158540
18908,158539,0,                       0,158541,158541,0,                       0,158539
18909,158538,0,                       0,158542,158542,0,                       0,158538
18910,158539,0,                       0,158541,158541,0,                       0,158539
18911,158540,0,                       0,158540,158540,0,                       0,158540
18912,158539,0,                       0,158541,158541,0,                       0,158539
18913,158540,0,                       0,158540,158540,0,                       0,158540
18914,158541,0,                       0,158539,158539,0,                       0,158541
18915,158542,0,                       0,158538,158538,0,                       0,158542
18916,158543,0,                       0,158537,158537,0,                       0,158543
18917,158544,0,                       0,158536,158536,0,                       0,158544
18918,158543,0,                       0,158537,158537,0,                       0,158543
18919,158542,0,                       0,158538,158538,0,                       0,158542
18920,158541,0,                       0,158539,158539,0,                       0,158541
18921,158540,0,                       0,158540,158540,0,                       0,158540
18922,158539,0,                       0,158541,158541,0,                       0,158539
18923,158540,0,                       0,158540,158540,0,                       0,158540
18924,158539,0,                       0,158541,158541,0,                       0,158539
18925,158538,0,                       0,158542,158542,0,                       0,158538
18926,158539,0,                       0,158541,158541,0,                       0,158539
18927,158540,0,                       0,158540,158540,0,                       0,158540
18928,158539,0,                       0,158541,158541,0,                       0,158539
18929,158540,0,                       0,158540,158540,0,                       0,158540
18930,158541,0,                       0,158539,158539,0,                       0,158541
18931,158540,0,                       0,158540,158540,0,                       0,158540
18932,158539,0,                       0,158541,158541,0,                       0,158539
18933,158540,0,                       0,158540,158540,0,                       0,158540
18934,158539,0,                       0,158541,158541,0,                       0,158539
18935,158540,0,                       0,158540,158540,0,                       0,158540
18936,158539,0,                       0,158541,158541,0,                       0,158539
18937,158540,0,                       0,158540,158540,0,                       0,158540
18938,158541,0,                       0,158539,158539,0,                       0,158541
18939,158540,0,                       0,158540,158540,0,                       0,158540
18940,158539,0,                       0,158541,158541,0,                       0,158539
18941,158540,0,                       0,158540,158540,0,                       0,158540
18942,158539,0,                       0,158541,158541,0,                       0,158539
18943,158538,0,                       0,158542,158542,0,                       0,158538
18944,158539,0,                       0,158541,158541,0,                       0,158539
18945,158540,0,                       0,158540,158540,0,                       0,158540
18946,158541,0,                       0,158539,158539,0,                       0,158541
18947,158542,0,                       0,158538,158538,0,                       0,158542
18948,158543,0,                       0,158537,158537,0,                       0,158543
18949,158544,0,                       0,158536,158536,0,                       0,158544
18950,158543,0,                       0,158537,158537,0,                       0,158543
18951,158542,0,                       0,158538,158538,0,                       0,158542
18952,158541,0,                       0,158539,158539,0,                       0,158541
18953,158542,0,                       0,158538,158538,0,                       0,158542
18954,158541,0,                       0,158539,158539,0,                       0,158541
18955,158540,0,                       0,158540,158540,0,                       0,158540
18956,158541,0,                       0,158539,158539,0,                       0,158541
18957,158540,0,                       0,158540,158540,0,                       0,158540
18958,158539,0,                       0,158541,158541,0,                       0,158539
18959,158538,0,                       0,158542,158542,0,                       0,158538
18960,158539,0,                       0,158541,158541,0,                       0,158539
18961,158540,0,                       0,158540,158540,0,                       0,158540
18962,158539,0,                       0,158541,158541,0,                       0,158539
18963,158540,0,                       0,158540,158540,0,                       0,158540
18964,158541,0,                       0,158539,158539,0,                       0,158541
18965,158542,0,                       0,158538,158538,0,                       0,158542
18966,158541,0,                       0,158539,158539,0,                       0,158541
18967,158540,0,                       0,158540,158540,0,                       0,158540
18968,158539,0,                       0,158541,158541,0,                       0,158539
18969,158538,0,                       0,158542,158542,0,                       0,158538
18970,158539,0,                       0,158541,158541,0,                       0,158539
18971,158538,0,                       0,158542,158542,0,                       0,158538
18972,158539,0,                       0,158541,158541,0,                       0,158539
18973,158540,0,                       0,158540,158540,0,                       0,158540
18974,158539,0,                       0,158541,158541,0,                       0,158539
18975,158540,0,                       0,158540,158540,0,                       0,158540
18976,158541,0,                       0,158539,158539,0,                       0,158541
18977,158540,0,                       0,158540,158540,0,                       0,158540
18978,158539,0,                       0,158541,158541,0,                       0,158539
18979,158538,0,                       0,158542,158542,0,                       0,158538
18980,158539,0,                       0,158541,158541,0,                       0,158539
18981,158540,0,                       0,158540,158540,0,                       0,158540
18982,158541,0,                       0,158539,158539,0,                       0,158541
18983,158542,0,                       0,158538,158538,0,                       0,158542
18984,158541,0,                       0,158539,158539,0,                       0,158541
18985,158540,0,                       0,158540,158540,0,                       0,158540
18986,158541,0,                       0,158539,158539,0,                       0,158541
18987,158540,0,                       0,158540,158540,0,                       0,158540
18988,158539,0,                       0,158541,158541,0,                       0,158539
18989,158538,0,                       0,158542,158542,0,                       0,158538
18990,158537,0,                       0,158543,158543,0,                       0,158537
18991,158538,0,                       0,158542,158542,0,                       0,158538
18992,158539,0,                       0,158541,158541,0,                       0,158539
18993,158538,0,                       0,158542,158542,0,                       0,158538
18994,158537,0,                       0,158543,158543,0,                       0,158537
18995,158538,0,                       0,158542,158542,0,                       0,158538
18996,158539,0,                       0,158541,158541,0,                       0,158539
18997,158540,0,                       0,158540,158540,0,                       0,158540
18998,158539,0,                       0,158541,158541,0,                       0,158539
18999,158540,0,                       0,158540,158540,0,                       0,158540
19000,158541,0,                       0,158539,158539,0,                       0,158541
19001,158542,0,                       0,158538,158538,0,                       0,158542
19002,158541,0,                       0,158539,158539,0,                       0,158541
19003,158542,0,                       0,158538,158538,0,                       0,158542
19004,158541,0,                       0,158539,158539,0,                       0,158541
19005,158540,0,                       0,158540,158540,0,                       0,158540
19006,158539,0,                       0,158541,158541,0,                       0,158539
19007,158540,0,                       0,158540,158540,0,                       0,158540
19008,158539,0,                       0,158541,158541,0,                       0,158539
19009,158540,0,                       0,158540,158540,0,                       0,158540
19010,158541,0,                       0,158539,158539,0,                       0,158541
19011,158540,0,                       0,158540,158540,0,                       0,158540
19012,158541,0,                       0,158539,158539,0,                       0,158541
19013,158540,0,                       0,158540,158540,0,                       0,158540
19014,158541,0,                       0,158539,158539,0,                       0,158541
19015,158540,0,                       0,158540,158540,0,                       0,158540
19016,158541,0,                       0,158539,158539,0,                       0,158541
19017,158540,0,                       0,158540,158540,0,                       0,158540
19018,158539,0,                       0,158541,158541,0,                       0,158539
19019,158538,0,                       0,158542,158542,0,                       0,158538
19020,158539,0,                       0,158541,158541,0,                       0,158539
19021,158540,0,                       0,158540,158540,0,                       0,158540
19022,158539,0,                       0,158541,158541,0,                       0,158539
19023,158540,0,                       0,158540,158540,0,                       0,158540
19024,158539,0,                       0,158541,158541,0,                       0,158539
19025,158540,0,                       0,158540,158540,0,                       0,158540
19026,158539,0,                       0,158541,158541,0,                       0,158539
19027,158538,0,                       0,158542,158542,0,                       0,158538
19028,158539,0,                       0,158541,158541,0,                       0,158539
19029,158540,0,                       0,158540,158540,0,                       0,158540
19030,158539,0,                       0,158541,158541,0,                       0,158539
19031,158540,0,                       0,158540,158540,0,                       0,158540
19032,158539,0,                       0,158541,158541,0,                       0,158539
19033,158540,0,                       0,158540,158540,0,                       0,158540
19034,158541,0,                       0,158539,158539,0,                       0,158541
19035,158540,0,                       0,158540,158540,0,                       0,158540
19036,158539,0,                       0,158541,158541,0,                       0,158539
19037,158538,0,                       0,158542,158542,0,                       0,158538
19038,158539,0,                       0,158541,158541,0,                       0,158539
19039,158540,0,                       0,158540,158540,0,                       0,158540
19040,158541,0,                       0,158539,158539,0,                       0,158541
19041,158540,0,                       0,158540,158540,0,                       0,158540
19042,158541,0,                       0,158539,158539,0,                       0,158541
19043,158540,0,                       0,158540,158540,0,                       0,158540
19044,158539,0,                       0,158541,158541,0,                       0,158539
19045,158540,0,                       0,158540,158540,0,                       0,158540
19046,158539,0,                       0,158541,158541,0,                       0,158539
19047,158540,0,                       0,158540,158540,0,                       0,158540
19048,158541,0,                       0,158539,158539,0,                       0,158541
19049,158542,0,                       0,158538,158538,0,                       0,158542
19050,158541,0,                       0,158539,158539,0,                       0,158541
19051,158542,0,                       0,158538,158538,0,                       0,158542
19052,158541,0,                       0,158539,158539,0,                       0,158541
19053,158540,0,                       0,158540,158540,0,                       0,158540
19054,158541,0,                       0,158539,158539,0,                       0,158541
19055,158542,0,                       0,158538,158538,0,                       0,158542
19056,158541,0,                       0,158539,158539,0,                       0,158541
19057,158542,0,                       0,158538,158538,0,                       0,158542
19058,158541,0,                       0,158539,158539,0,                       0,158541
19059,158542,0,                       0,158538,158538,0,                       0,158542
19060,158541,0,                       0,158539,158539,0,                       0,158541
19061,158542,0,                       0,158538,158538,0,                       0,158542
19062,158541,0,                       0,158539,158539,0,                       0,158541
19063,158540,0,                       0,158540,158540,0,                       0,158540
19064,158541,0,                       0,158539,158539,0,                       0,158541
19065,158540,0,                       0,158540,158540,0,                       0,158540
19066,158541,0,                       0,158539,158539,0,                       0,158541
19067,158540,0,                       0,158540,158540,0,                       0,158540
19068,158541,0,                       0,158539,158539,0,                       0,158541
19069,158540,0,                       0,158540,158540,0,                       0,158540
19070,158539,0,                       0,158541,158541,0,                       0,158539
19071,158538,0,                       0,158542,158542,0,                       0,158538
19072,158539,0,                       0,158541,158541,0,                       0,158539
19073,158540,0,                       0,158540,158540,0,                       0,158540
19074,158539,0,                       0,158541,158541,0,                       0,158539
19075,158540,0,                       0,158540,158540,0,                       0,158540
19076,158539,0,                       0,158541,158541,0,                       0,158539
19077,158540,0,                       0,158540,158540,0,                       0,158540
19078,158541,0,                       0,158539,158539,0,                       0,158541
19079,158542,0,                       0,158538,158538,0,                       0,158542
19080,158541,0,                       0,158539,158539,0,                       0,158541
19081,158540,0,                       0,158540,158540,0,                       0,158540
19082,158541,0,                       0,158539,158539,0,                       0,158541
19083,158542,0,                       0,158538,158538,0,                       0,158542
19084,158541,0,                       0,158539,158539,0,                       0,158541
19085,158540,0,                       0,158540,158540,0,                       0,158540
19086,158541,0,                       0,158539,158539,0,                       0,158541
19087,158540,0,                       0,158540,158540,0,                       0,158540
19088,158541,0,                       0,158539,158539,0,                       0,158541
19089,158542,0,                       0,158538,158538,0,                       0,158542
19090,158541,0,                       0,158539,158539,0,                       0,158541
19091,158542,0,                       0,158538,158538,0,                       0,158542
19092,158541,0,                       0,158539,158539,0,                       0,158541
19093,158542,0,                       0,158538,158538,0,                       0,158542
19094,158541,0,                       0,158539,158539,0,                       0,158541
19095,158540,0,                       0,158540,158540,0,                       0,158540
19096,158539,0,                       0,158541,158541,0,                       0,158539
19097,158540,0,                       0,158540,158540,0,                       0,158540
19098,158541,0,                       0,158539,158539,0,                       0,158541
19099,158540,0,                       0,158540,158540,0,                       0,158540
19100,158539,0,                       0,158541,158541,0,                       0,158539
19101,158540,0,                       0,158540,158540,0,                       0,158540
19102,158541,0,                       0,158539,158539,0,                       0,158541
19103,158540,0,                       0,158540,158540,0,                       0,158540
19104,158541,0,                       0,158539,158539,0,                       0,158541
19105,158542,0,                       0,158538,158538,0,                       0,158542
19106,158541,0,                       0,158539,158539,0,                       0,158541
19107,158540,0,                       0,158540,158540,0,                       0,158540
19108,158541,0,                       0,158539,158539,0,                       0,158541
19109,158540,0,                       0,158540,158540,0,                       0,158540
19110,158541,0,                       0,158539,158539,0,                       0,158541
19111,158540,0,                       0,158540,158540,0,                       0,158540
19112,158539,0,                       0,158541,158541,0,                       0,158539
19113,158538,0,                       0,158542,158542,0,                       0,158538
19114,158539,0,                       0,158541,158541,0,                       0,158539
19115,158540,0,                       0,158540,158540,0,                       0,158540
19116,158541,0,                       0,158539,158539,0,                       0,158541
19117,158540,0,                       0,158540,158540,0,                       0,158540
19118,158541,0,                       0,158539,158539,0,                       0,158541
19119,158540,0,                       0,158540,158540,0,                       0,158540
19120,158539,0,                       0,158541,158541,0,                       0,158539
19121,158538,0,                       0,158542,158542,0,                       0,158538
19122,158539,0,                       0,158541,158541,0,                       0,158539
19123,158540,0,                       0,158540,158540,0,                       0,158540
19124,158541,0,                       0,158539,158539,0,                       0,158541
19125,158542,0,                       0,158538,158538,0,                       0,158542
19126,158541,0,                       0,158539,158539,0,                       0,158541
19127,158542,0,                       0,158538,158538,0,                       0,158542
19128,158541,0,                       0,158539,158539,0,                       0,158541
19129,158542,0,                       0,158538,158538,0,                       0,158542
19130,158541,0,                       0,158539,158539,0,                       0,158541
19131,158540,0,                       0,158540,158540,0,                       0,158540
19132,158541,0,                       0,158539,158539,0,                       0,158541
19133,158542,0,                       0,158538,158538,0,                       0,158542
19134,158541,0,                       0,158539,158539,0,                       0,158541
19135,158540,0,                       0,158540,158540,0,                       0,158540
19136,158539,0,                       0,158541,158541,0,                       0,158539
19137,158540,0,                       0,158540,158540,0,                       0,158540
19138,158541,0,                       0,158539,158539,0,                       0,158541
19139,158542,0,                       0,158538,158538,0,                       0,158542
19140,158541,0,                       0,158539,158539,0,                       0,158541
19141,158540,0,                       0,158540,158540,0,                       0,158540
19142,158541,0,                       0,158539,158539,0,                       0,158541
19143,158542,0,                       0,158538,158538,0,                       0,158542
19144,158541,0,                       0,158539,158539,0,                       0,158541
19145,158542,0,                       0,158538,158538,0,                       0,158542
19146,158541,0,                       0,158539,158539,0,                       0,158541
19147,158540,0,                       0,158540,158540,0,                       0,158540
19148,158539,0,                       0,158541,158541,0,                       0,158539
19149,158538,0,                       0,158542,158542,0,                       0,158538
19150,158537,0,                       0,158543,158543,0,                       0,158537
19151,158538,0,                       0,158542,158542,0,                       0,158538
19152,158539,0,                       0,158541,158541,0,                       0,158539
19153,158540,0,                       0,158540,158540,0,                       0,158540
19154,158539,0,                       0,158541,158541,0,                       0,158539
19155,158540,0,                       0,158540,158540,0,                       0,158540
19156,158541,0,                       0,158539,158539,0,                       0,158541
19157,158540,0,                       0,158540,158540,0,                       0,158540
19158,158541,0,                       0,158539,158539,0,                       0,158541
19159,158542,0,                       0,158538,158538,0,                       0,158542
19160,158541,0,                       0,158539,158539,0,                       0,158541
19161,158540,0,                       0,158540,158540,0,                       0,158540
19162,158539,0,                       0,158541,158541,0,                       0,158539
19163,158540,0,                       0,158540,158540,0,                       0,158540
19164,158539,0,                       0,158541,158541,0,                       0,158539
19165,158538,0,                       0,158542,158542,0,                       0,158538
19166,158539,0,                       0,158541,158541,0,                       0,158539
19167,158540,0,                       0,158540,158540,0,                       0,158540
19168,158541,0,                       0,158539,158539,0,                       0,158541
19169,158542,0,                       0,158538,158538,0,                       0,158542
19170,158541,0,                       0,158539,158539,0,                       0,158541
19171,158540,0,                       0,158540,158540,0,                       0,158540
19172,158539,0,                       0,158541,158541,0,                       0,158539
19173,158538,0,                       0,158542,158542,0,                       0,158538
19174,158539,0,                       0,158541,158541,0,                       0,158539
19175,158540,0,                       0,158540,158540,0,                       0,158540
19176,158541,0,                       0,158539,158539,0,                       0,158541
19177,158540,0,                       0,158540,158540,0,                       0,158540
19178,158541,0,                       0,158539,158539,0,                       0,158541
19179,158540,0,                       0,158540,158540,0,                       0,158540
19180,158539,0,                       0,158541,158541,0,                       0,158539
19181,158540,0,                       0,158540,158540,0,                       0,158540
19182,158541,0,                       0,158539,158539,0,                       0,158541
19183,158540,0,                       0,158540,158540,0,                       0,158540
19184,158539,0,                       0,158541,158541,0,                       0,158539
19185,158540,0,                       0,158540,158540,0,                       0,158540
19186,158539,0,                       0,158541,158541,0,                       0,158539
19187,158538,0,                       0,158542,158542,0,                       0,158538
19188,158539,0,                       0,158541,158541,0,                       0,158539
19189,158538,0,                       0,158542,158542,0,                       0,158538
19190,158539,0,                       0,158541,158541,0,                       0,158539
19191,158540,0,                       0,158540,158540,0,                       0,158540
19192,158541,0,                       0,158539,158539,0,                       0,158541
19193,158540,0,                       0,158540,158540,0,                       0,158540
19194,158541,0,                       0,158539,158539,0,                       0,158541
19195,158540,0,                       0,158540,158540,0,                       0,158540
19196,158539,0,                       0,158541,158541,0,                       0,158539
19197,158538,0,                       0,158542,158542,0,                       0,158538
19198,158539,0,                       0,158541,158541,0,                       0,158539
19199,158540,0,                       0,158540,158540,0,                       0,158540
19200,158541,0,                       0,158539,158539,0,                       0,158541
19201,158540,0,                       0,158540,158540,0,                       0,158540
19202,158541,0,                       0,158539,158539,0,                       0,158541
19203,158540,0,                       0,158540,158540,0,                       0,158540
19204,158541,0,                       0,158539,158539,0,                       0,158541
19205,158540,0,                       0,158540,158540,0,                       0,158540
19206,158541,0,                       0,158539,158539,0,                       0,158541
19207,158540,0,                       0,158540,158540,0,                       0,158540
19208,158541,0,                       0,158539,158539,0,                       0,158541
19209,158540,0,                       0,158540,158540,0,                       0,158540
19210,158541,0,                       0,158539,158539,0,                       0,158541
19211,158540,0,                       0,158540,158540,0,                       0,158540
19212,158541,0,                       0,158539,158539,0,                       0,158541
19213,158542,0,                       0,158538,158538,0,                       0,158542
19214,158541,0,                       0,158539,158539,0,                       0,158541
19215,158542,0,                       0,158538,158538,0,                       0,158542
19216,158541,0,                       0,158539,158539,0,                       0,158541
19217,158540,0,                       0,158540,158540,0,                       0,158540
19218,158539,0,                       0,158541,158541,0,                       0,158539
19219,158540,0,                       0,158540,158540,0,                       0,158540
19220,158539,0,                       0,158541,158541,0,                       0,158539
19221,158538,0,                       0,158542,158542,0,                       0,158538
19222,158539,0,                       0,158541,158541,0,                       0,158539
19223,158538,0,                       0,158542,158542,0,                       0,158538
19224,158539,0,                       0,158541,158541,0,                       0,158539
19225,158540,0,                       0,158540,158540,0,                       0,158540
19226,158541,0,                       0,158539,158539,0,                       0,158541
19227,158540,0,                       0,158540,158540,0,                       0,158540
19228,158539,0,                       0,158541,158541,0,                       0,158539
19229,158538,0,                       0,158542,158542,0,                       0,158538
19230,158539,0,                       0,158541,158541,0,                       0,158539
19231,158538,0,                       0,158542,158542,0,                       0,158538
19232,158539,0,                       0,158541,158541,0,                       0,158539
19233,158540,0,                       0,158540,158540,0,                       0,158540
19234,158541,0,                       0,158539,158539,0,                       0,158541
19235,158540,0,                       0,158540,158540,0,                       0,158540
19236,158539,0,                       0,158541,158541,0,                       0,158539
19237,158538,0,                       0,158542,158542,0,                       0,158538
19238,158539,0,                       0,158541,158541,0,                       0,158539
19239,158538,0,                       0,158542,158542,0,                       0,158538
19240,158537,0,                       0,158543,158543,0,                       0,158537
19241,158538,0,                       0,158542,158542,0,                       0,158538
19242,158539,0,                       0,158541,158541,0,                       0,158539
19243,158540,0,                       0,158540,158540,0,                       0,158540
19244,158539,0,                       0,158541,158541,0,                       0,158539
19245,158540,0,                       0,158540,158540,0,                       0,158540
19246,158539,0,                       0,158541,158541,0,                       0,158539
19247,158538,0,                       0,158542,158542,0,                       0,158538
19248,158539,0,                       0,158541,158541,0,                       0,158539
19249,158540,0,                       0,158540,158540,0,                       0,158540
19250,158541,0,                       0,158539,158539,0,                       0,158541
19251,158540,0,                       0,158540,158540,0,                       0,158540
19252,158539,0,                       0,158541,158541,0,                       0,158539
19253,158540,0,                       0,158540,158540,0,                       0,158540
19254,158541,0,                       0,158539,158539,0,                       0,158541
19255,158540,0,                       0,158540,158540,0,                       0,158540
19256,158539,0,                       0,158541,158541,0,                       0,158539
19257,158540,0,                       0,158540,158540,0,                       0,158540
19258,158541,0,                       0,158539,158539,0,                       0,158541
19259,158540,0,                       0,158540,158540,0,                       0,158540
19260,158541,0,                       0,158539,158539,0,                       0,158541
19261,158540,0,                       0,158540,158540,0,                       0,158540
19262,158541,0,                       0,158539,158539,0,                       0,158541
19263,158542,0,                       0,158538,158538,0,                       0,158542
19264,158541,0,                       0,158539,158539,0,                       0,158541
19265,158540,0,                       0,158540,158540,0,                       0,158540
19266,158541,0,                       0,158539,158539,0,                       0,158541
19267,158542,0,                       0,158538,158538,0,                       0,158542
19268,158541,0,                       0,158539,158539,0,                       0,158541
19269,158540,0,                       0,158540,158540,0,                       0,158540
19270,158541,0,                       0,158539,158539,0,                       0,158541
19271,158540,0,                       0,158540,158540,0,                       0,158540
19272,158539,0,                       0,158541,158541,0,                       0,158539
19273,158538,0,                       0,158542,158542,0,                       0,158538
19274,158537,0,                       0,158543,158543,0,                       0,158537
19275,158538,0,                       0,158542,158542,0,                       0,158538
19276,158539,0,                       0,158541,158541,0,                       0,158539
19277,158540,0,                       0,158540,158540,0,                       0,158540
19278,158539,0,                       0,158541,158541,0,                       0,158539
19279,158538,0,                       0,158542,158542,0,                       0,158538
19280,158539,0,                       0,158541,158541,0,                       0,158539
19281,158540,0,                       0,158540,158540,0,                       0,158540
19282,158539,0,                       0,158541,158541,0,                       0,158539
19283,158538,0,                       0,158542,158542,0,                       0,158538
19284,158539,0,                       0,158541,158541,0,                       0,158539
19285,158540,0,                       0,158540,158540,0,                       0,158540
19286,158541,0,                       0,158539,158539,0,                       0,158541
19287,158540,0,                       0,158540,158540,0,                       0,158540
19288,158539,0,                       0,158541,158541,0,                       0,158539
19289,158540,0,                       0,158540,158540,0,                       0,158540
19290,158541,0,                       0,158539,158539,0,                       0,158541
19291,158540,0,                       0,158540,158540,0,                       0,158540
19292,158539,0,                       0,158541,158541,0,                       0,158539
19293,158540,0,                       0,158540,158540,0,                       0,158540
19294,158541,0,                       0,158539,158539,0,                       0,158541
19295,158542,0,                       0,158538,158538,0,                       0,158542
19296,158543,0,                       0,158537,158537,0,                       0,158543
19297,158542,0,                       0,158538,158538,0,                       0,158542
19298,158541,0,                       0,158539,158539,0,                       0,158541
19299,158542,0,                       0,158538,158538,0,                       0,158542
19300,158541,0,                       0,158539,158539,0,                       0,158541
19301,158540,0,                       0,158540,158540,0,                       0,158540
19302,158541,0,                       0,158539,158539,0,                       0,158541
19303,158540,0,                       0,158540,158540,0,                       0,158540
19304,158541,0,                       0,158539,158539,0,                       0,158541
19305,158540,0,                       0,158540,158540,0,                       0,158540
19306,158541,0,                       0,158539,158539,0,                       0,158541
19307,158540,0,                       0,158540,158540,0,                       0,158540
19308,158541,0,                       0,158539,158539,0,                       0,158541
19309,158540,0,                       0,158540,158540,0,                       0,158540
19310,158541,0,                       0,158539,158539,0,                       0,158541
19311,158540,0,                       0,158540,158540,0,                       0,158540
19312,158539,0,                       0,158541,158541,0,                       0,158539
19313,158538,0,                       0,158542,158542,0,                       0,158538
19314,158537,0,                       0,158543,158543,0,                       0,158537
19315,158536,0,                       0,158544,158544,0,                       0,158536
19316,158537,0,                       0,158543,158543,0,                       0,158537
19317,158538,0,                       0,158542,158542,0,                       0,158538
19318,158539,0,                       0,158541,158541,0,                       0,158539
19319,158540,0,                       0,158540,158540,0,                       0,158540
19320,158541,0,                       0,158539,158539,0,                       0,158541
19321,158540,0,                       0,158540,158540,0,                       0,158540
19322,158541,0,                       0,158539,158539,0,                       0,158541
19323,158540,0,                       0,158540,158540,0,                       0,158540
19324,158539,0,                       0,158541,158541,0,                       0,158539
19325,158540,0,                       0,158540,158540,0,                       0,158540
19326,158539,0,                       0,158541,158541,0,                       0,158539
19327,158540,0,                       0,158540,158540,0,                       0,158540
19328,158541,0,                       0,158539,158539,0,                       0,158541
19329,158540,0,                       0,158540,158540,0,                       0,158540
19330,158539,0,                       0,158541,158541,0,                       0,158539
19331,158538,0,                       0,158542,158542,0,                       0,158538
19332,158539,0,                       0,158541,158541,0,                       0,158539
19333,158540,0,                       0,158540,158540,0,                       0,158540
19334,158539,0,                       0,158541,158541,0,                       0,158539
19335,158540,0,                       0,158540,158540,0,                       0,158540
19336,158539,0,                       0,158541,158541,0,                       0,158539
19337,158540,0,                       0,158540,158540,0,                       0,158540
19338,158539,0,                       0,158541,158541,0,                       0,158539
19339,158540,0,                       0,158540,158540,0,                       0,158540
19340,158539,0,                       0,158541,158541,0,                       0,158539
19341,158540,0,                       0,158540,158540,0,                       0,158540
19342,158541,0,                       0,158539,158539,0,                       0,158541
19343,158542,0,                       0,158538,158538,0,                       0,158542
19344,158541,0,                       0,158539,158539,0,                       0,158541
19345,158540,0,                       0,158540,158540,0,                       0,158540
19346,158541,0,                       0,158539,158539,0,                       0,158541
19347,158540,0,                       0,158540,158540,0,                       0,158540
19348,158541,0,                       0,158539,158539,0,                       0,158541
19349,158540,0,                       0,158540,158540,0,                       0,158540
19350,158539,0,                       0,158541,158541,0,                       0,158539
19351,158538,0,                       0,158542,158542,0,                       0,158538
19352,158539,0,                       0,158541,158541,0,                       0,158539
19353,158540,0,                       0,158540,158540,0,                       0,158540
19354,158539,0,                       0,158541,158541,0,                       0,158539
19355,158538,0,                       0,158542,158542,0,                       0,158538
19356,158539,0,                       0,158541,158541,0,                       0,158539
19357,158540,0,                       0,158540,158540,0,                       0,158540
19358,158539,0,                       0,158541,158541,0,                       0,158539
19359,158540,0,                       0,158540,158540,0,                       0,158540
19360,158539,0,                       0,158541,158541,0,                       0,158539
19361,158540,0,                       0,158540,158540,0,                       0,158540
19362,158541,0,                       0,158539,158539,0,                       0,158541
19363,158542,0,                       0,158538,158538,0,                       0,158542
19364,158541,0,                       0,158539,158539,0,                       0,158541
19365,158540,0,                       0,158540,158540,0,                       0,158540
19366,158541,0,                       0,158539,158539,0,                       0,158541
19367,158540,0,                       0,158540,158540,0,                       0,158540
19368,158541,0,                       0,158539,158539,0,                       0,158541
19369,158540,0,                       0,158540,158540,0,                       0,158540
19370,158541,0,                       0,158539,158539,0,                       0,158541
19371,158542,0,                       0,158538,158538,0,                       0,158542
19372,158543,0,                       0,158537,158537,0,                       0,158543
19373,158542,0,                       0,158538,158538,0,                       0,158542
19374,158541,0,                       0,158539,158539,0,                       0,158541
19375,158542,0,                       0,158538,158538,0,                       0,158542
19376,158541,0,                       0,158539,158539,0,                       0,158541
19377,158540,0,                       0,158540,158540,0,                       0,158540
19378,158539,0,                       0,158541,158541,0,                       0,158539
19379,158538,0,                       0,158542,158542,0,                       0,158538
19380,158537,0,                       0,158543,158543,0,                       0,158537
19381,158538,0,                       0,158542,158542,0,                       0,158538
19382,158539,0,                       0,158541,158541,0,                       0,158539
19383,158540,0,                       0,158540,158540,0,                       0,158540
19384,158539,0,                       0,158541,158541,0,                       0,158539
19385,158540,0,                       0,158540,158540,0,                       0,158540
19386,158539,0,                       0,158541,158541,0,                       0,158539
19387,158538,0,                       0,158542,158542,0,                       0,158538
19388,158539,0,                       0,158541,158541,0,                       0,158539
19389,158538,0,                       0,158542,158542,0,                       0,158538
19390,158539,0,                       0,158541,158541,0,                       0,158539
19391,158538,0,                       0,158542,158542,0,                       0,158538
19392,158539,0,                       0,158541,158541,0,                       0,158539
19393,158540,0,                       0,158540,158540,0,                       0,158540
19394,158541,0,                       0,158539,158539,0,                       0,158541
19395,158540,0,                       0,158540,158540,0,                       0,158540
19396,158541,0,                       0,158539,158539,0,                       0,158541
19397,158542,0,                       0,158538,158538,0,                       0,158542
19398,158541,0,                       0,158539,158539,0,                       0,158541
19399,158540,0,                       0,158540,158540,0,                       0,158540
19400,158541,0,                       0,158539,158539,0,                       0,158541
19401,158540,0,                       0,158540,158540,0,                       0,158540
19402,158541,0,                       0,158539,158539,0,                       0,158541
19403,158542,0,                       0,158538,158538,0,                       0,158542
19404,158541,0,                       0,158539,158539,0,                       0,158541
19405,158542,0,                       0,158538,158538,0,                       0,158542
19406,158541,0,                       0,158539,158539,0,                       0,158541
19407,158542,0,                       0,158538,158538,0,                       0,158542
19408,158543,0,                       0,158537,158537,0,                       0,158543
19409,158542,0,                       0,158538,158538,0,                       0,158542
19410,158541,0,                       0,158539,158539,0,                       0,158541
19411,158540,0,                       0,158540,158540,0,                       0,158540
19412,158539,0,                       0,158541,158541,0,                       0,158539
19413,158540,0,                       0,158540,158540,0,                       0,158540
19414,158539,0,                       0,158541,158541,0,                       0,158539
19415,158540,0,                       0,158540,158540,0,                       0,158540
19416,158539,0,                       0,158541,158541,0,                       0,158539
19417,158540,0,                       0,158540,158540,0,                       0,158540
19418,158541,0,                       0,158539,158539,0,                       0,158541
19419,158542,0,                       0,158538,158538,0,                       0,158542
19420,158543,0,                       0,158537,158537,0,                       0,158543
19421,158544,0,                       0,158536,158536,0,                       0,158544
19422,158543,0,                       0,158537,158537,0,                       0,158543
19423,158542,0,                       0,158538,158538,0,                       0,158542
19424,158541,0,                       0,158539,158539,0,                       0,158541
19425,158540,0,                       0,158540,158540,0,                       0,158540
19426,158539,0,                       0,158541,158541,0,                       0,158539
19427,158540,0,                       0,158540,158540,0,                       0,158540
19428,158539,0,                       0,158541,158541,0,                       0,158539
19429,158540,0,                       0,158540,158540,0,                       0,158540
19430,158539,0,                       0,158541,158541,0,                       0,158539
19431,158538,0,                       0,158542,158542,0,                       0,158538
19432,158539,0,                       0,158541,158541,0,                       0,158539
19433,158540,0,                       0,158540,158540,0,                       0,158540
19434,158541,0,                       0,158539,158539,0,                       0,158541
19435,158542,0,                       0,158538,158538,0,                       0,158542
19436,158543,0,                       0,158537,158537,0,                       0,158543
19437,158542,0,                       0,158538,158538,0,                       0,158542
19438,158541,0,                       0,158539,158539,0,                       0,158541
19439,158542,0,                       0,158538,158538,0,                       0,158542
19440,158541,0,                       0,158539,158539,0,                       0,158541
19441,158542,0,                       0,158538,158538,0,                       0,158542
19442,158541,0,                       0,158539,158539,0,                       0,158541
19443,158542,0,                       0,158538,158538,0,                       0,158542
19444,158541,0,                       0,158539,158539,0,                       0,158541
19445,158542,0,                       0,158538,158538,0,                       0,158542
19446,158541,0,                       0,158539,158539,0,                       0,158541
19447,158540,0,                       0,158540,158540,0,                       0,158540
19448,158539,0,                       0,158541,158541,0,                       0,158539
19449,158540,0,                       0,158540,158540,0,                       0,158540
19450,158541,0,                       0,158539,158539,0,                       0,158541
19451,158540,0,                       0,158540,158540,0,                       0,158540
19452,158541,0,                       0,158539,158539,0,                       0,158541
19453,158540,0,                       0,158540,158540,0,                       0,158540
19454,158539,0,                       0,158541,158541,0,                       0,158539
19455,158538,0,                       0,158542,158542,0,                       0,158538
19456,158537,0,                       0,158543,158543,0,                       0,158537
19457,158538,0,                       0,158542,158542,0,                       0,158538
19458,158539,0,                       0,158541,158541,0,                       0,158539
19459,158540,0,                       0,158540,158540,0,                       0,158540
19460,158539,0,                       0,158541,158541,0,                       0,158539
19461,158540,0,                       0,158540,158540,0,                       0,158540
19462,158539,0,                       0,158541,158541,0,                       0,158539
19463,158540,0,                       0,158540,158540,0,                       0,158540
19464,158539,0,                       0,158541,158541,0,                       0,158539
19465,158540,0,                       0,158540,158540,0,                       0,158540
19466,158539,0,                       0,158541,158541,0,                       0,158539
19467,158540,0,                       0,158540,158540,0,                       0,158540
19468,158539,0,                       0,158541,158541,0,                       0,158539
19469,158540,0,                       0,158540,158540,0,                       0,158540
19470,158541,0,                       0,158539,158539,0,                       0,158541
19471,158540,0,                       0,158540,158540,0,                       0,158540
19472,158539,0,                       0,158541,158541,0,                       0,158539
19473,158540,0,                       0,158540,158540,0,                       0,158540
19474,158541,0,                       0,158539,158539,0,                       0,158541
19475,158542,0,                       0,158538,158538,0,                       0,158542
19476,158541,0,                       0,158539,158539,0,                       0,158541
19477,158540,0,                       0,158540,158540,0,                       0,158540
19478,158539,0,                       0,158541,158541,0,                       0,158539
19479,158538,0,                       0,158542,158542,0,                       0,158538
19480,158537,0,                       0,158543,158543,0,                       0,158537
19481,158538,0,                       0,158542,158542,0,                       0,158538
19482,158539,0,                       0,158541,158541,0,                       0,158539
19483,158540,0,                       0,158540,158540,0,                       0,158540
19484,158541,0,                       0,158539,158539,0,                       0,158541
19485,158542,0,                       0,158538,158538,0,                       0,158542
19486,158543,0,                       0,158537,158537,0,                       0,158543
19487,158542,0,                       0,158538,158538,0,                       0,158542
19488,158541,0,                       0,158539,158539,0,                       0,158541
19489,158542,0,                       0,158538,158538,0,                       0,158542
19490,158541,0,                       0,158539,158539,0,                       0,158541
19491,158540,0,                       0,158540,158540,0,                       0,158540
19492,158541,0,                       0,158539,158539,0,                       0,158541
19493,158540,0,                       0,158540,158540,0,                       0,158540
19494,158539,0,                       0,158541,158541,0,                       0,158539
19495,158540,0,                       0,158540,158540,0,                       0,158540
19496,158541,0,                       0,158539,158539,0,                       0,158541
19497,158542,0,                       0,158538,158538,0,                       0,158542
19498,158541,0,                       0,158539,158539,0,                       0,158541
19499,158540,0,                       0,158540,158540,0,                       0,158540
19500,158539,0,                       0,158541,158541,0,                       0,158539
19501,158538,0,                       0,158542,158542,0,                       0,158538
19502,158539,0,                       0,158541,158541,0,                       0,158539
19503,158540,0,                       0,158540,158540,0,                       0,158540
19504,158541,0,                       0,158539,158539,0,                       0,158541
19505,158540,0,                       0,158540,158540,0,                       0,158540
19506,158541,0,                       0,158539,158539,0,                       0,158541
19507,158540,0,                       0,158540,158540,0,                       0,158540
19508,158541,0,                       0,158539,158539,0,                       0,158541
19509,158540,0,                       0,158540,158540,0,                       0,158540
19510,158539,0,                       0,158541,158541,0,                       0,158539
19511,158540,0,                       0,158540,158540,0,                       0,158540
19512,158541,0,                       0,158539,158539,0,                       0,158541
19513,158540,0,                       0,158540,158540,0,                       0,158540
19514,158539,0,                       0,158541,158541,0,                       0,158539
19515,158540,0,                       0,158540,158540,0,                       0,158540
19516,158539,0,                       0,158541,158541,0,                       0,158539
19517,158540,0,                       0,158540,158540,0,                       0,158540
19518,158541,0,                       0,158539,158539,0,                       0,158541
19519,158540,0,                       0,158540,158540,0,                       0,158540
19520,158539,0,                       0,158541,158541,0,                       0,158539
19521,158540,0,                       0,158540,158540,0,                       0,158540
19522,158539,0,                       0,158541,158541,0,                       0,158539
19523,158540,0,                       0,158540,158540,0,                       0,158540
19524,158541,0,                       0,158539,158539,0,                       0,158541
19525,158540,0,                       0,158540,158540,0,                       0,158540
19526,158539,0,                       0,158541,158541,0,                       0,158539
19527,158538,0,                       0,158542,158542,0,                       0,158538
19528,158539,0,                       0,158541,158541,0,                       0,158539
19529,158540,0,                       0,158540,158540,0,                       0,158540
19530,158541,0,                       0,158539,158539,0,                       0,158541
19531,158540,0,                       0,158540,158540,0,                       0,158540
19532,158539,0,                       0,158541,158541,0,                       0,158539
19533,158540,0,                       0,158540,158540,0,                       0,158540
19534,158539,0,                       0,158541,158541,0,                       0,158539
19535,158538,0,                       0,158542,158542,0,                       0,158538
19536,158539,0,                       0,158541,158541,0,                       0,158539
19537,158538,0,                       0,158542,158542,0,                       0,158538
19538,158537,0,                       0,158543,158543,0,                       0,158537
19539,158538,0,                       0,158542,158542,0,                       0,158538
19540,158539,0,                       0,158541,158541,0,                       0,158539
19541,158538,0,                       0,158542,158542,0,                       0,158538
19542,158539,0,                       0,158541,158541,0,                       0,158539
19543,158540,0,                       0,158540,158540,0,                       0,158540
19544,158541,0,                       0,158539,158539,0,                       0,158541
19545,158542,0,                       0,158538,158538,0,                       0,158542
19546,158541,0,                       0,158539,158539,0,                       0,158541
19547,158540,0,                       0,158540,158540,0,                       0,158540
19548,158541,0,                       0,158539,158539,0,                       0,158541
19549,158540,0,                       0,158540,158540,0,                       0,158540
19550,158541,0,                       0,158539,158539,0,                       0,158541
19551,158540,0,                       0,158540,158540,0,                       0,158540
19552,158539,0,                       0,158541,158541,0,                       0,158539
19553,158540,0,                       0,158540,158540,0,                       0,158540
19554,158541,0,                       0,158539,158539,0,                       0,158541
19555,158540,0,                       0,158540,158540,0,                       0,158540
19556,158539,0,                       0,158541,158541,0,                       0,158539
19557,158540,0,                       0,158540,158540,0,                       0,158540
19558,158539,0,                       0,158541,158541,0,                       0,158539
19559,158540,0,                       0,158540,158540,0,                       0,158540
19560,158539,0,                       0,158541,158541,0,                       0,158539
19561,158540,0,                       0,158540,158540,0,                       0,158540
19562,158541,0,                       0,158539,158539,0,                       0,158541
19563,158542,0,                       0,158538,158538,0,                       0,158542
19564,158541,0,                       0,158539,158539,0,                       0,158541
19565,158540,0,                       0,158540,158540,0,                       0,158540
19566,158539,0,                       0,158541,158541,0,                       0,158539
19567,158538,0,                       0,158542,158542,0,                       0,158538
19568,158539,0,                       0,158541,158541,0,                       0,158539
19569,158540,0,                       0,158540,158540,0,                       0,158540
19570,158541,0,                       0,158539,158539,0,                       0,158541
19571,158540,0,                       0,158540,158540,0,                       0,158540
19572,158539,0,                       0,158541,158541,0,                       0,158539
19573,158538,0,                       0,158542,158542,0,                       0,158538
19574,158539,0,                       0,158541,158541,0,                       0,158539
19575,158540,0,                       0,158540,158540,0,                       0,158540
19576,158539,0,                       0,158541,158541,0,                       0,158539
19577,158540,0,                       0,158540,158540,0,                       0,158540
19578,158539,0,                       0,158541,158541,0,                       0,158539
19579,158538,0,                       0,158542,158542,0,                       0,158538
19580,158539,0,                       0,158541,158541,0,                       0,158539
19581,158540,0,                       0,158540,158540,0,                       0,158540
19582,158541,0,                       0,158539,158539,0,                       0,158541
19583,158540,0,                       0,158540,158540,0,                       0,158540
19584,158539,0,                       0,158541,158541,0,                       0,158539
19585,158540,0,                       0,158540,158540,0,                       0,158540
19586,158539,0,                       0,158541,158541,0,                       0,158539
19587,158538,0,                       0,158542,158542,0,                       0,158538
19588,158539,0,                       0,158541,158541,0,                       0,158539
19589,158538,0,                       0,158542,158542,0,                       0,158538
19590,158539,0,                       0,158541,158541,0,                       0,158539
19591,158540,0,                       0,158540,158540,0,                       0,158540
19592,158541,0,                       0,158539,158539,0,                       0,158541
19593,158540,0,                       0,158540,158540,0,                       0,158540
19594,158541,0,                       0,158539,158539,0,                       0,158541
19595,158540,0,                       0,158540,158540,0,                       0,158540
19596,158539,0,                       0,158541,158541,0,                       0,158539
19597,158540,0,                       0,158540,158540,0,                       0,158540
19598,158539,0,                       0,158541,158541,0,                       0,158539
19599,158540,0,                       0,158540,158540,0,                       0,158540
19600,158539,0,                       0,158541,158541,0,                       0,158539
19601,158540,0,                       0,158540,158540,0,                       0,158540
19602,158539,0,                       0,158541,158541,0,                       0,158539
19603,158540,0,                       0,158540,158540,0,                       0,158540
19604,158541,0,                       0,158539,158539,0,                       0,158541
19605,158542,0,                       0,158538,158538,0,                       0,158542
19606,158541,0,                       0,158539,158539,0,                       0,158541
19607,158542,0,                       0,158538,158538,0,                       0,158542
19608,158543,0,                       0,158537,158537,0,                       0,158543
19609,158544,0,                       0,158536,158536,0,                       0,158544
19610,158543,0,                       0,158537,158537,0,                       0,158543
19611,158542,0,                       0,158538,158538,0,                       0,158542
19612,158541,0,                       0,158539,158539,0,                       0,158541
19613,158540,0,                       0,158540,158540,0,                       0,158540
19614,158541,0,                       0,158539,158539,0,                       0,158541
19615,158540,0,                       0,158540,158540,0,                       0,158540
19616,158539,0,                       0,158541,158541,0,                       0,158539
19617,158540,0,                       0,158540,158540,0,                       0,158540
19618,158541,0,                       0,158539,158539,0,                       0,158541
19619,158540,0,                       0,158540,158540,0,                       0,158540
19620,158539,0,                       0,158541,158541,0,                       0,158539
19621,158540,0,                       0,158540,158540,0,                       0,158540
19622,158539,0,                       0,158541,158541,0,                       0,158539
19623,158540,0,                       0,158540,158540,0,                       0,158540
19624,158541,0,                       0,158539,158539,0,                       0,158541
19625,158542,0,                       0,158538,158538,0,                       0,158542
19626,158541,0,                       0,158539,158539,0,                       0,158541
19627,158542,0,                       0,158538,158538,0,                       0,158542
19628,158541,0,                       0,158539,158539,0,                       0,158541
19629,158540,0,                       0,158540,158540,0,                       0,158540
19630,158541,0,                       0,158539,158539,0,                       0,158541
19631,158542,0,                       0,158538,158538,0,                       0,158542
19632,158541,0,                       0,158539,158539,0,                       0,158541
19633,158540,0,                       0,158540,158540,0,                       0,158540
19634,158541,0,                       0,158539,158539,0,                       0,158541
19635,158540,0,                       0,158540,158540,0,                       0,158540
19636,158541,0,                       0,158539,158539,0,                       0,158541
19637,158540,0,                       0,158540,158540,0,                       0,158540
19638,158541,0,                       0,158539,158539,0,                       0,158541
19639,158540,0,                       0,158540,158540,0,                       0,158540
19640,158541,0,                       0,158539,158539,0,                       0,158541
19641,158542,0,                       0,158538,158538,0,                       0,158542
19642,158541,0,                       0,158539,158539,0,                       0,158541
19643,158540,0,                       0,158540,158540,0,                       0,158540
19644,158541,0,                       0,158539,158539,0,                       0,158541
19645,158540,0,                       0,158540,158540,0,                       0,158540
19646,158541,0,                       0,158539,158539,0,                       0,158541
19647,158540,0,                       0,158540,158540,0,                       0,158540
19648,158541,0,                       0,158539,158539,0,                       0,158541
19649,158542,0,                       0,158538,158538,0,                       0,158542
19650,158541,0,                       0,158539,158539,0,                       0,158541
19651,158540,0,                       0,158540,158540,0,                       0,158540
19652,158541,0,                       0,158539,158539,0,                       0,158541
19653,158540,0,                       0,158540,158540,0,                       0,158540
19654,158539,0,                       0,158541,158541,0,                       0,158539
19655,158540,0,                       0,158540,158540,0,                       0,158540
19656,158539,0,                       0,158541,158541,0,                       0,158539
19657,158538,0,                       0,158542,158542,0,                       0,158538
19658,158539,0,                       0,158541,158541,0,                       0,158539
19659,158540,0,                       0,158540,158540,0,                       0,158540
19660,158541,0,                       0,158539,158539,0,                       0,158541
19661,158540,0,                       0,158540,158540,0,                       0,158540
19662,158541,0,                       0,158539,158539,0,                       0,158541
19663,158540,0,                       0,158540,158540,0,                       0,158540
19664,158539,0,                       0,158541,158541,0,                       0,158539
19665,158540,0,                       0,158540,158540,0,                       0,158540
19666,158539,0,                       0,158541,158541,0,                       0,158539
19667,158540,0,                       0,158540,158540,0,                       0,158540
19668,158541,0,                       0,158539,158539,0,                       0,158541
19669,158540,0,                       0,158540,158540,0,                       0,158540
19670,158541,0,                       0,158539,158539,0,                       0,158541
19671,158542,0,                       0,158538,158538,0,                       0,158542
19672,158541,0,                       0,158539,158539,0,                       0,158541
19673,158542,0,                       0,158538,158538,0,                       0,158542
19674,158541,0,                       0,158539,158539,0,                       0,158541
19675,158540,0,                       0,158540,158540,0,                       0,158540
19676,158541,0,                       0,158539,158539,0,                       0,158541
19677,158542,0,                       0,158538,158538,0,                       0,158542
19678,158541,0,                       0,158539,158539,0,                       0,158541
19679,158540,0,                       0,158540,158540,0,                       0,158540
19680,158541,0,                       0,158539,158539,0,                       0,158541
19681,158542,0,                       0,158538,158538,0,                       0,158542
19682,158541,0,                       0,158539,158539,0,                       0,158541
19683,158540,0,                       0,158540,158540,0,                       0,158540
19684,158539,0,                       0,158541,158541,0,                       0,158539
19685,158538,0,                       0,158542,158542,0,                       0,158538
19686,158539,0,                       0,158541,158541,0,                       0,158539
19687,158538,0,                       0,158542,158542,0,                       0,158538
19688,158537,0,                       0,158543,158543,0,                       0,158537
19689,158538,0,                       0,158542,158542,0,                       0,158538
19690,158537,0,                       0,158543,158543,0,                       0,158537
19691,158538,0,                       0,158542,158542,0,                       0,158538
19692,158539,0,                       0,158541,158541,0,                       0,158539
19693,158540,0,                       0,158540,158540,0,                       0,158540
19694,158541,0,                       0,158539,158539,0,                       0,158541
19695,158540,0,                       0,158540,158540,0,                       0,158540
19696,158539,0,                       0,158541,158541,0,                       0,158539
19697,158540,0,                       0,158540,158540,0,                       0,158540
19698,158541,0,                       0,158539,158539,0,                       0,158541
19699,158542,0,                       0,158538,158538,0,                       0,158542
19700,158541,0,                       0,158539,158539,0,                       0,158541
19701,158542,0,                       0,158538,158538,0,                       0,158542
19702,158541,0,                       0,158539,158539,0,                       0,158541
19703,158540,0,                       0,158540,158540,0,                       0,158540
19704,158541,0,                       0,158539,158539,0,                       0,158541
19705,158540,0,                       0,158540,158540,0,                       0,158540
19706,158541,0,                       0,158539,158539,0,                       0,158541
19707,158540,0,                       0,158540,158540,0,                       0,158540
19708,158541,0,                       0,158539,158539,0,                       0,158541
19709,158542,0,                       0,158538,158538,0,                       0,158542
19710,158541,0,                       0,158539,158539,0,                       0,158541
19711,158540,0,                       0,158540,158540,0,                       0,158540
19712,158541,0,                       0,158539,158539,0,                       0,158541
19713,158542,0,                       0,158538,158538,0,                       0,158542
19714,158541,0,                       0,158539,158539,0,                       0,158541
19715,158540,0,                       0,158540,158540,0,                       0,158540
19716,158539,0,                       0,158541,158541,0,                       0,158539
19717,158540,0,                       0,158540,158540,0,                       0,158540
19718,158541,0,                       0,158539,158539,0,                       0,158541
19719,158540,0,                       0,158540,158540,0,                       0,158540
19720,158539,0,                       0,158541,158541,0,                       0,158539
19721,158540,0,                       0,158540,158540,0,                       0,158540
19722,158541,0,                       0,158539,158539,0,                       0,158541
19723,158540,0,                       0,158540,158540,0,                       0,158540
19724,158539,0,                       0,158541,158541,0,                       0,158539
19725,158540,0,                       0,158540,158540,0,                       0,158540
19726,158539,0,                       0,158541,158541,0,                       0,158539
19727,158540,0,                       0,158540,158540,0,                       0,158540
19728,158539,0,                       0,158541,158541,0,                       0,158539
19729,158540,0,                       0,158540,158540,0,                       0,158540
19730,158541,0,                       0,158539,158539,0,                       0,158541
19731,158540,0,                       0,158540,158540,0,                       0,158540
19732,158539,0,                       0,158541,158541,0,                       0,158539
19733,158538,0,                       0,158542,158542,0,                       0,158538
19734,158539,0,                       0,158541,158541,0,                       0,158539
19735,158540,0,                       0,158540,158540,0,                       0,158540
19736,158541,0,                       0,158539,158539,0,                       0,158541
19737,158540,0,                       0,158540,158540,0,                       0,158540
19738,158541,0,                       0,158539,158539,0,                       0,158541
19739,158542,0,                       0,158538,158538,0,                       0,158542
19740,158541,0,                       0,158539,158539,0,                       0,158541
19741,158542,0,                       0,158538,158538,0,                       0,158542
19742,158541,0,                       0,158539,158539,0,                       0,158541
19743,158540,0,                       0,158540,158540,0,                       0,158540
19744,158541,0,                       0,158539,158539,0,                       0,158541
19745,158540,0,                       0,158540,158540,0,                       0,158540
19746,158541,0,                       0,158539,158539,0,                       0,158541
19747,158540,0,                       0,158540,158540,0,                       0,158540
19748,158539,0,                       0,158541,158541,0,                       0,158539
19749,158540,0,                       0,158540,158540,0,                       0,158540
19750,158539,0,                       0,158541,158541,0,                       0,158539
19751,158538,0,                       0,158542,158542,0,                       0,158538
19752,158539,0,                       0,158541,158541,0,                       0,158539
19753,158540,0,                       0,158540,158540,0,                       0,158540
19754,158541,0,                       0,158539,158539,0,                       0,158541
19755,158540,0,                       0,158540,158540,0,                       0,158540
19756,158541,0,                       0,158539,158539,0,                       0,158541
19757,158542,0,                       0,158538,158538,0,                       0,158542
19758,158541,0,                       0,158539,158539,0,                       0,158541
19759,158540,0,                       0,158540,158540,0,                       0,158540
19760,158539,0,                       0,158541,158541,0,                       0,158539
19761,158540,0,                       0,158540,158540,0,                       0,158540
19762,158541,0,                       0,158539,158539,0,                       0,158541
19763,158540,0,                       0,158540,158540,0,                       0,158540
19764,158539,0,                       0,158541,158541,0,                       0,158539
19765,158540,0,                       0,158540,158540,0,                       0,158540
19766,158539,0,                       0,158541,158541,0,                       0,158539
19767,158538,0,                       0,158542,158542,0,                       0,158538
19768,158539,0,                       0,158541,158541,0,                       0,158539
19769,158540,0,                       0,158540,158540,0,                       0,158540
19770,158541,0,                       0,158539,158539,0,                       0,158541
19771,158542,0,                       0,158538,158538,0,                       0,158542
19772,158541,0,                       0,158539,158539,0,                       0,158541
19773,158540,0,                       0,158540,158540,0,                       0,158540
19774,158539,0,                       0,158541,158541,0,                       0,158539
19775,158538,0,                       0,158542,158542,0,                       0,158538
19776,158539,0,                       0,158541,158541,0,                       0,158539
19777,158540,0,                       0,158540,158540,0,                       0,158540
19778,158541,0,                       0,158539,158539,0,                       0,158541
19779,158540,0,                       0,158540,158540,0,                       0,158540
19780,158539,0,                       0,158541,158541,0,                       0,158539
19781,158540,0,                       0,158540,158540,0,                       0,158540
19782,158541,0,                       0,158539,158539,0,                       0,158541
19783,158542,0,                       0,158538,158538,0,                       0,158542
19784,158541,0,                       0,158539,158539,0,                       0,158541
19785,158540,0,                       0,158540,158540,0,                       0,158540
19786,158539,0,                       0,158541,158541,0,                       0,158539
19787,158540,0,                       0,158540,158540,0,                       0,158540
19788,158541,0,                       0,158539,158539,0,                       0,158541
19789,158540,0,                       0,158540,158540,0,                       0,158540
19790,158539,0,                       0,158541,158541,0,                       0,158539
19791,158538,0,                       0,158542,158542,0,                       0,158538
19792,158539,0,                       0,158541,158541,0,                       0,158539
19793,158538,0,                       0,158542,158542,0,                       0,158538
19794,158539,0,                       0,158541,158541,0,                       0,158539
19795,158540,0,                       0,158540,158540,0,                       0,158540
19796,158539,0,                       0,158541,158541,0,                       0,158539
19797,158540,0,                       0,158540,158540,0,                       0,158540
19798,158541,0,                       0,158539,158539,0,                       0,158541
19799,158540,0,                       0,158540,158540,0,                       0,158540
19800,158539,0,                       0,158541,158541,0,                       0,158539
19801,158540,0,                       0,158540,158540,0,                       0,158540
19802,158541,0,                       0,158539,158539,0,                       0,158541
19803,158540,0,                       0,158540,158540,0,                       0,158540
19804,158541,0,                       0,158539,158539,0,                       0,158541
19805,158540,0,                       0,158540,158540,0,                       0,158540
19806,158541,0,                       0,158539,158539,0,                       0,158541
19807,158540,0,                       0,158540,158540,0,                       0,158540
19808,158539,0,                       0,158541,158541,0,                       0,158539
19809,158540,0,                       0,158540,158540,0,                       0,158540
19810,158539,0,                       0,158541,158541,0,                       0,158539
19811,158540,0,                       0,158540,158540,0,                       0,158540
19812,158541,0,                       0,158539,158539,0,                       0,158541
19813,158542,0,                       0,158538,158538,0,                       0,158542
19814,158541,0,                       0,158539,158539,0,                       0,158541
19815,158540,0,                       0,158540,158540,0,                       0,158540
19816,158541,0,                       0,158539,158539,0,                       0,158541
19817,158542,0,                       0,158538,158538,0,                       0,158542
19818,158543,0,                       0,158537,158537,0,                       0,158543
19819,158542,0,                       0,158538,158538,0,                       0,158542
19820,158541,0,                       0,158539,158539,0,                       0,158541
19821,158540,0,                       0,158540,158540,0,                       0,158540
19822,158539,0,                       0,158541,158541,0,                       0,158539
19823,158540,0,                       0,158540,158540,0,                       0,158540
19824,158539,0,                       0,158541,158541,0,                       0,158539
19825,158540,0,                       0,158540,158540,0,                       0,158540
19826,158541,0,                       0,158539,158539,0,                       0,158541
19827,158542,0,                       0,158538,158538,0,                       0,158542
19828,158541,0,                       0,158539,158539,0,                       0,158541
19829,158540,0,                       0,158540,158540,0,                       0,158540
19830,158539,0,                       0,158541,158541,0,                       0,158539
19831,158538,0,                       0,158542,158542,0,                       0,158538
19832,158539,0,                       0,158541,158541,0,                       0,158539
19833,158540,0,                       0,158540,158540,0,                       0,158540
19834,158539,0,                       0,158541,158541,0,                       0,158539
19835,158540,0,                       0,158540,158540,0,                       0,158540
19836,158539,0,                       0,158541,158541,0,                       0,158539
19837,158540,0,                       0,158540,158540,0,                       0,158540
19838,158539,0,                       0,158541,158541,0,                       0,158539
19839,158540,0,                       0,158540,158540,0,                       0,158540
19840,158539,0,                       0,158541,158541,0,                       0,158539
19841,158540,0,                       0,158540,158540,0,                       0,158540
19842,158541,0,                       0,158539,158539,0,                       0,158541
19843,158540,0,                       0,158540,158540,0,                       0,158540
19844,158541,0,                       0,158539,158539,0,                       0,158541
19845,158540,0,                       0,158540,158540,0,                       0,158540
19846,158541,0,                       0,158539,158539,0,                       0,158541
19847,158540,0,                       0,158540,158540,0,                       0,158540
19848,158541,0,                       0,158539,158539,0,                       0,158541
19849,158542,0,                       0,158538,158538,0,                       0,158542
19850,158543,0,                       0,158537,158537,0,                       0,158543
19851,158542,0,                       0,158538,158538,0,                       0,158542
19852,158541,0,                       0,158539,158539,0,                       0,158541
19853,158540,0,                       0,158540,158540,0,                       0,158540
19854,158541,0,                       0,158539,158539,0,                       0,158541
19855,158542,0,                       0,158538,158538,0,                       0,158542
19856,158541,0,                       0,158539,158539,0,                       0,158541
19857,158542,0,                       0,158538,158538,0,                       0,158542
19858,158541,0,                       0,158539,158539,0,                       0,158541
19859,158542,0,                       0,158538,158538,0,                       0,158542
19860,158541,0,                       0,158539,158539,0,                       0,158541
19861,158540,0,                       0,158540,158540,0,                       0,158540
19862,158541,0,                       0,158539,158539,0,                       0,158541
19863,158542,0,                       0,158538,158538,0,                       0,158542
19864,158541,0,                       0,158539,158539,0,                       0,158541
19865,158540,0,                       0,158540,158540,0,                       0,158540
19866,158541,0,                       0,158539,158539,0,                       0,158541
19867,158542,0,                       0,158538,158538,0,                       0,158542
19868,158543,0,                       0,158537,158537,0,                       0,158543
19869,158542,0,                       0,158538,158538,0,                       0,158542
19870,158541,0,                       0,158539,158539,0,                       0,158541
19871,158540,0,                       0,158540,158540,0,                       0,158540
19872,158539,0,                       0,158541,158541,0,                       0,158539
19873,158538,0,                       0,158542,158542,0,                       0,158538
19874,158539,0,                       0,158541,158541,0,                       0,158539
19875,158540,0,                       0,158540,158540,0,                       0,158540
19876,158541,0,                       0,158539,158539,0,                       0,158541
19877,158540,0,                       0,158540,158540,0,                       0,158540
19878,158539,0,                       0,158541,158541,0,                       0,158539
19879,158540,0,                       0,158540,158540,0,                       0,158540
19880,158541,0,                       0,158539,158539,0,                       0,158541
19881,158542,0,                       0,158538,158538,0,                       0,158542
19882,158541,0,                       0,158539,158539,0,                       0,158541
19883,158540,0,                       0,158540,158540,0,                       0,158540
19884,158541,0,                       0,158539,158539,0,                       0,158541
19885,158540,0,                       0,158540,158540,0,                       0,158540
19886,158539,0,                       0,158541,158541,0,                       0,158539
19887,158540,0,                       0,158540,158540,0,                       0,158540
19888,158541,0,                       0,158539,158539,0,                       0,158541
19889,158540,0,                       0,158540,158540,0,                       0,158540
19890,158541,0,                       0,158539,158539,0,                       0,158541
19891,158540,0,                       0,158540,158540,0,                       0,158540
19892,158539,0,                       0,158541,158541,0,                       0,158539
19893,158540,0,                       0,158540,158540,0,                       0,158540
19894,158539,0,                       0,158541,158541,0,                       0,158539
19895,158540,0,                       0,158540,158540,0,                       0,158540
19896,158539,0,                       0,158541,158541,0,                       0,158539
19897,158540,0,                       0,158540,158540,0,                       0,158540
19898,158539,0,                       0,158541,158541,0,                       0,158539
19899,158540,0,                       0,158540,158540,0,                       0,158540
19900,158539,0,                       0,158541,158541,0,                       0,158539
19901,158538,0,                       0,158542,158542,0,                       0,158538
19902,158539,0,                       0,158541,158541,0,                       0,158539
19903,158540,0,                       0,158540,158540,0,                       0,158540
19904,158541,0,                       0,158539,158539,0,                       0,158541
19905,158542,0,                       0,158538,158538,0,                       0,158542
19906,158541,0,                       0,158539,158539,0,                       0,158541
19907,158540,0,                       0,158540,158540,0,                       0,158540
19908,158541,0,                       0,158539,158539,0,                       0,158541
19909,158540,0,                       0,158540,158540,0,                       0,158540
19910,158541,0,                       0,158539,158539,0,                       0,158541
19911,158540,0,                       0,158540,158540,0,                       0,158540
19912,158539,0,                       0,158541,158541,0,                       0,158539
19913,158540,0,                       0,158540,158540,0,                       0,158540
19914,158539,0,                       0,158541,158541,0,                       0,158539
19915,158538,0,                       0,158542,158542,0,                       0,158538
19916,158539,0,                       0,158541,158541,0,                       0,158539
19917,158540,0,                       0,158540,158540,0,                       0,158540
19918,158539,0,                       0,158541,158541,0,                       0,158539
19919,158540,0,                       0,158540,158540,0,                       0,158540
19920,158541,0,                       0,158539,158539,0,                       0,158541
19921,158540,0,                       0,158540,158540,0,                       0,158540
19922,158539,0,                       0,158541,158541,0,                       0,158539
19923,158538,0,                       0,158542,158542,0,                       0,158538
19924,158537,0,                       0,158543,158543,0,                       0,158537
19925,158538,0,                       0,158542,158542,0,                       0,158538
19926,158539,0,                       0,158541,158541,0,                       0,158539
19927,158540,0,                       0,158540,158540,0,                       0,158540
19928,158539,0,                       0,158541,158541,0,                       0,158539
19929,158540,0,                       0,158540,158540,0,                       0,158540
19930,158539,0,                       0,158541,158541,0,                       0,158539
19931,158540,0,                       0,158540,158540,0,                       0,158540
19932,158541,0,                       0,158539,158539,0,                       0,158541
19933,158542,0,                       0,158538,158538,0,                       0,158542
19934,158541,0,                       0,158539,158539,0,                       0,158541
19935,158540,0,                       0,158540,158540,0,                       0,158540
19936,158541,0,                       0,158539,158539,0,                       0,158541
19937,158542,0,                       0,158538,158538,0,                       0,158542
19938,158541,0,                       0,158539,158539,0,                       0,158541
19939,158540,0,                       0,158540,158540,0,                       0,158540
19940,158539,0,                       0,158541,158541,0,                       0,158539
19941,158540,0,                       0,158540,158540,0,                       0,158540
19942,158539,0,                       0,158541,158541,0,                       0,158539
19943,158540,0,                       0,158540,158540,0,                       0,158540
19944,158539,0,                       0,158541,158541,0,                       0,158539
19945,158538,0,                       0,158542,158542,0,                       0,158538
19946,158539,0,                       0,158541,158541,0,                       0,158539
19947,158540,0,                       0,158540,158540,0,                       0,158540
19948,158539,0,                       0,158541,158541,0,                       0,158539
19949,158540,0,                       0,158540,158540,0,                       0,158540
19950,158539,0,                       0,158541,158541,0,                       0,158539
19951,158538,0,                       0,158542,158542,0,                       0,158538
19952,158539,0,                       0,158541,158541,0,                       0,158539
19953,158538,0,                       0,158542,158542,0,                       0,158538
19954,158539,0,                       0,158541,158541,0,                       0,158539
19955,158540,0,                       0,158540,158540,0,                       0,158540
19956,158539,0,                       0,158541,158541,0,                       0,158539
19957,158538,0,                       0,158542,158542,0,                       0,158538
19958,158539,0,                       0,158541,158541,0,                       0,158539
19959,158540,0,                       0,158540,158540,0,                       0,158540
19960,158539,0,                       0,158541,158541,0,                       0,158539
19961,158540,0,                       0,158540,158540,0,                       0,158540
19962,158539,0,                       0,158541,158541,0,                       0,158539
19963,158540,0,                       0,158540,158540,0,                       0,158540
19964,158541,0,                       0,158539,158539,0,                       0,158541
19965,158540,0,                       0,158540,158540,0,                       0,158540
19966,158539,0,                       0,158541,158541,0,                       0,158539
19967,158540,0,                       0,158540,158540,0,                       0,158540
19968,158541,0,                       0,158539,158539,0,                       0,158541
19969,158542,0,                       0,158538,158538,0,                       0,158542
19970,158541,0,                       0,158539,158539,0,                       0,158541
19971,158540,0,                       0,158540,158540,0,                       0,158540
19972,158541,0,                       0,158539,158539,0,                       0,158541
19973,158542,0,                       0,158538,158538,0,                       0,158542
19974,158541,0,                       0,158539,158539,0,                       0,158541
19975,158540,0,                       0,158540,158540,0,                       0,158540
19976,158541,0,                       0,158539,158539,0,                       0,158541
19977,158542,0,                       0,158538,158538,0,                       0,158542
19978,158541,0,                       0,158539,158539,0,                       0,158541
19979,158540,0,                       0,158540,158540,0,                       0,158540
19980,158539,0,                       0,158541,158541,0,                       0,158539
19981,158540,0,                       0,158540,158540,0,                       0,158540
19982,158541,0,                       0,158539,158539,0,                       0,158541
19983,158540,0,                       0,158540,158540,0,                       0,158540
19984,158541,0,                       0,158539,158539,0,                       0,158541
19985,158542,0,                       0,158538,158538,0,                       0,158542
19986,158541,0,                       0,158539,158539,0,                       0,158541
19987,158540,0,                       0,158540,158540,0,                       0,158540
19988,158539,0,                       0,158541,158541,0,                       0,158539
19989,158540,0,                       0,158540,158540,0,                       0,158540
19990,158541,0,                       0,158539,158539,0,                       0,158541
19991,158542,0,                       0,158538,158538,0,                       0,158542
19992,158541,0,                       0,158539,158539,0,                       0,158541
19993,158540,0,                       0,158540,158540,0,                       0,158540
19994,158541,0,                       0,158539,158539,0,                       0,158541
19995,158540,0,                       0,158540,158540,0,                       0,158540
19996,158539,0,                       0,158541,158541,0,                       0,158539
19997,158538,0,                       0,158542,158542,0,                       0,158538
19998,158539,0,                       0,158541,158541,0,                       0,158539
19999,158540,0,                       0,158540,158540,0,                       0,158540
20000,158539,0,                       0,158541,158541,0,                       0,158539
20001,158538,0,                       0,158542,158542,0,                       0,158538
20002,158539,0,                       0,158541,158541,0,                       0,158539
20003,158538,0,                       0,158542,158542,0,                       0,158538
20004,158539,0,                       0,158541,158541,0,                       0,158539
20005,158540,0,                       0,158540,158540,0,                       0,158540
20006,158539,0,                       0,158541,158541,0,                       0,158539
20007,158540,0,                       0,158540,158540,0,                       0,158540
20008,158541,0,                       0,158539,158539,0,                       0,158541
20009,158540,0,                       0,158540,158540,0,                       0,158540
20010,158539,0,                       0,158541,158541,0,                       0,158539
20011,158538,0,                       0,158542,158542,0,                       0,158538
20012,158539,0,                       0,158541,158541,0,                       0,158539
20013,158538,0,                       0,158542,158542,0,                       0,158538
20014,158539,0,                       0,158541,158541,0,                       0,158539
20015,158540,0,                       0,158540,158540,0,                       0,158540
20016,158541,0,                       0,158539,158539,0,                       0,158541
20017,158542,0,                       0,158538,158538,0,                       0,158542
20018,158541,0,                       0,158539,158539,0,                       0,158541
20019,158542,0,                       0,158538,158538,0,                       0,158542
20020,158543,0,                       0,158537,158537,0,                       0,158543
20021,158542,0,                       0,158538,158538,0,                       0,158542
20022,158541,0,                       0,158539,158539,0,                       0,158541
20023,158540,0,                       0,158540,158540,0,                       0,158540
20024,158539,0,                       0,158541,158541,0,                       0,158539
20025,158540,0,                       0,158540,158540,0,                       0,158540
20026,158539,0,                       0,158541,158541,0,                       0,158539
20027,158540,0,                       0,158540,158540,0,                       0,158540
20028,158539,0,                       0,158541,158541,0,                       0,158539
20029,158540,0,                       0,158540,158540,0,                       0,158540
20030,158541,0,                       0,158539,158539,0,                       0,158541
20031,158540,0,                       0,158540,158540,0,                       0,158540
20032,158541,0,                       0,158539,158539,0,                       0,158541
20033,158542,0,                       0,158538,158538,0,                       0,158542
20034,158541,0,                       0,158539,158539,0,                       0,158541
20035,158540,0,                       0,158540,158540,0,                       0,158540
20036,158541,0,                       0,158539,158539,0,                       0,158541
20037,158540,0,                       0,158540,158540,0,                       0,158540
20038,158541,0,                       0,158539,158539,0,                       0,158541
20039,158540,0,                       0,158540,158540,0,                       0,158540
20040,158541,0,                       0,158539,158539,0,                       0,158541
20041,158540,0,                       0,158540,158540,0,                       0,158540
20042,158541,0,                       0,158539,158539,0,                       0,158541
20043,158540,0,                       0,158540,158540,0,                       0,158540
20044,158541,0,                       0,158539,158539,0,                       0,158541
20045,158542,0,                       0,158538,158538,0,                       0,158542
20046,158541,0,                       0,158539,158539,0,                       0,158541
20047,158542,0,                       0,158538,158538,0,                       0,158542
20048,158541,0,                       0,158539,158539,0,                       0,158541
20049,158540,0,                       0,158540,158540,0,                       0,158540
20050,158541,0,                       0,158539,158539,0,                       0,158541
20051,158542,0,                       0,158538,158538,0,                       0,158542
20052,158541,0,                       0,158539,158539,0,                       0,158541
20053,158540,0,                       0,158540,158540,0,                       0,158540
20054,158539,0,                       0,158541,158541,0,                       0,158539
20055,158540,0,                       0,158540,158540,0,                       0,158540
20056,158541,0,                       0,158539,158539,0,                       0,158541
20057,158540,0,                       0,158540,158540,0,                       0,158540
20058,158539,0,                       0,158541,158541,0,                       0,158539
20059,158540,0,                       0,158540,158540,0,                       0,158540
20060,158541,0,                       0,158539,158539,0,                       0,158541
20061,158540,0,                       0,158540,158540,0,                       0,158540
20062,158541,0,                       0,158539,158539,0,                       0,158541
20063,158542,0,                       0,158538,158538,0,                       0,158542
20064,158543,0,                       0,158537,158537,0,                       0,158543
20065,158544,0,                       0,158536,158536,0,                       0,158544
20066,158543,0,                       0,158537,158537,0,                       0,158543
20067,158542,0,                       0,158538,158538,0,                       0,158542
20068,158541,0,                       0,158539,158539,0,                       0,158541
20069,158540,0,                       0,158540,158540,0,                       0,158540
20070,158539,0,                       0,158541,158541,0,                       0,158539
20071,158540,0,                       0,158540,158540,0,                       0,158540
20072,158539,0,                       0,158541,158541,0,                       0,158539
20073,158540,0,                       0,158540,158540,0,                       0,158540
20074,158539,0,                       0,158541,158541,0,                       0,158539
20075,158540,0,                       0,158540,158540,0,                       0,158540
20076,158541,0,                       0,158539,158539,0,                       0,158541
20077,158540,0,                       0,158540,158540,0,                       0,158540
20078,158541,0,                       0,158539,158539,0,                       0,158541
20079,158542,0,                       0,158538,158538,0,                       0,158542
20080,158543,0,                       0,158537,158537,0,                       0,158543
20081,158542,0,                       0,158538,158538,0,                       0,158542
20082,158541,0,                       0,158539,158539,0,                       0,158541
20083,158542,0,                       0,158538,158538,0,                       0,158542
20084,158541,0,                       0,158539,158539,0,                       0,158541
20085,158540,0,                       0,158540,158540,0,                       0,158540
20086,158541,0,                       0,158539,158539,0,                       0,158541
20087,158540,0,                       0,158540,158540,0,                       0,158540
20088,158541,0,                       0,158539,158539,0,                       0,158541
20089,158540,0,                       0,158540,158540,0,                       0,158540
20090,158539,0,                       0,158541,158541,0,                       0,158539
20091,158540,0,                       0,158540,158540,0,                       0,158540
20092,158541,0,                       0,158539,158539,0,                       0,158541
20093,158540,0,                       0,158540,158540,0,                       0,158540
20094,158541,0,                       0,158539,158539,0,                       0,158541
20095,158540,0,                       0,158540,158540,0,                       0,158540
20096,158541,0,                       0,158539,158539,0,                       0,158541
20097,158540,0,                       0,158540,158540,0,                       0,158540
20098,158539,0,                       0,158541,158541,0,                       0,158539
20099,158538,0,                       0,158542,158542,0,                       0,158538
20100,158539,0,                       0,158541,158541,0,                       0,158539
20101,158540,0,                       0,158540,158540,0,                       0,158540
20102,158541,0,                       0,158539,158539,0,                       0,158541
20103,158542,0,                       0,158538,158538,0,                       0,158542
20104,158541,0,                       0,158539,158539,0,                       0,158541
20105,158542,0,                       0,158538,158538,0,                       0,158542
20106,158543,0,                       0,158537,158537,0,                       0,158543
20107,158542,0,                       0,158538,158538,0,                       0,158542
20108,158543,0,                       0,158537,158537,0,                       0,158543
20109,158544,0,                       0,158536,158536,0,                       0,158544
20110,158543,0,                       0,158537,158537,0,                       0,158543
20111,158542,0,                       0,158538,158538,0,                       0,158542
20112,158541,0,                       0,158539,158539,0,                       0,158541
20113,158542,0,                       0,158538,158538,0,                       0,158542
20114,158541,0,                       0,158539,158539,0,                       0,158541
20115,158540,0,                       0,158540,158540,0,                       0,158540
20116,158541,0,                       0,158539,158539,0,                       0,158541
20117,158542,0,                       0,158538,158538,0,                       0,158542
20118,158541,0,                       0,158539,158539,0,                       0,158541
20119,158540,0,                       0,158540,158540,0,                       0,158540
20120,158541,0,                       0,158539,158539,0,                       0,158541
20121,158542,0,                       0,158538,158538,0,                       0,158542
20122,158541,0,                       0,158539,158539,0,                       0,158541
20123,158542,0,                       0,158538,158538,0,                       0,158542
20124,158543,0,                       0,158537,158537,0,                       0,158543
20125,158544,0,                       0,158536,158536,0,                       0,158544
20126,158543,0,                       0,158537,158537,0,                       0,158543
20127,158542,0,                       0,158538,158538,0,                       0,158542
20128,158541,0,                       0,158539,158539,0,                       0,158541
20129,158540,0,                       0,158540,158540,0,                       0,158540
20130,158539,0,                       0,158541,158541,0,                       0,158539
20131,158540,0,                       0,158540,158540,0,                       0,158540
20132,158541,0,                       0,158539,158539,0,                       0,158541
20133,158542,0,                       0,158538,158538,0,                       0,158542
20134,158541,0,                       0,158539,158539,0,                       0,158541
20135,158540,0,                       0,158540,158540,0,                       0,158540
20136,158541,0,                       0,158539,158539,0,                       0,158541
20137,158540,0,                       0,158540,158540,0,                       0,158540
20138,158539,0,                       0,158541,158541,0,                       0,158539
20139,158538,0,                       0,158542,158542,0,                       0,158538
20140,158539,0,                       0,158541,158541,0,                       0,158539
20141,158540,0,                       0,158540,158540,0,                       0,158540
20142,158539,0,                       0,158541,158541,0,                       0,158539
20143,158540,0,                       0,158540,158540,0,                       0,158540
20144,158541,0,                       0,158539,158539,0,                       0,158541
20145,158542,0,                       0,158538,158538,0,                       0,158542
20146,158543,0,                       0,158537,158537,0,                       0,158543
20147,158544,0,                       0,158536,158536,0,                       0,158544
20148,158545,0,                       0,158535,158535,0,                       0,158545
20149,158544,0,                       0,158536,158536,0,                       0,158544
20150,158543,0,                       0,158537,158537,0,                       0,158543
20151,158542,0,                       0,158538,158538,0,                       0,158542
20152,158541,0,                       0,158539,158539,0,                       0,158541
20153,158540,0,                       0,158540,158540,0,                       0,158540
20154,158541,0,                       0,158539,158539,0,                       0,158541
20155,158540,0,                       0,158540,158540,0,                       0,158540
20156,158541,0,                       0,158539,158539,0,                       0,158541
20157,158542,0,                       0,158538,158538,0,                       0,158542
20158,158543,0,                       0,158537,158537,0,                       0,158543
20159,158544,0,                       0,158536,158536,0,                       0,158544
20160,158545,0,                       0,158535,158535,0,                       0,158545
20161,158544,0,                       0,158536,158536,0,                       0,158544
20162,158545,0,                       0,158535,158535,0,                       0,158545
20163,158544,0,                       0,158536,158536,0,                       0,158544
20164,158543,0,                       0,158537,158537,0,                       0,158543
20165,158542,0,                       0,158538,158538,0,                       0,158542
20166,158541,0,                       0,158539,158539,0,                       0,158541
20167,158540,0,                       0,158540,158540,0,                       0,158540
20168,158539,0,                       0,158541,158541,0,                       0,158539
20169,158540,0,                       0,158540,158540,0,                       0,158540
20170,158539,0,                       0,158541,158541,0,                       0,158539
20171,158540,0,                       0,158540,158540,0,                       0,158540
20172,158541,0,                       0,158539,158539,0,                       0,158541
20173,158542,0,                       0,158538,158538,0,                       0,158542
20174,158541,0,                       0,158539,158539,0,                       0,158541
20175,158540,0,                       0,158540,158540,0,                       0,158540
20176,158541,0,                       0,158539,158539,0,                       0,158541
20177,158540,0,                       0,158540,158540,0,                       0,158540
20178,158539,0,                       0,158541,158541,0,                       0,158539
20179,158538,0,                       0,158542,158542,0,                       0,158538
20180,158539,0,                       0,158541,158541,0,                       0,158539
20181,158540,0,                       0,158540,158540,0,                       0,158540
20182,158539,0,                       0,158541,158541,0,                       0,158539
20183,158540,0,                       0,158540,158540,0,                       0,158540
20184,158539,0,                       0,158541,158541,0,                       0,158539
20185,158538,0,                       0,158542,158542,0,                       0,158538
20186,158539,0,                       0,158541,158541,0,                       0,158539
20187,158540,0,                       0,158540,158540,0,                       0,158540
20188,158541,0,                       0,158539,158539,0,                       0,158541
20189,158540,0,                       0,158540,158540,0,                       0,158540
20190,158541,0,                       0,158539,158539,0,                       0,158541
20191,158540,0,                       0,158540,158540,0,                       0,158540
20192,158539,0,                       0,158541,158541,0,                       0,158539
20193,158540,0,                       0,158540,158540,0,                       0,158540
20194,158541,0,                       0,158539,158539,0,                       0,158541
20195,158542,0,                       0,158538,158538,0,                       0,158542
20196,158541,0,                       0,158539,158539,0,                       0,158541
20197,158542,0,                       0,158538,158538,0,                       0,158542
20198,158541,0,                       0,158539,158539,0,                       0,158541
20199,158540,0,                       0,158540,158540,0,                       0,158540
20200,158541,0,                       0,158539,158539,0,                       0,158541
20201,158540,0,                       0,158540,158540,0,                       0,158540
20202,158539,0,                       0,158541,158541,0,                       0,158539
20203,158540,0,                       0,158540,158540,0,                       0,158540
20204,158541,0,                       0,158539,158539,0,                       0,158541
20205,158542,0,                       0,158538,158538,0,                       0,158542
20206,158543,0,                       0,158537,158537,0,                       0,158543
20207,158544,0,                       0,158536,158536,0,                       0,158544
20208,158543,0,                       0,158537,158537,0,                       0,158543
20209,158542,0,                       0,158538,158538,0,                       0,158542
20210,158541,0,                       0,158539,158539,0,                       0,158541
20211,158542,0,                       0,158538,158538,0,                       0,158542
20212,158541,0,                       0,158539,158539,0,                       0,158541
20213,158540,0,                       0,158540,158540,0,                       0,158540
20214,158541,0,                       0,158539,158539,0,                       0,158541
20215,158540,0,                       0,158540,158540,0,                       0,158540
20216,158539,0,                       0,158541,158541,0,                       0,158539
20217,158540,0,                       0,158540,158540,0,                       0,158540
20218,158539,0,                       0,158541,158541,0,                       0,158539
20219,158540,0,                       0,158540,158540,0,                       0,158540
20220,158541,0,                       0,158539,158539,0,                       0,158541
20221,158540,0,                       0,158540,158540,0,                       0,158540
20222,158541,0,                       0,158539,158539,0,                       0,158541
20223,158540,0,                       0,158540,158540,0,                       0,158540
20224,158539,0,                       0,158541,158541,0,                       0,158539
20225,158538,0,                       0,158542,158542,0,                       0,158538
20226,158537,0,                       0,158543,158543,0,                       0,158537
20227,158538,0,                       0,158542,158542,0,                       0,158538
20228,158539,0,                       0,158541,158541,0,                       0,158539
20229,158540,0,                       0,158540,158540,0,                       0,158540
20230,158539,0,                       0,158541,158541,0,                       0,158539
20231,158538,0,                       0,158542,158542,0,                       0,158538
20232,158537,0,                       0,158543,158543,0,                       0,158537
20233,158538,0,                       0,158542,158542,0,                       0,158538
20234,158539,0,                       0,158541,158541,0,                       0,158539
20235,158540,0,                       0,158540,158540,0,                       0,158540
20236,158539,0,                       0,158541,158541,0,                       0,158539
20237,158540,0,                       0,158540,158540,0,                       0,158540
20238,158539,0,                       0,158541,158541,0,                       0,158539
20239,158540,0,                       0,158540,158540,0,                       0,158540
20240,158541,0,                       0,158539,158539,0,                       0,158541
20241,158540,0,                       0,158540,158540,0,                       0,158540
20242,158541,0,                       0,158539,158539,0,                       0,158541
20243,158540,0,                       0,158540,158540,0,                       0,158540
20244,158539,0,                       0,158541,158541,0,                       0,158539
20245,158540,0,                       0,158540,158540,0,                       0,158540
20246,158539,0,                       0,158541,158541,0,                       0,158539
20247,158540,0,                       0,158540,158540,0,                       0,158540
20248,158541,0,                       0,158539,158539,0,                       0,158541
20249,158540,0,                       0,158540,158540,0,                       0,158540
20250,158541,0,                       0,158539,158539,0,                       0,158541
20251,158540,0,                       0,158540,158540,0,                       0,158540
20252,158539,0,                       0,158541,158541,0,                       0,158539
20253,158540,0,                       0,158540,158540,0,                       0,158540
20254,158541,0,                       0,158539,158539,0,                       0,158541
20255,158542,0,                       0,158538,158538,0,                       0,158542
20256,158541,0,                       0,158539,158539,0,                       0,158541
20257,158540,0,                       0,158540,158540,0,                       0,158540
20258,158539,0,                       0,158541,158541,0,                       0,158539
20259,158540,0,                       0,158540,158540,0,                       0,158540
20260,158541,0,                       0,158539,158539,0,                       0,158541
20261,158540,0,                       0,158540,158540,0,                       0,158540
20262,158541,0,                       0,158539,158539,0,                       0,158541
20263,158542,0,                       0,158538,158538,0,                       0,158542
20264,158541,0,                       0,158539,158539,0,                       0,158541
20265,158542,0,                       0,158538,158538,0,                       0,158542
20266,158541,0,                       0,158539,158539,0,                       0,158541
20267,158540,0,                       0,158540,158540,0,                       0,158540
20268,158539,0,                       0,158541,158541,0,                       0,158539
20269,158540,0,                       0,158540,158540,0,                       0,158540
20270,158541,0,                       0,158539,158539,0,                       0,158541
20271,158542,0,                       0,158538,158538,0,                       0,158542
20272,158543,0,                       0,158537,158537,0,                       0,158543
20273,158542,0,                       0,158538,158538,0,                       0,158542
20274,158541,0,                       0,158539,158539,0,                       0,158541
20275,158540,0,                       0,158540,158540,0,                       0,158540
20276,158539,0,                       0,158541,158541,0,                       0,158539
20277,158540,0,                       0,158540,158540,0,                       0,158540
20278,158539,0,                       0,158541,158541,0,                       0,158539
20279,158540,0,                       0,158540,158540,0,                       0,158540
20280,158539,0,                       0,158541,158541,0,                       0,158539
20281,158540,0,                       0,158540,158540,0,                       0,158540
20282,158541,0,                       0,158539,158539,0,                       0,158541
20283,158540,0,                       0,158540,158540,0,                       0,158540
20284,158541,0,                       0,158539,158539,0,                       0,158541
20285,158540,0,                       0,158540,158540,0,                       0,158540
20286,158539,0,                       0,158541,158541,0,                       0,158539
20287,158538,0,                       0,158542,158542,0,                       0,158538
20288,158537,0,                       0,158543,158543,0,                       0,158537
20289,158538,0,                       0,158542,158542,0,                       0,158538
20290,158539,0,                       0,158541,158541,0,                       0,158539
20291,158540,0,                       0,158540,158540,0,                       0,158540
20292,158541,0,                       0,158539,158539,0,                       0,158541
20293,158540,0,                       0,158540,158540,0,                       0,158540
20294,158541,0,                       0,158539,158539,0,                       0,158541
20295,158542,0,                       0,158538,158538,0,                       0,158542
20296,158541,0,                       0,158539,158539,0,                       0,158541
20297,158540,0,                       0,158540,158540,0,                       0,158540
20298,158541,0,                       0,158539,158539,0,                       0,158541
20299,158540,0,                       0,158540,158540,0,                       0,158540
20300,158539,0,                       0,158541,158541,0,                       0,158539
20301,158538,0,                       0,158542,158542,0,                       0,158538
20302,158539,0,                       0,158541,158541,0,                       0,158539
20303,158538,0,                       0,158542,158542,0,                       0,158538
20304,158539,0,                       0,158541,158541,0,                       0,158539
20305,158538,0,                       0,158542,158542,0,                       0,158538
20306,158539,0,                       0,158541,158541,0,                       0,158539
20307,158540,0,                       0,158540,158540,0,                       0,158540
20308,158539,0,                       0,158541,158541,0,                       0,158539
20309,158538,0,                       0,158542,158542,0,                       0,158538
20310,158539,0,                       0,158541,158541,0,                       0,158539
20311,158540,0,                       0,158540,158540,0,                       0,158540
20312,158541,0,                       0,158539,158539,0,                       0,158541
20313,158540,0,                       0,158540,158540,0,                       0,158540
20314,158541,0,                       0,158539,158539,0,                       0,158541
20315,158540,0,                       0,158540,158540,0,                       0,158540
20316,158539,0,                       0,158541,158541,0,                       0,158539
20317,158540,0,                       0,158540,158540,0,                       0,158540
20318,158541,0,                       0,158539,158539,0,                       0,158541
20319,158542,0,                       0,158538,158538,0,                       0,158542
20320,158541,0,                       0,158539,158539,0,                       0,158541
20321,158542,0,                       0,158538,158538,0,                       0,158542
20322,158541,0,                       0,158539,158539,0,                       0,158541
20323,158540,0,                       0,158540,158540,0,                       0,158540
20324,158541,0,                       0,158539,158539,0,                       0,158541
20325,158540,0,                       0,158540,158540,0,                       0,158540
20326,158541,0,                       0,158539,158539,0,                       0,158541
20327,158540,0,                       0,158540,158540,0,                       0,158540
20328,158539,0,                       0,158541,158541,0,                       0,158539
20329,158540,0,                       0,158540,158540,0,                       0,158540
20330,158539,0,                       0,158541,158541,0,                       0,158539
20331,158538,0,                       0,158542,158542,0,                       0,158538
20332,158539,0,                       0,158541,158541,0,                       0,158539
20333,158540,0,                       0,158540,158540,0,                       0,158540
20334,158541,0,                       0,158539,158539,0,                       0,158541
20335,158540,0,                       0,158540,158540,0,                       0,158540
20336,158541,0,                       0,158539,158539,0,                       0,158541
20337,158542,0,                       0,158538,158538,0,                       0,158542
20338,158541,0,                       0,158539,158539,0,                       0,158541
20339,158542,0,                       0,158538,158538,0,                       0,158542
20340,158543,0,                       0,158537,158537,0,                       0,158543
20341,158542,0,                       0,158538,158538,0,                       0,158542
20342,158541,0,                       0,158539,158539,0,                       0,158541
20343,158542,0,                       0,158538,158538,0,                       0,158542
20344,158543,0,                       0,158537,158537,0,                       0,158543
20345,158542,0,                       0,158538,158538,0,                       0,158542
20346,158541,0,                       0,158539,158539,0,                       0,158541
20347,158540,0,                       0,158540,158540,0,                       0,158540
20348,158539,0,                       0,158541,158541,0,                       0,158539
20349,158540,0,                       0,158540,158540,0,                       0,158540
20350,158541,0,                       0,158539,158539,0,                       0,158541
20351,158540,0,                       0,158540,158540,0,                       0,158540
20352,158539,0,                       0,158541,158541,0,                       0,158539
20353,158540,0,                       0,158540,158540,0,                       0,158540
20354,158539,0,                       0,158541,158541,0,                       0,158539
20355,158540,0,                       0,158540,158540,0,                       0,158540
20356,158541,0,                       0,158539,158539,0,                       0,158541
20357,158540,0,                       0,158540,158540,0,                       0,158540
20358,158539,0,                       0,158541,158541,0,                       0,158539
20359,158538,0,                       0,158542,158542,0,                       0,158538
20360,158537,0,                       0,158543,158543,0,                       0,158537
20361,158538,0,                       0,158542,158542,0,                       0,158538
20362,158539,0,                       0,158541,158541,0,                       0,158539
20363,158538,0,                       0,158542,158542,0,                       0,158538
20364,158539,0,                       0,158541,158541,0,                       0,158539
20365,158538,0,                       0,158542,158542,0,                       0,158538
20366,158537,0,                       0,158543,158543,0,                       0,158537
20367,158536,0,                       0,158544,158544,0,                       0,158536
20368,158537,0,                       0,158543,158543,0,                       0,158537
20369,158538,0,                       0,158542,158542,0,                       0,158538
20370,158537,0,                       0,158543,158543,0,                       0,158537
20371,158538,0,                       0,158542,158542,0,                       0,158538
20372,158539,0,                       0,158541,158541,0,                       0,158539
20373,158540,0,                       0,158540,158540,0,                       0,158540
20374,158541,0,                       0,158539,158539,0,                       0,158541
20375,158540,0,                       0,158540,158540,0,                       0,158540
20376,158539,0,                       0,158541,158541,0,                       0,158539
20377,158538,0,                       0,158542,158542,0,                       0,158538
20378,158539,0,                       0,158541,158541,0,                       0,158539
20379,158538,0,                       0,158542,158542,0,                       0,158538
20380,158539,0,                       0,158541,158541,0,                       0,158539
20381,158538,0,                       0,158542,158542,0,                       0,158538
20382,158539,0,                       0,158541,158541,0,                       0,158539
20383,158538,0,                       0,158542,158542,0,                       0,158538
20384,158537,0,                       0,158543,158543,0,                       0,158537
20385,158538,0,                       0,158542,158542,0,                       0,158538
20386,158537,0,                       0,158543,158543,0,                       0,158537
20387,158538,0,                       0,158542,158542,0,                       0,158538
20388,158539,0,                       0,158541,158541,0,                       0,158539
20389,158540,0,                       0,158540,158540,0,                       0,158540
20390,158541,0,                       0,158539,158539,0,                       0,158541
20391,158540,0,                       0,158540,158540,0,                       0,158540
20392,158539,0,                       0,158541,158541,0,                       0,158539
20393,158540,0,                       0,158540,158540,0,                       0,158540
20394,158541,0,                       0,158539,158539,0,                       0,158541
20395,158540,0,                       0,158540,158540,0,                       0,158540
20396,158539,0,                       0,158541,158541,0,                       0,158539
20397,158538,0,                       0,158542,158542,0,                       0,158538
20398,158539,0,                       0,158541,158541,0,                       0,158539
20399,158540,0,                       0,158540,158540,0,                       0,158540
20400,158541,0,                       0,158539,158539,0,                       0,158541
20401,158540,0,                       0,158540,158540,0,                       0,158540
20402,158539,0,                       0,158541,158541,0,                       0,158539
20403,158540,0,                       0,158540,158540,0,                       0,158540
20404,158541,0,                       0,158539,158539,0,                       0,158541
20405,158540,0,                       0,158540,158540,0,                       0,158540
20406,158541,0,                       0,158539,158539,0,                       0,158541
20407,158542,0,                       0,158538,158538,0,                       0,158542
20408,158543,0,                       0,158537,158537,0,                       0,158543
20409,158542,0,                       0,158538,158538,0,                       0,158542
20410,158541,0,                       0,158539,158539,0,                       0,158541
20411,158540,0,                       0,158540,158540,0,                       0,158540
20412,158541,0,                       0,158539,158539,0,                       0,158541
20413,158540,0,                       0,158540,158540,0,                       0,158540
20414,158539,0,                       0,158541,158541,0,                       0,158539
20415,158540,0,                       0,158540,158540,0,                       0,158540
20416,158541,0,                       0,158539,158539,0,                       0,158541
20417,158540,0,                       0,158540,158540,0,                       0,158540
20418,158541,0,                       0,158539,158539,0,                       0,158541
20419,158540,0,                       0,158540,158540,0,                       0,158540
20420,158539,0,                       0,158541,158541,0,                       0,158539
20421,158540,0,                       0,158540,158540,0,                       0,158540
20422,158541,0,                       0,158539,158539,0,                       0,158541
20423,158540,0,                       0,158540,158540,0,                       0,158540
20424,158539,0,                       0,158541,158541,0,                       0,158539
20425,158540,0,                       0,158540,158540,0,                       0,158540
20426,158539,0,                       0,158541,158541,0,                       0,158539
20427,158540,0,                       0,158540,158540,0,                       0,158540
20428,158539,0,                       0,158541,158541,0,                       0,158539
20429,158540,0,                       0,158540,158540,0,                       0,158540
20430,158539,0,                       0,158541,158541,0,                       0,158539
20431,158538,0,                       0,158542,158542,0,                       0,158538
20432,158539,0,                       0,158541,158541,0,                       0,158539
20433,158540,0,                       0,158540,158540,0,                       0,158540
20434,158541,0,                       0,158539,158539,0,                       0,158541
20435,158542,0,                       0,158538,158538,0,                       0,158542
20436,158541,0,                       0,158539,158539,0,                       0,158541
20437,158542,0,                       0,158538,158538,0,                       0,158542
20438,158541,0,                       0,158539,158539,0,                       0,158541
20439,158540,0,                       0,158540,158540,0,                       0,158540
20440,158539,0,                       0,158541,158541,0,                       0,158539
20441,158540,0,                       0,158540,158540,0,                       0,158540
20442,158539,0,                       0,158541,158541,0,                       0,158539
20443,158538,0,                       0,158542,158542,0,                       0,158538
20444,158539,0,                       0,158541,158541,0,                       0,158539
20445,158540,0,                       0,158540,158540,0,                       0,158540
20446,158541,0,                       0,158539,158539,0,                       0,158541
20447,158542,0,                       0,158538,158538,0,                       0,158542
20448,158541,0,                       0,158539,158539,0,                       0,158541
20449,158542,0,                       0,158538,158538,0,                       0,158542
20450,158541,0,                       0,158539,158539,0,                       0,158541
20451,158540,0,                       0,158540,158540,0,                       0,158540
20452,158539,0,                       0,158541,158541,0,                       0,158539
20453,158540,0,                       0,158540,158540,0,                       0,158540
20454,158541,0,                       0,158539,158539,0,                       0,158541
20455,158540,0,                       0,158540,158540,0,                       0,158540
20456,158539,0,                       0,158541,158541,0,                       0,158539
20457,158540,0,                       0,158540,158540,0,                       0,158540
20458,158539,0,                       0,158541,158541,0,                       0,158539
20459,158538,0,                       0,158542,158542,0,                       0,158538
20460,158539,0,                       0,158541,158541,0,                       0,158539
20461,158540,0,                       0,158540,158540,0,                       0,158540
20462,158541,0,                       0,158539,158539,0,                       0,158541
20463,158542,0,                       0,158538,158538,0,                       0,158542
20464,158541,0,                       0,158539,158539,0,                       0,158541
20465,158540,0,                       0,158540,158540,0,                       0,158540
20466,158539,0,                       0,158541,158541,0,                       0,158539
20467,158540,0,                       0,158540,158540,0,                       0,158540
20468,158541,0,                       0,158539,158539,0,                       0,158541
20469,158542,0,                       0,158538,158538,0,                       0,158542
20470,158543,0,                       0,158537,158537,0,                       0,158543
20471,158542,0,                       0,158538,158538,0,                       0,158542
20472,158541,0,                       0,158539,158539,0,                       0,158541
20473,158540,0,                       0,158540,158540,0,                       0,158540
20474,158539,0,                       0,158541,158541,0,                       0,158539
20475,158538,0,                       0,158542,158542,0,                       0,158538
20476,158539,0,                       0,158541,158541,0,                       0,158539
20477,158538,0,                       0,158542,158542,0,                       0,158538
20478,158539,0,                       0,158541,158541,0,                       0,158539
20479,158540,0,                       0,158540,158540,0,                       0,158540
20480,158541,0,                       0,158539,158539,0,                       0,158541
20481,158540,0,                       0,158540,158540,0,                       0,158540
20482,158539,0,                       0,158541,158541,0,                       0,158539
20483,158538,0,                       0,158542,158542,0,                       0,158538
20484,158539,0,                       0,158541,158541,0,                       0,158539
20485,158538,0,                       0,158542,158542,0,                       0,158538
20486,158537,0,                       0,158543,158543,0,                       0,158537
20487,158536,0,                       0,158544,158544,0,                       0,158536
20488,158535,0,                       0,158545,158545,0,                       0,158535
20489,158536,0,                       0,158544,158544,0,                       0,158536
20490,158537,0,                       0,158543,158543,0,                       0,158537
20491,158538,0,                       0,158542,158542,0,                       0,158538
20492,158539,0,                       0,158541,158541,0,                       0,158539
20493,158538,0,                       0,158542,158542,0,                       0,158538
20494,158539,0,                       0,158541,158541,0,                       0,158539
20495,158540,0,                       0,158540,158540,0,                       0,158540
20496,158541,0,                       0,158539,158539,0,                       0,158541
20497,158542,0,                       0,158538,158538,0,                       0,158542
20498,158541,0,                       0,158539,158539,0,                       0,158541
20499,158540,0,                       0,158540,158540,0,                       0,158540
20500,158541,0,                       0,158539,158539,0,                       0,158541
20501,158542,0,                       0,158538,158538,0,                       0,158542
20502,158541,0,                       0,158539,158539,0,                       0,158541
20503,158540,0,                       0,158540,158540,0,                       0,158540
20504,158541,0,                       0,158539,158539,0,                       0,158541
20505,158540,0,                       0,158540,158540,0,                       0,158540
20506,158541,0,                       0,158539,158539,0,                       0,158541
20507,158540,0,                       0,158540,158540,0,                       0,158540
20508,158541,0,                       0,158539,158539,0,                       0,158541
20509,158540,0,                       0,158540,158540,0,                       0,158540
20510,158539,0,                       0,158541,158541,0,                       0,158539
20511,158540,0,                       0,158540,158540,0,                       0,158540
20512,158541,0,                       0,158539,158539,0,                       0,158541
20513,158540,0,                       0,158540,158540,0,                       0,158540
20514,158541,0,                       0,158539,158539,0,                       0,158541
20515,158540,0,                       0,158540,158540,0,                       0,158540
20516,158539,0,                       0,158541,158541,0,                       0,158539
20517,158540,0,                       0,158540,158540,0,                       0,158540
20518,158539,0,                       0,158541,158541,0,                       0,158539
20519,158538,0,                       0,158542,158542,0,                       0,158538
20520,158539,0,                       0,158541,158541,0,                       0,158539
20521,158538,0,                       0,158542,158542,0,                       0,158538
20522,158539,0,                       0,158541,158541,0,                       0,158539
20523,158540,0,                       0,158540,158540,0,                       0,158540
20524,158541,0,                       0,158539,158539,0,                       0,158541
20525,158540,0,                       0,158540,158540,0,                       0,158540
20526,158541,0,                       0,158539,158539,0,                       0,158541
20527,158542,0,                       0,158538,158538,0,                       0,158542
20528,158541,0,                       0,158539,158539,0,                       0,158541
20529,158540,0,                       0,158540,158540,0,                       0,158540
20530,158539,0,                       0,158541,158541,0,                       0,158539
20531,158540,0,                       0,158540,158540,0,                       0,158540
20532,158539,0,                       0,158541,158541,0,                       0,158539
20533,158540,0,                       0,158540,158540,0,                       0,158540
20534,158541,0,                       0,158539,158539,0,                       0,158541
20535,158542,0,                       0,158538,158538,0,                       0,158542
20536,158541,0,                       0,158539,158539,0,                       0,158541
20537,158540,0,                       0,158540,158540,0,                       0,158540
20538,158539,0,                       0,158541,158541,0,                       0,158539
20539,158540,0,                       0,158540,158540,0,                       0,158540
20540,158539,0,                       0,158541,158541,0,                       0,158539
20541,158540,0,                       0,158540,158540,0,                       0,158540
20542,158541,0,                       0,158539,158539,0,                       0,158541
20543,158542,0,                       0,158538,158538,0,                       0,158542
20544,158541,0,                       0,158539,158539,0,                       0,158541
20545,158540,0,                       0,158540,158540,0,                       0,158540
20546,158539,0,                       0,158541,158541,0,                       0,158539
20547,158540,0,                       0,158540,158540,0,                       0,158540
20548,158539,0,                       0,158541,158541,0,                       0,158539
20549,158540,0,                       0,158540,158540,0,                       0,158540
20550,158541,0,                       0,158539,158539,0,                       0,158541
20551,158540,0,                       0,158540,158540,0,                       0,158540
20552,158541,0,                       0,158539,158539,0,                       0,158541
20553,158542,0,                       0,158538,158538,0,                       0,158542
20554,158541,0,                       0,158539,158539,0,                       0,158541
20555,158540,0,                       0,158540,158540,0,                       0,158540
20556,158539,0,                       0,158541,158541,0,                       0,158539
20557,158540,0,                       0,158540,158540,0,                       0,158540
20558,158541,0,                       0,158539,158539,0,                       0,158541
20559,158540,0,                       0,158540,158540,0,                       0,158540
20560,158539,0,                       0,158541,158541,0,                       0,158539
20561,158538,0,                       0,158542,158542,0,                       0,158538
20562,158539,0,                       0,158541,158541,0,                       0,158539
20563,158540,0,                       0,158540,158540,0,                       0,158540
20564,158539,0,                       0,158541,158541,0,                       0,158539
20565,158540,0,                       0,158540,158540,0,                       0,158540
20566,158541,0,                       0,158539,158539,0,                       0,158541
20567,158540,0,                       0,158540,158540,0,                       0,158540
20568,158539,0,                       0,158541,158541,0,                       0,158539
20569,158540,0,                       0,158540,158540,0,                       0,158540
20570,158541,0,                       0,158539,158539,0,                       0,158541
20571,158540,0,                       0,158540,158540,0,                       0,158540
20572,158539,0,                       0,158541,158541,0,                       0,158539
20573,158538,0,                       0,158542,158542,0,                       0,158538
20574,158539,0,                       0,158541,158541,0,                       0,158539
20575,158540,0,                       0,158540,158540,0,                       0,158540
20576,158539,0,                       0,158541,158541,0,                       0,158539
20577,158540,0,                       0,158540,158540,0,                       0,158540
20578,158541,0,                       0,158539,158539,0,                       0,158541
20579,158542,0,                       0,158538,158538,0,                       0,158542
20580,158541,0,                       0,158539,158539,0,                       0,158541
20581,158540,0,                       0,158540,158540,0,                       0,158540
20582,158541,0,                       0,158539,158539,0,                       0,158541
20583,158540,0,                       0,158540,158540,0,                       0,158540
20584,158541,0,                       0,158539,158539,0,                       0,158541
20585,158540,0,                       0,158540,158540,0,                       0,158540
20586,158541,0,                       0,158539,158539,0,                       0,158541
20587,158542,0,                       0,158538,158538,0,                       0,158542
20588,158541,0,                       0,158539,158539,0,                       0,158541
20589,158540,0,                       0,158540,158540,0,                       0,158540
20590,158539,0,                       0,158541,158541,0,                       0,158539
20591,158538,0,                       0,158542,158542,0,                       0,158538
20592,158537,0,                       0,158543,158543,0,                       0,158537
20593,158538,0,                       0,158542,158542,0,                       0,158538
20594,158537,0,                       0,158543,158543,0,                       0,158537
20595,158538,0,                       0,158542,158542,0,                       0,158538
20596,158539,0,                       0,158541,158541,0,                       0,158539
20597,158540,0,                       0,158540,158540,0,                       0,158540
20598,158539,0,                       0,158541,158541,0,                       0,158539
20599,158540,0,                       0,158540,158540,0,                       0,158540
20600,158541,0,                       0,158539,158539,0,                       0,158541
20601,158542,0,                       0,158538,158538,0,                       0,158542
20602,158541,0,                       0,158539,158539,0,                       0,158541
20603,158540,0,                       0,158540,158540,0,                       0,158540
20604,158541,0,                       0,158539,158539,0,                       0,158541
20605,158540,0,                       0,158540,158540,0,                       0,158540
20606,158541,0,                       0,158539,158539,0,                       0,158541
20607,158542,0,                       0,158538,158538,0,                       0,158542
20608,158543,0,                       0,158537,158537,0,                       0,158543
20609,158542,0,                       0,158538,158538,0,                       0,158542
20610,158541,0,                       0,158539,158539,0,                       0,158541
20611,158542,0,                       0,158538,158538,0,                       0,158542
20612,158543,0,                       0,158537,158537,0,                       0,158543
20613,158542,0,                       0,158538,158538,0,                       0,158542
20614,158541,0,                       0,158539,158539,0,                       0,158541
20615,158540,0,                       0,158540,158540,0,                       0,158540
20616,158541,0,                       0,158539,158539,0,                       0,158541
20617,158542,0,                       0,158538,158538,0,                       0,158542
20618,158541,0,                       0,158539,158539,0,                       0,158541
20619,158540,0,                       0,158540,158540,0,                       0,158540
20620,158541,0,                       0,158539,158539,0,                       0,158541
20621,158542,0,                       0,158538,158538,0,                       0,158542
20622,158541,0,                       0,158539,158539,0,                       0,158541
20623,158540,0,                       0,158540,158540,0,                       0,158540
20624,158539,0,                       0,158541,158541,0,                       0,158539
20625,158540,0,                       0,158540,158540,0,                       0,158540
20626,158539,0,                       0,158541,158541,0,                       0,158539
20627,158540,0,                       0,158540,158540,0,                       0,158540
20628,158539,0,                       0,158541,158541,0,                       0,158539
20629,158540,0,                       0,158540,158540,0,                       0,158540
20630,158541,0,                       0,158539,158539,0,                       0,158541
20631,158540,0,                       0,158540,158540,0,                       0,158540
20632,158541,0,                       0,158539,158539,0,                       0,158541
20633,158542,0,                       0,158538,158538,0,                       0,158542
20634,158543,0,                       0,158537,158537,0,                       0,158543
20635,158542,0,                       0,158538,158538,0,                       0,158542
20636,158541,0,                       0,158539,158539,0,                       0,158541
20637,158542,0,                       0,158538,158538,0,                       0,158542
20638,158543,0,                       0,158537,158537,0,                       0,158543
20639,158542,0,                       0,158538,158538,0,                       0,158542
20640,158541,0,                       0,158539,158539,0,                       0,158541
20641,158540,0,                       0,158540,158540,0,                       0,158540
20642,158541,0,                       0,158539,158539,0,                       0,158541
20643,158540,0,                       0,158540,158540,0,                       0,158540
20644,158539,0,                       0,158541,158541,0,                       0,158539
20645,158538,0,                       0,158542,158542,0,                       0,158538
20646,158539,0,                       0,158541,158541,0,                       0,158539
20647,158538,0,                       0,158542,158542,0,                       0,158538
20648,158539,0,                       0,158541,158541,0,                       0,158539
20649,158538,0,                       0,158542,158542,0,                       0,158538
20650,158539,0,                       0,158541,158541,0,                       0,158539
20651,158540,0,                       0,158540,158540,0,                       0,158540
20652,158541,0,                       0,158539,158539,0,                       0,158541
20653,158540,0,                       0,158540,158540,0,                       0,158540
20654,158539,0,                       0,158541,158541,0,                       0,158539
20655,158540,0,                       0,158540,158540,0,                       0,158540
20656,158539,0,                       0,158541,158541,0,                       0,158539
20657,158540,0,                       0,158540,158540,0,                       0,158540
20658,158541,0,                       0,158539,158539,0,                       0,158541
20659,158540,0,                       0,158540,158540,0,                       0,158540
20660,158541,0,                       0,158539,158539,0,                       0,158541
20661,158542,0,                       0,158538,158538,0,                       0,158542
20662,158541,0,                       0,158539,158539,0,                       0,158541
20663,158540,0,                       0,158540,158540,0,                       0,158540
20664,158539,0,                       0,158541,158541,0,                       0,158539
20665,158538,0,                       0,158542,158542,0,                       0,158538
20666,158539,0,                       0,158541,158541,0,                       0,158539
20667,158538,0,                       0,158542,158542,0,                       0,158538
20668,158539,0,                       0,158541,158541,0,                       0,158539
20669,158538,0,                       0,158542,158542,0,                       0,158538
20670,158539,0,                       0,158541,158541,0,                       0,158539
20671,158540,0,                       0,158540,158540,0,                       0,158540
20672,158539,0,                       0,158541,158541,0,                       0,158539
20673,158538,0,                       0,158542,158542,0,                       0,158538
20674,158539,0,                       0,158541,158541,0,                       0,158539
20675,158540,0,                       0,158540,158540,0,                       0,158540
20676,158539,0,                       0,158541,158541,0,                       0,158539
20677,158538,0,                       0,158542,158542,0,                       0,158538
20678,158539,0,                       0,158541,158541,0,                       0,158539
20679,158540,0,                       0,158540,158540,0,                       0,158540
20680,158539,0,                       0,158541,158541,0,                       0,158539
20681,158540,0,                       0,158540,158540,0,                       0,158540
20682,158539,0,                       0,158541,158541,0,                       0,158539
20683,158540,0,                       0,158540,158540,0,                       0,158540
20684,158541,0,                       0,158539,158539,0,                       0,158541
20685,158540,0,                       0,158540,158540,0,                       0,158540
20686,158539,0,                       0,158541,158541,0,                       0,158539
20687,158538,0,                       0,158542,158542,0,                       0,158538
20688,158537,0,                       0,158543,158543,0,                       0,158537
20689,158538,0,                       0,158542,158542,0,                       0,158538
20690,158537,0,                       0,158543,158543,0,                       0,158537
20691,158538,0,                       0,158542,158542,0,                       0,158538
20692,158539,0,                       0,158541,158541,0,                       0,158539
20693,158540,0,                       0,158540,158540,0,                       0,158540
20694,158539,0,                       0,158541,158541,0,                       0,158539
20695,158540,0,                       0,158540,158540,0,                       0,158540
20696,158539,0,                       0,158541,158541,0,                       0,158539
20697,158538,0,                       0,158542,158542,0,                       0,158538
20698,158539,0,                       0,158541,158541,0,                       0,158539
20699,158540,0,                       0,158540,158540,0,                       0,158540
20700,158539,0,                       0,158541,158541,0,                       0,158539
20701,158540,0,                       0,158540,158540,0,                       0,158540
20702,158539,0,                       0,158541,158541,0,                       0,158539
20703,158538,0,                       0,158542,158542,0,                       0,158538
20704,158539,0,                       0,158541,158541,0,                       0,158539
20705,158538,0,                       0,158542,158542,0,                       0,158538
20706,158539,0,                       0,158541,158541,0,                       0,158539
20707,158538,0,                       0,158542,158542,0,                       0,158538
20708,158539,0,                       0,158541,158541,0,                       0,158539
20709,158538,0,                       0,158542,158542,0,                       0,158538
20710,158539,0,                       0,158541,158541,0,                       0,158539
20711,158538,0,                       0,158542,158542,0,                       0,158538
20712,158539,0,                       0,158541,158541,0,                       0,158539
20713,158538,0,                       0,158542,158542,0,                       0,158538
20714,158539,0,                       0,158541,158541,0,                       0,158539
20715,158540,0,                       0,158540,158540,0,                       0,158540
20716,158541,0,                       0,158539,158539,0,                       0,158541
20717,158542,0,                       0,158538,158538,0,                       0,158542
20718,158541,0,                       0,158539,158539,0,                       0,158541
20719,158540,0,                       0,158540,158540,0,                       0,158540
20720,158541,0,                       0,158539,158539,0,                       0,158541
20721,158540,0,                       0,158540,158540,0,                       0,158540
20722,158539,0,                       0,158541,158541,0,                       0,158539
20723,158540,0,                       0,158540,158540,0,                       0,158540
20724,158539,0,                       0,158541,158541,0,                       0,158539
20725,158540,0,                       0,158540,158540,0,                       0,158540
20726,158541,0,                       0,158539,158539,0,                       0,158541
20727,158542,0,                       0,158538,158538,0,                       0,158542
20728,158541,0,                       0,158539,158539,0,                       0,158541
20729,158540,0,                       0,158540,158540,0,                       0,158540
20730,158541,0,                       0,158539,158539,0,                       0,158541
20731,158542,0,                       0,158538,158538,0,                       0,158542
20732,158541,0,                       0,158539,158539,0,                       0,158541
20733,158542,0,                       0,158538,158538,0,                       0,158542
20734,158541,0,                       0,158539,158539,0,                       0,158541
20735,158540,0,                       0,158540,158540,0,                       0,158540
20736,158539,0,                       0,158541,158541,0,                       0,158539
20737,158540,0,                       0,158540,158540,0,                       0,158540
20738,158539,0,                       0,158541,158541,0,                       0,158539
20739,158540,0,                       0,158540,158540,0,                       0,158540
20740,158541,0,                       0,158539,158539,0,                       0,158541
20741,158540,0,                       0,158540,158540,0,                       0,158540
20742,158541,0,                       0,158539,158539,0,                       0,158541
20743,158542,0,                       0,158538,158538,0,                       0,158542
20744,158541,0,                       0,158539,158539,0,                       0,158541
20745,158542,0,                       0,158538,158538,0,                       0,158542
20746,158541,0,                       0,158539,158539,0,                       0,158541
20747,158542,0,                       0,158538,158538,0,                       0,158542
20748,158541,0,                       0,158539,158539,0,                       0,158541
20749,158540,0,                       0,158540,158540,0,                       0,158540
20750,158539,0,                       0,158541,158541,0,                       0,158539
20751,158540,0,                       0,158540,158540,0,                       0,158540
20752,158541,0,                       0,158539,158539,0,                       0,158541
20753,158540,0,                       0,158540,158540,0,                       0,158540
20754,158539,0,                       0,158541,158541,0,                       0,158539
20755,158540,0,                       0,158540,158540,0,                       0,158540
20756,158541,0,                       0,158539,158539,0,                       0,158541
20757,158542,0,                       0,158538,158538,0,                       0,158542
20758,158541,0,                       0,158539,158539,0,                       0,158541
20759,158540,0,                       0,158540,158540,0,                       0,158540
20760,158539,0,                       0,158541,158541,0,                       0,158539
20761,158540,0,                       0,158540,158540,0,                       0,158540
20762,158541,0,                       0,158539,158539,0,                       0,158541
20763,158540,0,                       0,158540,158540,0,                       0,158540
20764,158539,0,                       0,158541,158541,0,                       0,158539
20765,158540,0,                       0,158540,158540,0,                       0,158540
20766,158539,0,                       0,158541,158541,0,                       0,158539
20767,158538,0,                       0,158542,158542,0,                       0,158538
20768,158537,0,                       0,158543,158543,0,                       0,158537
20769,158538,0,                       0,158542,158542,0,                       0,158538
20770,158539,0,                       0,158541,158541,0,                       0,158539
20771,158540,0,                       0,158540,158540,0,                       0,158540
20772,158541,0,                       0,158539,158539,0,                       0,158541
20773,158540,0,                       0,158540,158540,0,                       0,158540
20774,158541,0,                       0,158539,158539,0,                       0,158541
20775,158540,0,                       0,158540,158540,0,                       0,158540
20776,158539,0,                       0,158541,158541,0,                       0,158539
20777,158540,0,                       0,158540,158540,0,                       0,158540
20778,158541,0,                       0,158539,158539,0,                       0,158541
20779,158540,0,                       0,158540,158540,0,                       0,158540
20780,158539,0,                       0,158541,158541,0,                       0,158539
20781,158538,0,                       0,158542,158542,0,                       0,158538
20782,158539,0,                       0,158541,158541,0,                       0,158539
20783,158540,0,                       0,158540,158540,0,                       0,158540
20784,158541,0,                       0,158539,158539,0,                       0,158541
20785,158540,0,                       0,158540,158540,0,                       0,158540
20786,158541,0,                       0,158539,158539,0,                       0,158541
20787,158542,0,                       0,158538,158538,0,                       0,158542
20788,158541,0,                       0,158539,158539,0,                       0,158541
20789,158542,0,                       0,158538,158538,0,                       0,158542
20790,158541,0,                       0,158539,158539,0,                       0,158541
20791,158540,0,                       0,158540,158540,0,                       0,158540
20792,158541,0,                       0,158539,158539,0,                       0,158541
20793,158542,0,                       0,158538,158538,0,                       0,158542
20794,158541,0,                       0,158539,158539,0,                       0,158541
20795,158540,0,                       0,158540,158540,0,                       0,158540
20796,158539,0,                       0,158541,158541,0,                       0,158539
20797,158540,0,                       0,158540,158540,0,                       0,158540
20798,158541,0,                       0,158539,158539,0,                       0,158541
20799,158540,0,                       0,158540,158540,0,                       0,158540
20800,158541,0,                       0,158539,158539,0,                       0,158541
20801,158540,0,                       0,158540,158540,0,                       0,158540
20802,158541,0,                       0,158539,158539,0,                       0,158541
20803,158540,0,                       0,158540,158540,0,                       0,158540
20804,158541,0,                       0,158539,158539,0,                       0,158541
20805,158540,0,                       0,158540,158540,0,                       0,158540
20806,158539,0,                       0,158541,158541,0,                       0,158539
20807,158540,0,                       0,158540,158540,0,                       0,158540
20808,158541,0,                       0,158539,158539,0,                       0,158541
20809,158542,0,                       0,158538,158538,0,                       0,158542
20810,158543,0,                       0,158537,158537,0,                       0,158543
20811,158542,0,                       0,158538,158538,0,                       0,158542
20812,158541,0,                       0,158539,158539,0,                       0,158541
20813,158542,0,                       0,158538,158538,0,                       0,158542
20814,158541,0,                       0,158539,158539,0,                       0,158541
20815,158540,0,                       0,158540,158540,0,                       0,158540
20816,158541,0,                       0,158539,158539,0,                       0,158541
20817,158540,0,                       0,158540,158540,0,                       0,158540
20818,158539,0,                       0,158541,158541,0,                       0,158539
20819,158538,0,                       0,158542,158542,0,                       0,158538
20820,158539,0,                       0,158541,158541,0,                       0,158539
20821,158538,0,                       0,158542,158542,0,                       0,158538
20822,158539,0,                       0,158541,158541,0,                       0,158539
20823,158540,0,                       0,158540,158540,0,                       0,158540
20824,158539,0,                       0,158541,158541,0,                       0,158539
20825,158540,0,                       0,158540,158540,0,                       0,158540
20826,158539,0,                       0,158541,158541,0,                       0,158539
20827,158540,0,                       0,158540,158540,0,                       0,158540
20828,158541,0,                       0,158539,158539,0,                       0,158541
20829,158542,0,                       0,158538,158538,0,                       0,158542
20830,158543,0,                       0,158537,158537,0,                       0,158543
20831,158542,0,                       0,158538,158538,0,                       0,158542
20832,158541,0,                       0,158539,158539,0,                       0,158541
20833,158540,0,                       0,158540,158540,0,                       0,158540
20834,158539,0,                       0,158541,158541,0,                       0,158539
20835,158540,0,                       0,158540,158540,0,                       0,158540
20836,158541,0,                       0,158539,158539,0,                       0,158541
20837,158540,0,                       0,158540,158540,0,                       0,158540
20838,158541,0,                       0,158539,158539,0,                       0,158541
20839,158542,0,                       0,158538,158538,0,                       0,158542
20840,158541,0,                       0,158539,158539,0,                       0,158541
20841,158540,0,                       0,158540,158540,0,                       0,158540
20842,158541,0,                       0,158539,158539,0,                       0,158541
20843,158540,0,                       0,158540,158540,0,                       0,158540
20844,158541,0,                       0,158539,158539,0,                       0,158541
20845,158540,0,                       0,158540,158540,0,                       0,158540
20846,158541,0,                       0,158539,158539,0,                       0,158541
20847,158540,0,                       0,158540,158540,0,                       0,158540
20848,158539,0,                       0,158541,158541,0,                       0,158539
20849,158540,0,                       0,158540,158540,0,                       0,158540
20850,158539,0,                       0,158541,158541,0,                       0,158539
20851,158540,0,                       0,158540,158540,0,                       0,158540
20852,158541,0,                       0,158539,158539,0,                       0,158541
20853,158542,0,                       0,158538,158538,0,                       0,158542
20854,158543,0,                       0,158537,158537,0,                       0,158543
20855,158542,0,                       0,158538,158538,0,                       0,158542
20856,158541,0,                       0,158539,158539,0,                       0,158541
20857,158540,0,                       0,158540,158540,0,                       0,158540
20858,158539,0,                       0,158541,158541,0,                       0,158539
20859,158540,0,                       0,158540,158540,0,                       0,158540
20860,158541,0,                       0,158539,158539,0,                       0,158541
20861,158540,0,                       0,158540,158540,0,                       0,158540
20862,158539,0,                       0,158541,158541,0,                       0,158539
20863,158540,0,                       0,158540,158540,0,                       0,158540
20864,158541,0,                       0,158539,158539,0,                       0,158541
20865,158540,0,                       0,158540,158540,0,                       0,158540
20866,158541,0,                       0,158539,158539,0,                       0,158541
20867,158540,0,                       0,158540,158540,0,                       0,158540
20868,158541,0,                       0,158539,158539,0,                       0,158541
20869,158542,0,                       0,158538,158538,0,                       0,158542
20870,158541,0,                       0,158539,158539,0,                       0,158541
20871,158540,0,                       0,158540,158540,0,                       0,158540
20872,158541,0,                       0,158539,158539,0,                       0,158541
20873,158542,0,                       0,158538,158538,0,                       0,158542
20874,158541,0,                       0,158539,158539,0,                       0,158541
20875,158542,0,                       0,158538,158538,0,                       0,158542
20876,158543,0,                       0,158537,158537,0,                       0,158543
20877,158544,0,                       0,158536,158536,0,                       0,158544
20878,158543,0,                       0,158537,158537,0,                       0,158543
20879,158542,0,                       0,158538,158538,0,                       0,158542
20880,158541,0,                       0,158539,158539,0,                       0,158541
20881,158542,0,                       0,158538,158538,0,                       0,158542
20882,158541,0,                       0,158539,158539,0,                       0,158541
20883,158540,0,                       0,158540,158540,0,                       0,158540
20884,158539,0,                       0,158541,158541,0,                       0,158539
20885,158540,0,                       0,158540,158540,0,                       0,158540
20886,158541,0,                       0,158539,158539,0,                       0,158541
20887,158540,0,                       0,158540,158540,0,                       0,158540
20888,158541,0,                       0,158539,158539,0,                       0,158541
20889,158540,0,                       0,158540,158540,0,                       0,158540
20890,158539,0,                       0,158541,158541,0,                       0,158539
20891,158540,0,                       0,158540,158540,0,                       0,158540
20892,158541,0,                       0,158539,158539,0,                       0,158541
20893,158542,0,                       0,158538,158538,0,                       0,158542
20894,158541,0,                       0,158539,158539,0,                       0,158541
20895,158542,0,                       0,158538,158538,0,                       0,158542
20896,158541,0,                       0,158539,158539,0,                       0,158541
20897,158542,0,                       0,158538,158538,0,                       0,158542
20898,158541,0,                       0,158539,158539,0,                       0,158541
20899,158540,0,                       0,158540,158540,0,                       0,158540
20900,158539,0,                       0,158541,158541,0,                       0,158539
20901,158538,0,                       0,158542,158542,0,                       0,158538
20902,158539,0,                       0,158541,158541,0,                       0,158539
20903,158538,0,                       0,158542,158542,0,                       0,158538
20904,158539,0,                       0,158541,158541,0,                       0,158539
20905,158540,0,                       0,158540,158540,0,                       0,158540
20906,158541,0,                       0,158539,158539,0,                       0,158541
20907,158540,0,                       0,158540,158540,0,                       0,158540
20908,158539,0,                       0,158541,158541,0,                       0,158539
20909,158540,0,                       0,158540,158540,0,                       0,158540
20910,158541,0,                       0,158539,158539,0,                       0,158541
20911,158540,0,                       0,158540,158540,0,                       0,158540
20912,158541,0,                       0,158539,158539,0,                       0,158541
20913,158542,0,                       0,158538,158538,0,                       0,158542
20914,158541,0,                       0,158539,158539,0,                       0,158541
20915,158542,0,                       0,158538,158538,0,                       0,158542
20916,158543,0,                       0,158537,158537,0,                       0,158543
20917,158542,0,                       0,158538,158538,0,                       0,158542
20918,158541,0,                       0,158539,158539,0,                       0,158541
20919,158540,0,                       0,158540,158540,0,                       0,158540
20920,158541,0,                       0,158539,158539,0,                       0,158541
20921,158540,0,                       0,158540,158540,0,                       0,158540
20922,158539,0,                       0,158541,158541,0,                       0,158539
20923,158540,0,                       0,158540,158540,0,                       0,158540
20924,158539,0,                       0,158541,158541,0,                       0,158539
20925,158540,0,                       0,158540,158540,0,                       0,158540
20926,158541,0,                       0,158539,158539,0,                       0,158541
20927,158542,0,                       0,158538,158538,0,                       0,158542
20928,158541,0,                       0,158539,158539,0,                       0,158541
20929,158540,0,                       0,158540,158540,0,                       0,158540
20930,158539,0,                       0,158541,158541,0,                       0,158539
20931,158540,0,                       0,158540,158540,0,                       0,158540
20932,158539,0,                       0,158541,158541,0,                       0,158539
20933,158538,0,                       0,158542,158542,0,                       0,158538
20934,158537,0,                       0,158543,158543,0,                       0,158537
20935,158538,0,                       0,158542,158542,0,                       0,158538
20936,158539,0,                       0,158541,158541,0,                       0,158539
20937,158538,0,                       0,158542,158542,0,                       0,158538
20938,158539,0,                       0,158541,158541,0,                       0,158539
20939,158538,0,                       0,158542,158542,0,                       0,158538
20940,158539,0,                       0,158541,158541,0,                       0,158539
20941,158538,0,                       0,158542,158542,0,                       0,158538
20942,158539,0,                       0,158541,158541,0,                       0,158539
20943,158540,0,                       0,158540,158540,0,                       0,158540
20944,158541,0,                       0,158539,158539,0,                       0,158541
20945,158540,0,                       0,158540,158540,0,                       0,158540
20946,158541,0,                       0,158539,158539,0,                       0,158541
20947,158542,0,                       0,158538,158538,0,                       0,158542
20948,158541,0,                       0,158539,158539,0,                       0,158541
20949,158540,0,                       0,158540,158540,0,                       0,158540
20950,158539,0,                       0,158541,158541,0,                       0,158539
20951,158540,0,                       0,158540,158540,0,                       0,158540
20952,158541,0,                       0,158539,158539,0,                       0,158541
20953,158542,0,                       0,158538,158538,0,                       0,158542
20954,158543,0,                       0,158537,158537,0,                       0,158543
20955,158542,0,                       0,158538,158538,0,                       0,158542
20956,158541,0,                       0,158539,158539,0,                       0,158541
20957,158540,0,                       0,158540,158540,0,                       0,158540
20958,158541,0,                       0,158539,158539,0,                       0,158541
20959,158542,0,                       0,158538,158538,0,                       0,158542
20960,158541,0,                       0,158539,158539,0,                       0,158541
20961,158540,0,                       0,158540,158540,0,                       0,158540
20962,158541,0,                       0,158539,158539,0,                       0,158541
20963,158540,0,                       0,158540,158540,0,                       0,158540
20964,158541,0,                       0,158539,158539,0,                       0,158541
20965,158542,0,                       0,158538,158538,0,                       0,158542
20966,158541,0,                       0,158539,158539,0,                       0,158541
20967,158540,0,                       0,158540,158540,0,                       0,158540
20968,158539,0,                       0,158541,158541,0,                       0,158539
20969,158538,0,                       0,158542,158542,0,                       0,158538
20970,158539,0,                       0,158541,158541,0,                       0,158539
20971,158540,0,                       0,158540,158540,0,                       0,158540
20972,158539,0,                       0,158541,158541,0,                       0,158539
20973,158540,0,                       0,158540,158540,0,                       0,158540
20974,158541,0,                       0,158539,158539,0,                       0,158541
20975,158540,0,                       0,158540,158540,0,                       0,158540
20976,158539,0,                       0,158541,158541,0,                       0,158539
20977,158538,0,                       0,158542,158542,0,                       0,158538
20978,158539,0,                       0,158541,158541,0,                       0,158539
20979,158540,0,                       0,158540,158540,0,                       0,158540
20980,158539,0,                       0,158541,158541,0,                       0,158539
20981,158540,0,                       0,158540,158540,0,                       0,158540
20982,158541,0,                       0,158539,158539,0,                       0,158541
20983,158540,0,                       0,158540,158540,0,                       0,158540
20984,158539,0,                       0,158541,158541,0,                       0,158539
20985,158540,0,                       0,158540,158540,0,                       0,158540
20986,158541,0,                       0,158539,158539,0,                       0,158541
20987,158542,0,                       0,158538,158538,0,                       0,158542
20988,158541,0,                       0,158539,158539,0,                       0,158541
20989,158540,0,                       0,158540,158540,0,                       0,158540
20990,158541,0,                       0,158539,158539,0,                       0,158541
20991,158542,0,                       0,158538,158538,0,                       0,158542
20992,158541,0,                       0,158539,158539,0,                       0,158541
20993,158540,0,                       0,158540,158540,0,                       0,158540
20994,158541,0,                       0,158539,158539,0,                       0,158541
20995,158540,0,                       0,158540,158540,0,                       0,158540
20996,158539,0,                       0,158541,158541,0,                       0,158539
20997,158538,0,                       0,158542,158542,0,                       0,158538
20998,158539,0,                       0,158541,158541,0,                       0,158539
20999,158540,0,                       0,158540,158540,0,                       0,158540
21000,158541,0,                       0,158539,158539,0,                       0,158541
21001,158542,0,                       0,158538,158538,0,                       0,158542
21002,158543,0,                       0,158537,158537,0,                       0,158543
21003,158542,0,                       0,158538,158538,0,                       0,158542
21004,158541,0,                       0,158539,158539,0,                       0,158541
21005,158540,0,                       0,158540,158540,0,                       0,158540
21006,158541,0,                       0,158539,158539,0,                       0,158541
21007,158542,0,                       0,158538,158538,0,                       0,158542
21008,158541,0,                       0,158539,158539,0,                       0,158541
21009,158540,0,                       0,158540,158540,0,                       0,158540
21010,158541,0,                       0,158539,158539,0,                       0,158541
21011,158540,0,                       0,158540,158540,0,                       0,158540
21012,158541,0,                       0,158539,158539,0,                       0,158541
21013,158540,0,                       0,158540,158540,0,                       0,158540
21014,158539,0,                       0,158541,158541,0,                       0,158539
21015,158538,0,                       0,158542,158542,0,                       0,158538
21016,158537,0,                       0,158543,158543,0,                       0,158537
21017,158536,0,                       0,158544,158544,0,                       0,158536
21018,158537,0,                       0,158543,158543,0,                       0,158537
21019,158538,0,                       0,158542,158542,0,                       0,158538
21020,158539,0,                       0,158541,158541,0,                       0,158539
21021,158540,0,                       0,158540,158540,0,                       0,158540
21022,158541,0,                       0,158539,158539,0,                       0,158541
21023,158540,0,                       0,158540,158540,0,                       0,158540
21024,158539,0,                       0,158541,158541,0,                       0,158539
21025,158538,0,                       0,158542,158542,0,                       0,158538
21026,158539,0,                       0,158541,158541,0,                       0,158539
21027,158540,0,                       0,158540,158540,0,                       0,158540
21028,158539,0,                       0,158541,158541,0,                       0,158539
21029,158540,0,                       0,158540,158540,0,                       0,158540
21030,158539,0,                       0,158541,158541,0,                       0,158539
21031,158540,0,                       0,158540,158540,0,                       0,158540
21032,158541,0,                       0,158539,158539,0,                       0,158541
21033,158540,0,                       0,158540,158540,0,                       0,158540
21034,158539,0,                       0,158541,158541,0,                       0,158539
21035,158540,0,                       0,158540,158540,0,                       0,158540
21036,158539,0,                       0,158541,158541,0,                       0,158539
21037,158538,0,                       0,158542,158542,0,                       0,158538
21038,158539,0,                       0,158541,158541,0,                       0,158539
21039,158540,0,                       0,158540,158540,0,                       0,158540
21040,158541,0,                       0,158539,158539,0,                       0,158541
21041,158540,0,                       0,158540,158540,0,                       0,158540
21042,158541,0,                       0,158539,158539,0,                       0,158541
21043,158540,0,                       0,158540,158540,0,                       0,158540
21044,158539,0,                       0,158541,158541,0,                       0,158539
21045,158538,0,                       0,158542,158542,0,                       0,158538
21046,158537,0,                       0,158543,158543,0,                       0,158537
21047,158538,0,                       0,158542,158542,0,                       0,158538
21048,158539,0,                       0,158541,158541,0,                       0,158539
21049,158540,0,                       0,158540,158540,0,                       0,158540
21050,158539,0,                       0,158541,158541,0,                       0,158539
21051,158540,0,                       0,158540,158540,0,                       0,158540
21052,158539,0,                       0,158541,158541,0,                       0,158539
21053,158538,0,                       0,158542,158542,0,                       0,158538
21054,158539,0,                       0,158541,158541,0,                       0,158539
21055,158540,0,                       0,158540,158540,0,                       0,158540
21056,158541,0,                       0,158539,158539,0,                       0,158541
21057,158542,0,                       0,158538,158538,0,                       0,158542
21058,158541,0,                       0,158539,158539,0,                       0,158541
21059,158540,0,                       0,158540,158540,0,                       0,158540
21060,158539,0,                       0,158541,158541,0,                       0,158539
21061,158540,0,                       0,158540,158540,0,                       0,158540
21062,158541,0,                       0,158539,158539,0,                       0,158541
21063,158540,0,                       0,158540,158540,0,                       0,158540
21064,158539,0,                       0,158541,158541,0,                       0,158539
21065,158540,0,                       0,158540,158540,0,                       0,158540
21066,158539,0,                       0,158541,158541,0,                       0,158539
21067,158538,0,                       0,158542,158542,0,                       0,158538
21068,158539,0,                       0,158541,158541,0,                       0,158539
21069,158540,0,                       0,158540,158540,0,                       0,158540
21070,158541,0,                       0,158539,158539,0,                       0,158541
21071,158542,0,                       0,158538,158538,0,                       0,158542
21072,158541,0,                       0,158539,158539,0,                       0,158541
21073,158540,0,                       0,158540,158540,0,                       0,158540
21074,158539,0,                       0,158541,158541,0,                       0,158539
21075,158540,0,                       0,158540,158540,0,                       0,158540
21076,158541,0,                       0,158539,158539,0,                       0,158541
21077,158542,0,                       0,158538,158538,0,                       0,158542
21078,158543,0,                       0,158537,158537,0,                       0,158543
21079,158542,0,                       0,158538,158538,0,                       0,158542
21080,158541,0,                       0,158539,158539,0,                       0,158541
21081,158540,0,                       0,158540,158540,0,                       0,158540
21082,158541,0,                       0,158539,158539,0,                       0,158541
21083,158542,0,                       0,158538,158538,0,                       0,158542
21084,158541,0,                       0,158539,158539,0,                       0,158541
21085,158540,0,                       0,158540,158540,0,                       0,158540
21086,158541,0,                       0,158539,158539,0,                       0,158541
21087,158540,0,                       0,158540,158540,0,                       0,158540
21088,158541,0,                       0,158539,158539,0,                       0,158541
21089,158540,0,                       0,158540,158540,0,                       0,158540
21090,158539,0,                       0,158541,158541,0,                       0,158539
21091,158540,0,                       0,158540,158540,0,                       0,158540
21092,158541,0,                       0,158539,158539,0,                       0,158541
21093,158542,0,                       0,158538,158538,0,                       0,158542
21094,158541,0,                       0,158539,158539,0,                       0,158541
21095,158540,0,                       0,158540,158540,0,                       0,158540
21096,158541,0,                       0,158539,158539,0,                       0,158541
21097,158542,0,                       0,158538,158538,0,                       0,158542
21098,158541,0,                       0,158539,158539,0,                       0,158541
21099,158540,0,                       0,158540,158540,0,                       0,158540
21100,158539,0,                       0,158541,158541,0,                       0,158539
21101,158538,0,                       0,158542,158542,0,                       0,158538
21102,158539,0,                       0,158541,158541,0,                       0,158539
21103,158540,0,                       0,158540,158540,0,                       0,158540
21104,158539,0,                       0,158541,158541,0,                       0,158539
21105,158538,0,                       0,158542,158542,0,                       0,158538
21106,158539,0,                       0,158541,158541,0,                       0,158539
21107,158540,0,                       0,158540,158540,0,                       0,158540
21108,158541,0,                       0,158539,158539,0,                       0,158541
21109,158542,0,                       0,158538,158538,0,                       0,158542
21110,158541,0,                       0,158539,158539,0,                       0,158541
21111,158542,0,                       0,158538,158538,0,                       0,158542
21112,158541,0,                       0,158539,158539,0,                       0,158541
21113,158542,0,                       0,158538,158538,0,                       0,158542
21114,158541,0,                       0,158539,158539,0,                       0,158541
21115,158540,0,                       0,158540,158540,0,                       0,158540
21116,158539,0,                       0,158541,158541,0,                       0,158539
21117,158540,0,                       0,158540,158540,0,                       0,158540
21118,158541,0,                       0,158539,158539,0,                       0,158541
21119,158542,0,                       0,158538,158538,0,                       0,158542
21120,158541,0,                       0,158539,158539,0,                       0,158541
21121,158540,0,                       0,158540,158540,0,                       0,158540
21122,158539,0,                       0,158541,158541,0,                       0,158539
21123,158538,0,                       0,158542,158542,0,                       0,158538
21124,158539,0,                       0,158541,158541,0,                       0,158539
21125,158540,0,                       0,158540,158540,0,                       0,158540
21126,158539,0,                       0,158541,158541,0,                       0,158539
21127,158538,0,                       0,158542,158542,0,                       0,158538
21128,158539,0,                       0,158541,158541,0,                       0,158539
21129,158540,0,                       0,158540,158540,0,                       0,158540
21130,158541,0,                       0,158539,158539,0,                       0,158541
21131,158542,0,                       0,158538,158538,0,                       0,158542
21132,158541,0,                       0,158539,158539,0,                       0,158541
21133,158540,0,                       0,158540,158540,0,                       0,158540
21134,158541,0,                       0,158539,158539,0,                       0,158541
21135,158540,0,                       0,158540,158540,0,                       0,158540
21136,158539,0,                       0,158541,158541,0,                       0,158539
21137,158540,0,                       0,158540,158540,0,                       0,158540
21138,158541,0,                       0,158539,158539,0,                       0,158541
21139,158542,0,                       0,158538,158538,0,                       0,158542
21140,158541,0,                       0,158539,158539,0,                       0,158541
21141,158540,0,                       0,158540,158540,0,                       0,158540
21142,158539,0,                       0,158541,158541,0,                       0,158539
21143,158540,0,                       0,158540,158540,0,                       0,158540
21144,158539,0,                       0,158541,158541,0,                       0,158539
21145,158540,0,                       0,158540,158540,0,                       0,158540
21146,158541,0,                       0,158539,158539,0,                       0,158541
21147,158540,0,                       0,158540,158540,0,                       0,158540
21148,158539,0,                       0,158541,158541,0,                       0,158539
21149,158540,0,                       0,158540,158540,0,                       0,158540
21150,158541,0,                       0,158539,158539,0,                       0,158541
21151,158540,0,                       0,158540,158540,0,                       0,158540
21152,158539,0,                       0,158541,158541,0,                       0,158539
21153,158540,0,                       0,158540,158540,0,                       0,158540
21154,158541,0,                       0,158539,158539,0,                       0,158541
21155,158540,0,                       0,158540,158540,0,                       0,158540
21156,158541,0,                       0,158539,158539,0,                       0,158541
21157,158542,0,                       0,158538,158538,0,                       0,158542
21158,158541,0,                       0,158539,158539,0,                       0,158541
21159,158542,0,                       0,158538,158538,0,                       0,158542
21160,158541,0,                       0,158539,158539,0,                       0,158541
21161,158540,0,                       0,158540,158540,0,                       0,158540
21162,158539,0,                       0,158541,158541,0,                       0,158539
21163,158540,0,                       0,158540,158540,0,                       0,158540
21164,158541,0,                       0,158539,158539,0,                       0,158541
21165,158540,0,                       0,158540,158540,0,                       0,158540
21166,158541,0,                       0,158539,158539,0,                       0,158541
21167,158542,0,                       0,158538,158538,0,                       0,158542
21168,158541,0,                       0,158539,158539,0,                       0,158541
21169,158540,0,                       0,158540,158540,0,                       0,158540
21170,158541,0,                       0,158539,158539,0,                       0,158541
21171,158540,0,                       0,158540,158540,0,                       0,158540
21172,158539,0,                       0,158541,158541,0,                       0,158539
21173,158540,0,                       0,158540,158540,0,                       0,158540
21174,158539,0,                       0,158541,158541,0,                       0,158539
21175,158540,0,                       0,158540,158540,0,                       0,158540
21176,158539,0,                       0,158541,158541,0,                       0,158539
21177,158540,0,                       0,158540,158540,0,                       0,158540
21178,158539,0,                       0,158541,158541,0,                       0,158539
21179,158540,0,                       0,158540,158540,0,                       0,158540
21180,158541,0,                       0,158539,158539,0,                       0,158541
21181,158540,0,                       0,158540,158540,0,                       0,158540
21182,158539,0,                       0,158541,158541,0,                       0,158539
21183,158540,0,                       0,158540,158540,0,                       0,158540
21184,158541,0,                       0,158539,158539,0,                       0,158541
21185,158540,0,                       0,158540,158540,0,                       0,158540
21186,158539,0,                       0,158541,158541,0,                       0,158539
21187,158540,0,                       0,158540,158540,0,                       0,158540
21188,158541,0,                       0,158539,158539,0,                       0,158541
21189,158540,0,                       0,158540,158540,0,                       0,158540
21190,158539,0,                       0,158541,158541,0,                       0,158539
21191,158540,0,                       0,158540,158540,0,                       0,158540
21192,158541,0,                       0,158539,158539,0,                       0,158541
21193,158540,0,                       0,158540,158540,0,                       0,158540
21194,158539,0,                       0,158541,158541,0,                       0,158539
21195,158540,0,                       0,158540,158540,0,                       0,158540
21196,158539,0,                       0,158541,158541,0,                       0,158539
21197,158540,0,                       0,158540,158540,0,                       0,158540
21198,158539,0,                       0,158541,158541,0,                       0,158539
21199,158540,0,                       0,158540,158540,0,                       0,158540
21200,158539,0,                       0,158541,158541,0,                       0,158539
21201,158540,0,                       0,158540,158540,0,                       0,158540
21202,158541,0,                       0,158539,158539,0,                       0,158541
21203,158542,0,                       0,158538,158538,0,                       0,158542
21204,158541,0,                       0,158539,158539,0,                       0,158541
21205,158540,0,                       0,158540,158540,0,                       0,158540
21206,158541,0,                       0,158539,158539,0,                       0,158541
21207,158540,0,                       0,158540,158540,0,                       0,158540
21208,158541,0,                       0,158539,158539,0,                       0,158541
21209,158542,0,                       0,158538,158538,0,                       0,158542
21210,158543,0,                       0,158537,158537,0,                       0,158543
21211,158542,0,                       0,158538,158538,0,                       0,158542
21212,158541,0,                       0,158539,158539,0,                       0,158541
21213,158542,0,                       0,158538,158538,0,                       0,158542
21214,158541,0,                       0,158539,158539,0,                       0,158541
21215,158540,0,                       0,158540,158540,0,                       0,158540
21216,158541,0,                       0,158539,158539,0,                       0,158541
21217,158540,0,                       0,158540,158540,0,                       0,158540
21218,158541,0,                       0,158539,158539,0,                       0,158541
21219,158542,0,                       0,158538,158538,0,                       0,158542
21220,158541,0,                       0,158539,158539,0,                       0,158541
21221,158542,0,                       0,158538,158538,0,                       0,158542
21222,158541,0,                       0,158539,158539,0,                       0,158541
21223,158540,0,                       0,158540,158540,0,                       0,158540
21224,158541,0,                       0,158539,158539,0,                       0,158541
21225,158542,0,                       0,158538,158538,0,                       0,158542
21226,158543,0,                       0,158537,158537,0,                       0,158543
21227,158542,0,                       0,158538,158538,0,                       0,158542
21228,158541,0,                       0,158539,158539,0,                       0,158541
21229,158540,0,                       0,158540,158540,0,                       0,158540
21230,158539,0,                       0,158541,158541,0,                       0,158539
21231,158540,0,                       0,158540,158540,0,                       0,158540
21232,158539,0,                       0,158541,158541,0,                       0,158539
21233,158540,0,                       0,158540,158540,0,                       0,158540
21234,158541,0,                       0,158539,158539,0,                       0,158541
21235,158540,0,                       0,158540,158540,0,                       0,158540
21236,158541,0,                       0,158539,158539,0,                       0,158541
21237,158542,0,                       0,158538,158538,0,                       0,158542
21238,158541,0,                       0,158539,158539,0,                       0,158541
21239,158540,0,                       0,158540,158540,0,                       0,158540
21240,158539,0,                       0,158541,158541,0,                       0,158539
21241,158538,0,                       0,158542,158542,0,                       0,158538
21242,158539,0,                       0,158541,158541,0,                       0,158539
21243,158538,0,                       0,158542,158542,0,                       0,158538
21244,158539,0,                       0,158541,158541,0,                       0,158539
21245,158540,0,                       0,158540,158540,0,                       0,158540
21246,158541,0,                       0,158539,158539,0,                       0,158541
21247,158540,0,                       0,158540,158540,0,                       0,158540
21248,158541,0,                       0,158539,158539,0,                       0,158541
21249,158542,0,                       0,158538,158538,0,                       0,158542
21250,158541,0,                       0,158539,158539,0,                       0,158541
21251,158542,0,                       0,158538,158538,0,                       0,158542
21252,158543,0,                       0,158537,158537,0,                       0,158543
21253,158542,0,                       0,158538,158538,0,                       0,158542
21254,158541,0,                       0,158539,158539,0,                       0,158541
21255,158540,0,                       0,158540,158540,0,                       0,158540
21256,158539,0,                       0,158541,158541,0,                       0,158539
21257,158540,0,                       0,158540,158540,0,                       0,158540
21258,158539,0,                       0,158541,158541,0,                       0,158539
21259,158540,0,                       0,158540,158540,0,                       0,158540
21260,158539,0,                       0,158541,158541,0,                       0,158539
21261,158540,0,                       0,158540,158540,0,                       0,158540
21262,158539,0,                       0,158541,158541,0,                       0,158539
21263,158540,0,                       0,158540,158540,0,                       0,158540
21264,158541,0,                       0,158539,158539,0,                       0,158541
21265,158540,0,                       0,158540,158540,0,                       0,158540
21266,158541,0,                       0,158539,158539,0,                       0,158541
21267,158540,0,                       0,158540,158540,0,                       0,158540
21268,158541,0,                       0,158539,158539,0,                       0,158541
21269,158542,0,                       0,158538,158538,0,                       0,158542
21270,158543,0,                       0,158537,158537,0,                       0,158543
21271,158542,0,                       0,158538,158538,0,                       0,158542
21272,158543,0,                       0,158537,158537,0,                       0,158543
21273,158544,0,                       0,158536,158536,0,                       0,158544
21274,158545,0,                       0,158535,158535,0,                       0,158545
21275,158546,0,                       0,158534,158534,0,                       0,158546
21276,158545,0,                       0,158535,158535,0,                       0,158545
21277,158544,0,                       0,158536,158536,0,                       0,158544
21278,158543,0,                       0,158537,158537,0,                       0,158543
21279,158542,0,                       0,158538,158538,0,                       0,158542
21280,158541,0,                       0,158539,158539,0,                       0,158541
21281,158540,0,                       0,158540,158540,0,                       0,158540
21282,158541,0,                       0,158539,158539,0,                       0,158541
21283,158540,0,                       0,158540,158540,0,                       0,158540
21284,158539,0,                       0,158541,158541,0,                       0,158539
21285,158540,0,                       0,158540,158540,0,                       0,158540
21286,158539,0,                       0,158541,158541,0,                       0,158539
21287,158538,0,                       0,158542,158542,0,                       0,158538
21288,158539,0,                       0,158541,158541,0,                       0,158539
21289,158540,0,                       0,158540,158540,0,                       0,158540
21290,158541,0,                       0,158539,158539,0,                       0,158541
21291,158542,0,                       0,158538,158538,0,                       0,158542
21292,158541,0,                       0,158539,158539,0,                       0,158541
21293,158540,0,                       0,158540,158540,0,                       0,158540
21294,158539,0,                       0,158541,158541,0,                       0,158539
21295,158540,0,                       0,158540,158540,0,                       0,158540
21296,158539,0,                       0,158541,158541,0,                       0,158539
21297,158540,0,                       0,158540,158540,0,                       0,158540
21298,158541,0,                       0,158539,158539,0,                       0,158541
21299,158540,0,                       0,158540,158540,0,                       0,158540
21300,158539,0,                       0,158541,158541,0,                       0,158539
21301,158540,0,                       0,158540,158540,0,                       0,158540
21302,158539,0,                       0,158541,158541,0,                       0,158539
21303,158540,0,                       0,158540,158540,0,                       0,158540
21304,158539,0,                       0,158541,158541,0,                       0,158539
21305,158540,0,                       0,158540,158540,0,                       0,158540
21306,158539,0,                       0,158541,158541,0,                       0,158539
21307,158538,0,                       0,158542,158542,0,                       0,158538
21308,158539,0,                       0,158541,158541,0,                       0,158539
21309,158540,0,                       0,158540,158540,0,                       0,158540
21310,158539,0,                       0,158541,158541,0,                       0,158539
21311,158538,0,                       0,158542,158542,0,                       0,158538
21312,158539,0,                       0,158541,158541,0,                       0,158539
21313,158540,0,                       0,158540,158540,0,                       0,158540
21314,158541,0,                       0,158539,158539,0,                       0,158541
21315,158540,0,                       0,158540,158540,0,                       0,158540
21316,158541,0,                       0,158539,158539,0,                       0,158541
21317,158540,0,                       0,158540,158540,0,                       0,158540
21318,158541,0,                       0,158539,158539,0,                       0,158541
21319,158542,0,                       0,158538,158538,0,                       0,158542
21320,158541,0,                       0,158539,158539,0,                       0,158541
21321,158542,0,                       0,158538,158538,0,                       0,158542
21322,158541,0,                       0,158539,158539,0,                       0,158541
21323,158540,0,                       0,158540,158540,0,                       0,158540
21324,158539,0,                       0,158541,158541,0,                       0,158539
21325,158540,0,                       0,158540,158540,0,                       0,158540
21326,158539,0,                       0,158541,158541,0,                       0,158539
21327,158540,0,                       0,158540,158540,0,                       0,158540
21328,158539,0,                       0,158541,158541,0,                       0,158539
21329,158540,0,                       0,158540,158540,0,                       0,158540
21330,158539,0,                       0,158541,158541,0,                       0,158539
21331,158538,0,                       0,158542,158542,0,                       0,158538
21332,158537,0,                       0,158543,158543,0,                       0,158537
21333,158538,0,                       0,158542,158542,0,                       0,158538
21334,158539,0,                       0,158541,158541,0,                       0,158539
21335,158540,0,                       0,158540,158540,0,                       0,158540
21336,158541,0,                       0,158539,158539,0,                       0,158541
21337,158540,0,                       0,158540,158540,0,                       0,158540
21338,158541,0,                       0,158539,158539,0,                       0,158541
21339,158542,0,                       0,158538,158538,0,                       0,158542
21340,158541,0,                       0,158539,158539,0,                       0,158541
21341,158540,0,                       0,158540,158540,0,                       0,158540
21342,158541,0,                       0,158539,158539,0,                       0,158541
21343,158540,0,                       0,158540,158540,0,                       0,158540
21344,158539,0,                       0,158541,158541,0,                       0,158539
21345,158540,0,                       0,158540,158540,0,                       0,158540
21346,158541,0,                       0,158539,158539,0,                       0,158541
21347,158540,0,                       0,158540,158540,0,                       0,158540
21348,158539,0,                       0,158541,158541,0,                       0,158539
21349,158540,0,                       0,158540,158540,0,                       0,158540
21350,158541,0,                       0,158539,158539,0,                       0,158541
21351,158540,0,                       0,158540,158540,0,                       0,158540
21352,158541,0,                       0,158539,158539,0,                       0,158541
21353,158542,0,                       0,158538,158538,0,                       0,158542
21354,158541,0,                       0,158539,158539,0,                       0,158541
21355,158542,0,                       0,158538,158538,0,                       0,158542
21356,158541,0,                       0,158539,158539,0,                       0,158541
21357,158540,0,                       0,158540,158540,0,                       0,158540
21358,158539,0,                       0,158541,158541,0,                       0,158539
21359,158540,0,                       0,158540,158540,0,                       0,158540
21360,158541,0,                       0,158539,158539,0,                       0,158541
21361,158540,0,                       0,158540,158540,0,                       0,158540
21362,158541,0,                       0,158539,158539,0,                       0,158541
21363,158542,0,                       0,158538,158538,0,                       0,158542
21364,158541,0,                       0,158539,158539,0,                       0,158541
21365,158540,0,                       0,158540,158540,0,                       0,158540
21366,158541,0,                       0,158539,158539,0,                       0,158541
21367,158540,0,                       0,158540,158540,0,                       0,158540
21368,158539,0,                       0,158541,158541,0,                       0,158539
21369,158540,0,                       0,158540,158540,0,                       0,158540
21370,158539,0,                       0,158541,158541,0,                       0,158539
21371,158540,0,                       0,158540,158540,0,                       0,158540
21372,158539,0,                       0,158541,158541,0,                       0,158539
21373,158540,0,                       0,158540,158540,0,                       0,158540
21374,158541,0,                       0,158539,158539,0,                       0,158541
21375,158540,0,                       0,158540,158540,0,                       0,158540
21376,158541,0,                       0,158539,158539,0,                       0,158541
21377,158542,0,                       0,158538,158538,0,                       0,158542
21378,158543,0,                       0,158537,158537,0,                       0,158543
21379,158542,0,                       0,158538,158538,0,                       0,158542
21380,158541,0,                       0,158539,158539,0,                       0,158541
21381,158542,0,                       0,158538,158538,0,                       0,158542
21382,158541,0,                       0,158539,158539,0,                       0,158541
21383,158542,0,                       0,158538,158538,0,                       0,158542
21384,158541,0,                       0,158539,158539,0,                       0,158541
21385,158542,0,                       0,158538,158538,0,                       0,158542
21386,158541,0,                       0,158539,158539,0,                       0,158541
21387,158540,0,                       0,158540,158540,0,                       0,158540
21388,158541,0,                       0,158539,158539,0,                       0,158541
21389,158540,0,                       0,158540,158540,0,                       0,158540
21390,158541,0,                       0,158539,158539,0,                       0,158541
21391,158540,0,                       0,158540,158540,0,                       0,158540
21392,158541,0,                       0,158539,158539,0,                       0,158541
21393,158542,0,                       0,158538,158538,0,                       0,158542
21394,158541,0,                       0,158539,158539,0,                       0,158541
21395,158540,0,                       0,158540,158540,0,                       0,158540
21396,158539,0,                       0,158541,158541,0,                       0,158539
21397,158538,0,                       0,158542,158542,0,                       0,158538
21398,158539,0,                       0,158541,158541,0,                       0,158539
21399,158540,0,                       0,158540,158540,0,                       0,158540
21400,158539,0,                       0,158541,158541,0,                       0,158539
21401,158540,0,                       0,158540,158540,0,                       0,158540
21402,158539,0,                       0,158541,158541,0,                       0,158539
21403,158540,0,                       0,158540,158540,0,                       0,158540
21404,158539,0,                       0,158541,158541,0,                       0,158539
21405,158538,0,                       0,158542,158542,0,                       0,158538
21406,158537,0,                       0,158543,158543,0,                       0,158537
21407,158538,0,                       0,158542,158542,0,                       0,158538
21408,158539,0,                       0,158541,158541,0,                       0,158539
21409,158538,0,                       0,158542,158542,0,                       0,158538
21410,158539,0,                       0,158541,158541,0,                       0,158539
21411,158538,0,                       0,158542,158542,0,                       0,158538
21412,158539,0,                       0,158541,158541,0,                       0,158539
21413,158540,0,                       0,158540,158540,0,                       0,158540
21414,158539,0,                       0,158541,158541,0,                       0,158539
21415,158538,0,                       0,158542,158542,0,                       0,158538
21416,158539,0,                       0,158541,158541,0,                       0,158539
21417,158540,0,                       0,158540,158540,0,                       0,158540
21418,158541,0,                       0,158539,158539,0,                       0,158541
21419,158540,0,                       0,158540,158540,0,                       0,158540
21420,158541,0,                       0,158539,158539,0,                       0,158541
21421,158542,0,                       0,158538,158538,0,                       0,158542
21422,158541,0,                       0,158539,158539,0,                       0,158541
21423,158540,0,                       0,158540,158540,0,                       0,158540
21424,158539,0,                       0,158541,158541,0,                       0,158539
21425,158540,0,                       0,158540,158540,0,                       0,158540
21426,158541,0,                       0,158539,158539,0,                       0,158541
21427,158540,0,                       0,158540,158540,0,                       0,158540
21428,158539,0,                       0,158541,158541,0,                       0,158539
21429,158538,0,                       0,158542,158542,0,                       0,158538
21430,158539,0,                       0,158541,158541,0,                       0,158539
21431,158540,0,                       0,158540,158540,0,                       0,158540
21432,158541,0,                       0,158539,158539,0,                       0,158541
21433,158542,0,                       0,158538,158538,0,                       0,158542
21434,158541,0,                       0,158539,158539,0,                       0,158541
21435,158542,0,                       0,158538,158538,0,                       0,158542
21436,158541,0,                       0,158539,158539,0,                       0,158541
21437,158540,0,                       0,158540,158540,0,                       0,158540
21438,158541,0,                       0,158539,158539,0,                       0,158541
21439,158542,0,                       0,158538,158538,0,                       0,158542
21440,158543,0,                       0,158537,158537,0,                       0,158543
21441,158544,0,                       0,158536,158536,0,                       0,158544
21442,158543,0,                       0,158537,158537,0,                       0,158543
21443,158542,0,                       0,158538,158538,0,                       0,158542
21444,158543,0,                       0,158537,158537,0,                       0,158543
21445,158542,0,                       0,158538,158538,0,                       0,158542
21446,158541,0,                       0,158539,158539,0,                       0,158541
21447,158540,0,                       0,158540,158540,0,                       0,158540
21448,158541,0,                       0,158539,158539,0,                       0,158541
21449,158540,0,                       0,158540,158540,0,                       0,158540
21450,158541,0,                       0,158539,158539,0,                       0,158541
21451,158542,0,                       0,158538,158538,0,                       0,158542
21452,158541,0,                       0,158539,158539,0,                       0,158541
21453,158540,0,                       0,158540,158540,0,                       0,158540
21454,158541,0,                       0,158539,158539,0,                       0,158541
21455,158540,0,                       0,158540,158540,0,                       0,158540
21456,158541,0,                       0,158539,158539,0,                       0,158541
21457,158542,0,                       0,158538,158538,0,                       0,158542
21458,158541,0,                       0,158539,158539,0,                       0,158541
21459,158540,0,                       0,158540,158540,0,                       0,158540
21460,158539,0,                       0,158541,158541,0,                       0,158539
21461,158540,0,                       0,158540,158540,0,                       0,158540
21462,158541,0,                       0,158539,158539,0,                       0,158541
21463,158540,0,                       0,158540,158540,0,                       0,158540
21464,158539,0,                       0,158541,158541,0,                       0,158539
21465,158540,0,                       0,158540,158540,0,                       0,158540
21466,158539,0,                       0,158541,158541,0,                       0,158539
21467,158538,0,                       0,158542,158542,0,                       0,158538
21468,158539,0,                       0,158541,158541,0,                       0,158539
21469,158540,0,                       0,158540,158540,0,                       0,158540
21470,158541,0,                       0,158539,158539,0,                       0,158541
21471,158540,0,                       0,158540,158540,0,                       0,158540
21472,158539,0,                       0,158541,158541,0,                       0,158539
21473,158540,0,                       0,158540,158540,0,                       0,158540
21474,158541,0,                       0,158539,158539,0,                       0,158541
21475,158540,0,                       0,158540,158540,0,                       0,158540
21476,158541,0,                       0,158539,158539,0,                       0,158541
21477,158542,0,                       0,158538,158538,0,                       0,158542
21478,158541,0,                       0,158539,158539,0,                       0,158541
21479,158540,0,                       0,158540,158540,0,                       0,158540
21480,158541,0,                       0,158539,158539,0,                       0,158541
21481,158540,0,                       0,158540,158540,0,                       0,158540
21482,158539,0,                       0,158541,158541,0,                       0,158539
21483,158540,0,                       0,158540,158540,0,                       0,158540
21484,158539,0,                       0,158541,158541,0,                       0,158539
21485,158538,0,                       0,158542,158542,0,                       0,158538
21486,158539,0,                       0,158541,158541,0,                       0,158539
21487,158538,0,                       0,158542,158542,0,                       0,158538
21488,158537,0,                       0,158543,158543,0,                       0,158537
21489,158538,0,                       0,158542,158542,0,                       0,158538
21490,158539,0,                       0,158541,158541,0,                       0,158539
21491,158540,0,                       0,158540,158540,0,                       0,158540
21492,158539,0,                       0,158541,158541,0,                       0,158539
21493,158540,0,                       0,158540,158540,0,                       0,158540
21494,158541,0,                       0,158539,158539,0,                       0,158541
21495,158540,0,                       0,158540,158540,0,                       0,158540
21496,158541,0,                       0,158539,158539,0,                       0,158541
21497,158540,0,                       0,158540,158540,0,                       0,158540
21498,158539,0,                       0,158541,158541,0,                       0,158539
21499,158538,0,                       0,158542,158542,0,                       0,158538
21500,158539,0,                       0,158541,158541,0,                       0,158539
21501,158538,0,                       0,158542,158542,0,                       0,158538
21502,158539,0,                       0,158541,158541,0,                       0,158539
21503,158540,0,                       0,158540,158540,0,                       0,158540
21504,158539,0,                       0,158541,158541,0,                       0,158539
21505,158538,0,                       0,158542,158542,0,                       0,158538
21506,158539,0,                       0,158541,158541,0,                       0,158539
21507,158538,0,                       0,158542,158542,0,                       0,158538
21508,158539,0,                       0,158541,158541,0,                       0,158539
21509,158540,0,                       0,158540,158540,0,                       0,158540
21510,158539,0,                       0,158541,158541,0,                       0,158539
21511,158540,0,                       0,158540,158540,0,                       0,158540
21512,158539,0,                       0,158541,158541,0,                       0,158539
21513,158538,0,                       0,158542,158542,0,                       0,158538
21514,158539,0,                       0,158541,158541,0,                       0,158539
21515,158540,0,                       0,158540,158540,0,                       0,158540
21516,158539,0,                       0,158541,158541,0,                       0,158539
21517,158538,0,                       0,158542,158542,0,                       0,158538
21518,158539,0,                       0,158541,158541,0,                       0,158539
21519,158538,0,                       0,158542,158542,0,                       0,158538
21520,158539,0,                       0,158541,158541,0,                       0,158539
21521,158540,0,                       0,158540,158540,0,                       0,158540
21522,158539,0,                       0,158541,158541,0,                       0,158539
21523,158538,0,                       0,158542,158542,0,                       0,158538
21524,158539,0,                       0,158541,158541,0,                       0,158539
21525,158540,0,                       0,158540,158540,0,                       0,158540
21526,158541,0,                       0,158539,158539,0,                       0,158541
21527,158540,0,                       0,158540,158540,0,                       0,158540
21528,158541,0,                       0,158539,158539,0,                       0,158541
21529,158540,0,                       0,158540,158540,0,                       0,158540
21530,158539,0,                       0,158541,158541,0,                       0,158539
21531,158538,0,                       0,158542,158542,0,                       0,158538
21532,158539,0,                       0,158541,158541,0,                       0,158539
21533,158540,0,                       0,158540,158540,0,                       0,158540
21534,158539,0,                       0,158541,158541,0,                       0,158539
21535,158540,0,                       0,158540,158540,0,                       0,158540
21536,158541,0,                       0,158539,158539,0,                       0,158541
21537,158542,0,                       0,158538,158538,0,                       0,158542
21538,158541,0,                       0,158539,158539,0,                       0,158541
21539,158542,0,                       0,158538,158538,0,                       0,158542
21540,158541,0,                       0,158539,158539,0,                       0,158541
21541,158540,0,                       0,158540,158540,0,                       0,158540
21542,158541,0,                       0,158539,158539,0,                       0,158541
21543,158540,0,                       0,158540,158540,0,                       0,158540
21544,158539,0,                       0,158541,158541,0,                       0,158539
21545,158540,0,                       0,158540,158540,0,                       0,158540
21546,158541,0,                       0,158539,158539,0,                       0,158541
21547,158542,0,                       0,158538,158538,0,                       0,158542
21548,158541,0,                       0,158539,158539,0,                       0,158541
21549,158540,0,                       0,158540,158540,0,                       0,158540
21550,158539,0,                       0,158541,158541,0,                       0,158539
21551,158538,0,                       0,158542,158542,0,                       0,158538
21552,158539,0,                       0,158541,158541,0,                       0,158539
21553,158538,0,                       0,158542,158542,0,                       0,158538
21554,158539,0,                       0,158541,158541,0,                       0,158539
21555,158540,0,                       0,158540,158540,0,                       0,158540
21556,158541,0,                       0,158539,158539,0,                       0,158541
21557,158540,0,                       0,158540,158540,0,                       0,158540
21558,158539,0,                       0,158541,158541,0,                       0,158539
21559,158540,0,                       0,158540,158540,0,                       0,158540
21560,158541,0,                       0,158539,158539,0,                       0,158541
21561,158540,0,                       0,158540,158540,0,                       0,158540
21562,158541,0,                       0,158539,158539,0,                       0,158541
21563,158542,0,                       0,158538,158538,0,                       0,158542
21564,158543,0,                       0,158537,158537,0,                       0,158543
21565,158542,0,                       0,158538,158538,0,                       0,158542
21566,158541,0,                       0,158539,158539,0,                       0,158541
21567,158542,0,                       0,158538,158538,0,                       0,158542
21568,158541,0,                       0,158539,158539,0,                       0,158541
21569,158542,0,                       0,158538,158538,0,                       0,158542
21570,158541,0,                       0,158539,158539,0,                       0,158541
21571,158540,0,                       0,158540,158540,0,                       0,158540
21572,158539,0,                       0,158541,158541,0,                       0,158539
21573,158540,0,                       0,158540,158540,0,                       0,158540
21574,158541,0,                       0,158539,158539,0,                       0,158541
21575,158542,0,                       0,158538,158538,0,                       0,158542
21576,158541,0,                       0,158539,158539,0,                       0,158541
21577,158540,0,                       0,158540,158540,0,                       0,158540
21578,158539,0,                       0,158541,158541,0,                       0,158539
21579,158540,0,                       0,158540,158540,0,                       0,158540
21580,158541,0,                       0,158539,158539,0,                       0,158541
21581,158540,0,                       0,158540,158540,0,                       0,158540
21582,158541,0,                       0,158539,158539,0,                       0,158541
21583,158540,0,                       0,158540,158540,0,                       0,158540
21584,158541,0,                       0,158539,158539,0,                       0,158541
21585,158540,0,                       0,158540,158540,0,                       0,158540
21586,158539,0,                       0,158541,158541,0,                       0,158539
21587,158540,0,                       0,158540,158540,0,                       0,158540
21588,158539,0,                       0,158541,158541,0,                       0,158539
21589,158538,0,                       0,158542,158542,0,                       0,158538
21590,158539,0,                       0,158541,158541,0,                       0,158539
21591,158540,0,                       0,158540,158540,0,                       0,158540
21592,158541,0,                       0,158539,158539,0,                       0,158541
21593,158540,0,                       0,158540,158540,0,                       0,158540
21594,158541,0,                       0,158539,158539,0,                       0,158541
21595,158540,0,                       0,158540,158540,0,                       0,158540
21596,158541,0,                       0,158539,158539,0,                       0,158541
21597,158542,0,                       0,158538,158538,0,                       0,158542
21598,158543,0,                       0,158537,158537,0,                       0,158543
21599,158542,0,                       0,158538,158538,0,                       0,158542
21600,158541,0,                       0,158539,158539,0,                       0,158541
21601,158540,0,                       0,158540,158540,0,                       0,158540
21602,158541,0,                       0,158539,158539,0,                       0,158541
21603,158542,0,                       0,158538,158538,0,                       0,158542
21604,158541,0,                       0,158539,158539,0,                       0,158541
21605,158542,0,                       0,158538,158538,0,                       0,158542
21606,158541,0,                       0,158539,158539,0,                       0,158541
21607,158542,0,                       0,158538,158538,0,                       0,158542
21608,158541,0,                       0,158539,158539,0,                       0,158541
21609,158540,0,                       0,158540,158540,0,                       0,158540
21610,158541,0,                       0,158539,158539,0,                       0,158541
21611,158540,0,                       0,158540,158540,0,                       0,158540
21612,158541,0,                       0,158539,158539,0,                       0,158541
21613,158540,0,                       0,158540,158540,0,                       0,158540
21614,158539,0,                       0,158541,158541,0,                       0,158539
21615,158540,0,                       0,158540,158540,0,                       0,158540
21616,158541,0,                       0,158539,158539,0,                       0,158541
21617,158542,0,                       0,158538,158538,0,                       0,158542
21618,158541,0,                       0,158539,158539,0,                       0,158541
21619,158542,0,                       0,158538,158538,0,                       0,158542
21620,158541,0,                       0,158539,158539,0,                       0,158541
21621,158542,0,                       0,158538,158538,0,                       0,158542
21622,158543,0,                       0,158537,158537,0,                       0,158543
21623,158542,0,                       0,158538,158538,0,                       0,158542
21624,158541,0,                       0,158539,158539,0,                       0,158541
21625,158542,0,                       0,158538,158538,0,                       0,158542
21626,158541,0,                       0,158539,158539,0,                       0,158541
21627,158542,0,                       0,158538,158538,0,                       0,158542
21628,158541,0,                       0,158539,158539,0,                       0,158541
21629,158540,0,                       0,158540,158540,0,                       0,158540
21630,158539,0,                       0,158541,158541,0,                       0,158539
21631,158540,0,                       0,158540,158540,0,                       0,158540
21632,158541,0,                       0,158539,158539,0,                       0,158541
21633,158542,0,                       0,158538,158538,0,                       0,158542
21634,158541,0,                       0,158539,158539,0,                       0,158541
21635,158542,0,                       0,158538,158538,0,                       0,158542
21636,158541,0,                       0,158539,158539,0,                       0,158541
21637,158542,0,                       0,158538,158538,0,                       0,158542
21638,158541,0,                       0,158539,158539,0,                       0,158541
21639,158540,0,                       0,158540,158540,0,                       0,158540
21640,158541,0,                       0,158539,158539,0,                       0,158541
21641,158542,0,                       0,158538,158538,0,                       0,158542
21642,158541,0,                       0,158539,158539,0,                       0,158541
21643,158542,0,                       0,158538,158538,0,                       0,158542
21644,158541,0,                       0,158539,158539,0,                       0,158541
21645,158542,0,                       0,158538,158538,0,                       0,158542
21646,158541,0,                       0,158539,158539,0,                       0,158541
21647,158540,0,                       0,158540,158540,0,                       0,158540
21648,158541,0,                       0,158539,158539,0,                       0,158541
21649,158540,0,                       0,158540,158540,0,                       0,158540
21650,158541,0,                       0,158539,158539,0,                       0,158541
21651,158540,0,                       0,158540,158540,0,                       0,158540
21652,158541,0,                       0,158539,158539,0,                       0,158541
21653,158542,0,                       0,158538,158538,0,                       0,158542
21654,158541,0,                       0,158539,158539,0,                       0,158541
21655,158540,0,                       0,158540,158540,0,                       0,158540
21656,158541,0,                       0,158539,158539,0,                       0,158541
21657,158540,0,                       0,158540,158540,0,                       0,158540
21658,158539,0,                       0,158541,158541,0,                       0,158539
21659,158540,0,                       0,158540,158540,0,                       0,158540
21660,158541,0,                       0,158539,158539,0,                       0,158541
21661,158542,0,                       0,158538,158538,0,                       0,158542
21662,158541,0,                       0,158539,158539,0,                       0,158541
21663,158540,0,                       0,158540,158540,0,                       0,158540
21664,158541,0,                       0,158539,158539,0,                       0,158541
21665,158540,0,                       0,158540,158540,0,                       0,158540
21666,158541,0,                       0,158539,158539,0,                       0,158541
21667,158540,0,                       0,158540,158540,0,                       0,158540
21668,158541,0,                       0,158539,158539,0,                       0,158541
21669,158540,0,                       0,158540,158540,0,                       0,158540
21670,158541,0,                       0,158539,158539,0,                       0,158541
21671,158540,0,                       0,158540,158540,0,                       0,158540
21672,158539,0,                       0,158541,158541,0,                       0,158539
21673,158540,0,                       0,158540,158540,0,                       0,158540
21674,158541,0,                       0,158539,158539,0,                       0,158541
21675,158542,0,                       0,158538,158538,0,                       0,158542
21676,158541,0,                       0,158539,158539,0,                       0,158541
21677,158540,0,                       0,158540,158540,0,                       0,158540
21678,158539,0,                       0,158541,158541,0,                       0,158539
21679,158540,0,                       0,158540,158540,0,                       0,158540
21680,158541,0,                       0,158539,158539,0,                       0,158541
21681,158540,0,                       0,158540,158540,0,                       0,158540
21682,158541,0,                       0,158539,158539,0,                       0,158541
21683,158540,0,                       0,158540,158540,0,                       0,158540
21684,158541,0,                       0,158539,158539,0,                       0,158541
21685,158542,0,                       0,158538,158538,0,                       0,158542
21686,158543,0,                       0,158537,158537,0,                       0,158543
21687,158542,0,                       0,158538,158538,0,                       0,158542
21688,158543,0,                       0,158537,158537,0,                       0,158543
21689,158542,0,                       0,158538,158538,0,                       0,158542
21690,158541,0,                       0,158539,158539,0,                       0,158541
21691,158540,0,                       0,158540,158540,0,                       0,158540
21692,158539,0,                       0,158541,158541,0,                       0,158539
21693,158540,0,                       0,158540,158540,0,                       0,158540
21694,158541,0,                       0,158539,158539,0,                       0,158541
21695,158540,0,                       0,158540,158540,0,                       0,158540
21696,158541,0,                       0,158539,158539,0,                       0,158541
21697,158540,0,                       0,158540,158540,0,                       0,158540
21698,158539,0,                       0,158541,158541,0,                       0,158539
21699,158540,0,                       0,158540,158540,0,                       0,158540
21700,158539,0,                       0,158541,158541,0,                       0,158539
21701,158540,0,                       0,158540,158540,0,                       0,158540
21702,158541,0,                       0,158539,158539,0,                       0,158541
21703,158540,0,                       0,158540,158540,0,                       0,158540
21704,158541,0,                       0,158539,158539,0,                       0,158541
21705,158542,0,                       0,158538,158538,0,                       0,158542
21706,158541,0,                       0,158539,158539,0,                       0,158541
21707,158540,0,                       0,158540,158540,0,                       0,158540
21708,158539,0,                       0,158541,158541,0,                       0,158539
21709,158538,0,                       0,158542,158542,0,                       0,158538
21710,158539,0,                       0,158541,158541,0,                       0,158539
21711,158540,0,                       0,158540,158540,0,                       0,158540
21712,158539,0,                       0,158541,158541,0,                       0,158539
21713,158540,0,                       0,158540,158540,0,                       0,158540
21714,158541,0,                       0,158539,158539,0,                       0,158541
21715,158540,0,                       0,158540,158540,0,                       0,158540
21716,158541,0,                       0,158539,158539,0,                       0,158541
21717,158540,0,                       0,158540,158540,0,                       0,158540
21718,158539,0,                       0,158541,158541,0,                       0,158539
21719,158538,0,                       0,158542,158542,0,                       0,158538
21720,158537,0,                       0,158543,158543,0,                       0,158537
21721,158538,0,                       0,158542,158542,0,                       0,158538
21722,158539,0,                       0,158541,158541,0,                       0,158539
21723,158540,0,                       0,158540,158540,0,                       0,158540
21724,158541,0,                       0,158539,158539,0,                       0,158541
21725,158540,0,                       0,158540,158540,0,                       0,158540
21726,158541,0,                       0,158539,158539,0,                       0,158541
21727,158540,0,                       0,158540,158540,0,                       0,158540
21728,158539,0,                       0,158541,158541,0,                       0,158539
21729,158538,0,                       0,158542,158542,0,                       0,158538
21730,158539,0,                       0,158541,158541,0,                       0,158539
21731,158540,0,                       0,158540,158540,0,                       0,158540
21732,158541,0,                       0,158539,158539,0,                       0,158541
21733,158540,0,                       0,158540,158540,0,                       0,158540
21734,158541,0,                       0,158539,158539,0,                       0,158541
21735,158540,0,                       0,158540,158540,0,                       0,158540
21736,158541,0,                       0,158539,158539,0,                       0,158541
21737,158540,0,                       0,158540,158540,0,                       0,158540
21738,158541,0,                       0,158539,158539,0,                       0,158541
21739,158542,0,                       0,158538,158538,0,                       0,158542
21740,158541,0,                       0,158539,158539,0,                       0,158541
21741,158542,0,                       0,158538,158538,0,                       0,158542
21742,158541,0,                       0,158539,158539,0,                       0,158541
21743,158542,0,                       0,158538,158538,0,                       0,158542
21744,158541,0,                       0,158539,158539,0,                       0,158541
21745,158540,0,                       0,158540,158540,0,                       0,158540
21746,158539,0,                       0,158541,158541,0,                       0,158539
21747,158540,0,                       0,158540,158540,0,                       0,158540
21748,158539,0,                       0,158541,158541,0,                       0,158539
21749,158540,0,                       0,158540,158540,0,                       0,158540
21750,158539,0,                       0,158541,158541,0,                       0,158539
21751,158540,0,                       0,158540,158540,0,                       0,158540
21752,158541,0,                       0,158539,158539,0,                       0,158541
21753,158540,0,                       0,158540,158540,0,                       0,158540
21754,158541,0,                       0,158539,158539,0,                       0,158541
21755,158542,0,                       0,158538,158538,0,                       0,158542
21756,158541,0,                       0,158539,158539,0,                       0,158541
21757,158542,0,                       0,158538,158538,0,                       0,158542
21758,158541,0,                       0,158539,158539,0,                       0,158541
21759,158540,0,                       0,158540,158540,0,                       0,158540
21760,158539,0,                       0,158541,158541,0,                       0,158539
21761,158540,0,                       0,158540,158540,0,                       0,158540
21762,158541,0,                       0,158539,158539,0,                       0,158541
21763,158540,0,                       0,158540,158540,0,                       0,158540
21764,158539,0,                       0,158541,158541,0,                       0,158539
21765,158538,0,                       0,158542,158542,0,                       0,158538
21766,158537,0,                       0,158543,158543,0,                       0,158537
21767,158536,0,                       0,158544,158544,0,                       0,158536
21768,158537,0,                       0,158543,158543,0,                       0,158537
21769,158538,0,                       0,158542,158542,0,                       0,158538
21770,158539,0,                       0,158541,158541,0,                       0,158539
21771,158538,0,                       0,158542,158542,0,                       0,158538
21772,158539,0,                       0,158541,158541,0,                       0,158539
21773,158538,0,                       0,158542,158542,0,                       0,158538
21774,158539,0,                       0,158541,158541,0,                       0,158539
21775,158540,0,                       0,158540,158540,0,                       0,158540
21776,158539,0,                       0,158541,158541,0,                       0,158539
21777,158540,0,                       0,158540,158540,0,                       0,158540
21778,158539,0,                       0,158541,158541,0,                       0,158539
21779,158538,0,                       0,158542,158542,0,                       0,158538
21780,158539,0,                       0,158541,158541,0,                       0,158539
21781,158538,0,                       0,158542,158542,0,                       0,158538
21782,158539,0,                       0,158541,158541,0,                       0,158539
21783,158540,0,                       0,158540,158540,0,                       0,158540
21784,158539,0,                       0,158541,158541,0,                       0,158539
21785,158540,0,                       0,158540,158540,0,                       0,158540
21786,158541,0,                       0,158539,158539,0,                       0,158541
21787,158540,0,                       0,158540,158540,0,                       0,158540
21788,158541,0,                       0,158539,158539,0,                       0,158541
21789,158540,0,                       0,158540,158540,0,                       0,158540
21790,158539,0,                       0,158541,158541,0,                       0,158539
21791,158540,0,                       0,158540,158540,0,                       0,158540
21792,158539,0,                       0,158541,158541,0,                       0,158539
21793,158540,0,                       0,158540,158540,0,                       0,158540
21794,158539,0,                       0,158541,158541,0,                       0,158539
21795,158540,0,                       0,158540,158540,0,                       0,158540
21796,158539,0,                       0,158541,158541,0,                       0,158539
21797,158540,0,                       0,158540,158540,0,                       0,158540
21798,158541,0,                       0,158539,158539,0,                       0,158541
21799,158540,0,                       0,158540,158540,0,                       0,158540
21800,158539,0,                       0,158541,158541,0,                       0,158539
21801,158538,0,                       0,158542,158542,0,                       0,158538
21802,158539,0,                       0,158541,158541,0,                       0,158539
21803,158540,0,                       0,158540,158540,0,                       0,158540
21804,158541,0,                       0,158539,158539,0,                       0,158541
21805,158540,0,                       0,158540,158540,0,                       0,158540
21806,158539,0,                       0,158541,158541,0,                       0,158539
21807,158540,0,                       0,158540,158540,0,                       0,158540
21808,158539,0,                       0,158541,158541,0,                       0,158539
21809,158538,0,                       0,158542,158542,0,                       0,158538
21810,158539,0,                       0,158541,158541,0,                       0,158539
21811,158538,0,                       0,158542,158542,0,                       0,158538
21812,158539,0,                       0,158541,158541,0,                       0,158539
21813,158540,0,                       0,158540,158540,0,                       0,158540
21814,158541,0,                       0,158539,158539,0,                       0,158541
21815,158542,0,                       0,158538,158538,0,                       0,158542
21816,158543,0,                       0,158537,158537,0,                       0,158543
21817,158542,0,                       0,158538,158538,0,                       0,158542
21818,158541,0,                       0,158539,158539,0,                       0,158541
21819,158542,0,                       0,158538,158538,0,                       0,158542
21820,158541,0,                       0,158539,158539,0,                       0,158541
21821,158540,0,                       0,158540,158540,0,                       0,158540
21822,158539,0,                       0,158541,158541,0,                       0,158539
21823,158540,0,                       0,158540,158540,0,                       0,158540
21824,158539,0,                       0,158541,158541,0,                       0,158539
21825,158540,0,                       0,158540,158540,0,                       0,158540
21826,158541,0,                       0,158539,158539,0,                       0,158541
21827,158540,0,                       0,158540,158540,0,                       0,158540
21828,158541,0,                       0,158539,158539,0,                       0,158541
21829,158540,0,                       0,158540,158540,0,                       0,158540
21830,158541,0,                       0,158539,158539,0,                       0,158541
21831,158542,0,                       0,158538,158538,0,                       0,158542
21832,158541,0,                       0,158539,158539,0,                       0,158541
21833,158540,0,                       0,158540,158540,0,                       0,158540
21834,158539,0,                       0,158541,158541,0,                       0,158539
21835,158540,0,                       0,158540,158540,0,                       0,158540
21836,158541,0,                       0,158539,158539,0,                       0,158541
21837,158542,0,                       0,158538,158538,0,                       0,158542
21838,158541,0,                       0,158539,158539,0,                       0,158541
21839,158540,0,                       0,158540,158540,0,                       0,158540
21840,158539,0,                       0,158541,158541,0,                       0,158539
21841,158540,0,                       0,158540,158540,0,                       0,158540
21842,158539,0,                       0,158541,158541,0,                       0,158539
21843,158538,0,                       0,158542,158542,0,                       0,158538
21844,158537,0,                       0,158543,158543,0,                       0,158537
21845,158538,0,                       0,158542,158542,0,                       0,158538
21846,158537,0,                       0,158543,158543,0,                       0,158537
21847,158538,0,                       0,158542,158542,0,                       0,158538
21848,158539,0,                       0,158541,158541,0,                       0,158539
21849,158540,0,                       0,158540,158540,0,                       0,158540
21850,158539,0,                       0,158541,158541,0,                       0,158539
21851,158540,0,                       0,158540,158540,0,                       0,158540
21852,158539,0,                       0,158541,158541,0,                       0,158539
21853,158540,0,                       0,158540,158540,0,                       0,158540
21854,158539,0,                       0,158541,158541,0,                       0,158539
21855,158540,0,                       0,158540,158540,0,                       0,158540
21856,158541,0,                       0,158539,158539,0,                       0,158541
21857,158540,0,                       0,158540,158540,0,                       0,158540
21858,158539,0,                       0,158541,158541,0,                       0,158539
21859,158538,0,                       0,158542,158542,0,                       0,158538
21860,158537,0,                       0,158543,158543,0,                       0,158537
21861,158538,0,                       0,158542,158542,0,                       0,158538
21862,158539,0,                       0,158541,158541,0,                       0,158539
21863,158540,0,                       0,158540,158540,0,                       0,158540
21864,158541,0,                       0,158539,158539,0,                       0,158541
21865,158542,0,                       0,158538,158538,0,                       0,158542
21866,158541,0,                       0,158539,158539,0,                       0,158541
21867,158540,0,                       0,158540,158540,0,                       0,158540
21868,158539,0,                       0,158541,158541,0,                       0,158539
21869,158540,0,                       0,158540,158540,0,                       0,158540
21870,158539,0,                       0,158541,158541,0,                       0,158539
21871,158538,0,                       0,158542,158542,0,                       0,158538
21872,158539,0,                       0,158541,158541,0,                       0,158539
21873,158540,0,                       0,158540,158540,0,                       0,158540
21874,158539,0,                       0,158541,158541,0,                       0,158539
21875,158538,0,                       0,158542,158542,0,                       0,158538
21876,158539,0,                       0,158541,158541,0,                       0,158539
21877,158540,0,                       0,158540,158540,0,                       0,158540
21878,158539,0,                       0,158541,158541,0,                       0,158539
21879,158540,0,                       0,158540,158540,0,                       0,158540
21880,158541,0,                       0,158539,158539,0,                       0,158541
21881,158540,0,                       0,158540,158540,0,                       0,158540
21882,158541,0,                       0,158539,158539,0,                       0,158541
21883,158542,0,                       0,158538,158538,0,                       0,158542
21884,158541,0,                       0,158539,158539,0,                       0,158541
21885,158540,0,                       0,158540,158540,0,                       0,158540
21886,158539,0,                       0,158541,158541,0,                       0,158539
21887,158540,0,                       0,158540,158540,0,                       0,158540
21888,158541,0,                       0,158539,158539,0,                       0,158541
21889,158540,0,                       0,158540,158540,0,                       0,158540
21890,158541,0,                       0,158539,158539,0,                       0,158541
21891,158542,0,                       0,158538,158538,0,                       0,158542
21892,158541,0,                       0,158539,158539,0,                       0,158541
21893,158542,0,                       0,158538,158538,0,                       0,158542
21894,158541,0,                       0,158539,158539,0,                       0,158541
21895,158542,0,                       0,158538,158538,0,                       0,158542
21896,158541,0,                       0,158539,158539,0,                       0,158541
21897,158542,0,                       0,158538,158538,0,                       0,158542
21898,158541,0,                       0,158539,158539,0,                       0,158541
21899,158540,0,                       0,158540,158540,0,                       0,158540
21900,158541,0,                       0,158539,158539,0,                       0,158541
21901,158542,0,                       0,158538,158538,0,                       0,158542
21902,158541,0,                       0,158539,158539,0,                       0,158541
21903,158540,0,                       0,158540,158540,0,                       0,158540
21904,158539,0,                       0,158541,158541,0,                       0,158539
21905,158538,0,                       0,158542,158542,0,                       0,158538
21906,158539,0,                       0,158541,158541,0,                       0,158539
21907,158538,0,                       0,158542,158542,0,                       0,158538
21908,158537,0,                       0,158543,158543,0,                       0,158537
21909,158538,0,                       0,158542,158542,0,                       0,158538
21910,158537,0,                       0,158543,158543,0,                       0,158537
21911,158538,0,                       0,158542,158542,0,                       0,158538
21912,158539,0,                       0,158541,158541,0,                       0,158539
21913,158540,0,                       0,158540,158540,0,                       0,158540
21914,158541,0,                       0,158539,158539,0,                       0,158541
21915,158540,0,                       0,158540,158540,0,                       0,158540
21916,158539,0,                       0,158541,158541,0,                       0,158539
21917,158540,0,                       0,158540,158540,0,                       0,158540
21918,158541,0,                       0,158539,158539,0,                       0,158541
21919,158540,0,                       0,158540,158540,0,                       0,158540
21920,158539,0,                       0,158541,158541,0,                       0,158539
21921,158538,0,                       0,158542,158542,0,                       0,158538
21922,158539,0,                       0,158541,158541,0,                       0,158539
21923,158540,0,                       0,158540,158540,0,                       0,158540
21924,158541,0,                       0,158539,158539,0,                       0,158541
21925,158540,0,                       0,158540,158540,0,                       0,158540
21926,158539,0,                       0,158541,158541,0,                       0,158539
21927,158538,0,                       0,158542,158542,0,                       0,158538
21928,158539,0,                       0,158541,158541,0,                       0,158539
21929,158540,0,                       0,158540,158540,0,                       0,158540
21930,158541,0,                       0,158539,158539,0,                       0,158541
21931,158542,0,                       0,158538,158538,0,                       0,158542
21932,158541,0,                       0,158539,158539,0,                       0,158541
21933,158540,0,                       0,158540,158540,0,                       0,158540
21934,158541,0,                       0,158539,158539,0,                       0,158541
21935,158540,0,                       0,158540,158540,0,                       0,158540
21936,158539,0,                       0,158541,158541,0,                       0,158539
21937,158538,0,                       0,158542,158542,0,                       0,158538
21938,158539,0,                       0,158541,158541,0,                       0,158539
21939,158538,0,                       0,158542,158542,0,                       0,158538
21940,158539,0,                       0,158541,158541,0,                       0,158539
21941,158540,0,                       0,158540,158540,0,                       0,158540
21942,158541,0,                       0,158539,158539,0,                       0,158541
21943,158540,0,                       0,158540,158540,0,                       0,158540
21944,158539,0,                       0,158541,158541,0,                       0,158539
21945,158540,0,                       0,158540,158540,0,                       0,158540
21946,158539,0,                       0,158541,158541,0,                       0,158539
21947,158540,0,                       0,158540,158540,0,                       0,158540
21948,158539,0,                       0,158541,158541,0,                       0,158539
21949,158540,0,                       0,158540,158540,0,                       0,158540
21950,158539,0,                       0,158541,158541,0,                       0,158539
21951,158540,0,                       0,158540,158540,0,                       0,158540
21952,158539,0,                       0,158541,158541,0,                       0,158539
21953,158540,0,                       0,158540,158540,0,                       0,158540
21954,158541,0,                       0,158539,158539,0,                       0,158541
21955,158540,0,                       0,158540,158540,0,                       0,158540
21956,158541,0,                       0,158539,158539,0,                       0,158541
21957,158540,0,                       0,158540,158540,0,                       0,158540
21958,158541,0,                       0,158539,158539,0,                       0,158541
21959,158540,0,                       0,158540,158540,0,                       0,158540
21960,158539,0,                       0,158541,158541,0,                       0,158539
21961,158540,0,                       0,158540,158540,0,                       0,158540
21962,158541,0,                       0,158539,158539,0,                       0,158541
21963,158542,0,                       0,158538,158538,0,                       0,158542
21964,158543,0,                       0,158537,158537,0,                       0,158543
21965,158542,0,                       0,158538,158538,0,                       0,158542
21966,158541,0,                       0,158539,158539,0,                       0,158541
21967,158542,0,                       0,158538,158538,0,                       0,158542
21968,158541,0,                       0,158539,158539,0,                       0,158541
21969,158540,0,                       0,158540,158540,0,                       0,158540
21970,158539,0,                       0,158541,158541,0,                       0,158539
21971,158538,0,                       0,158542,158542,0,                       0,158538
21972,158539,0,                       0,158541,158541,0,                       0,158539
21973,158540,0,                       0,158540,158540,0,                       0,158540
21974,158539,0,                       0,158541,158541,0,                       0,158539
21975,158540,0,                       0,158540,158540,0,                       0,158540
21976,158541,0,                       0,158539,158539,0,                       0,158541
21977,158540,0,                       0,158540,158540,0,                       0,158540
21978,158539,0,                       0,158541,158541,0,                       0,158539
21979,158540,0,                       0,158540,158540,0,                       0,158540
21980,158539,0,                       0,158541,158541,0,                       0,158539
21981,158538,0,                       0,158542,158542,0,                       0,158538
21982,158537,0,                       0,158543,158543,0,                       0,158537
21983,158538,0,                       0,158542,158542,0,                       0,158538
21984,158539,0,                       0,158541,158541,0,                       0,158539
21985,158540,0,                       0,158540,158540,0,                       0,158540
21986,158541,0,                       0,158539,158539,0,                       0,158541
21987,158542,0,                       0,158538,158538,0,                       0,158542
21988,158541,0,                       0,158539,158539,0,                       0,158541
21989,158540,0,                       0,158540,158540,0,                       0,158540
21990,158539,0,                       0,158541,158541,0,                       0,158539
21991,158540,0,                       0,158540,158540,0,                       0,158540
21992,158539,0,                       0,158541,158541,0,                       0,158539
21993,158538,0,                       0,158542,158542,0,                       0,158538
21994,158539,0,                       0,158541,158541,0,                       0,158539
21995,158540,0,                       0,158540,158540,0,                       0,158540
21996,158539,0,                       0,158541,158541,0,                       0,158539
21997,158540,0,                       0,158540,158540,0,                       0,158540
21998,158541,0,                       0,158539,158539,0,                       0,158541
21999,158542,0,                       0,158538,158538,0,                       0,158542
22000,158541,0,                       0,158539,158539,0,                       0,158541
22001,158540,0,                       0,158540,158540,0,                       0,158540
22002,158539,0,                       0,158541,158541,0,                       0,158539
22003,158540,0,                       0,158540,158540,0,                       0,158540
22004,158541,0,                       0,158539,158539,0,                       0,158541
22005,158540,0,                       0,158540,158540,0,                       0,158540
22006,158539,0,                       0,158541,158541,0,                       0,158539
22007,158540,0,                       0,158540,158540,0,                       0,158540
22008,158541,0,                       0,158539,158539,0,                       0,158541
22009,158540,0,                       0,158540,158540,0,                       0,158540
22010,158541,0,                       0,158539,158539,0,                       0,158541
22011,158542,0,                       0,158538,158538,0,                       0,158542
22012,158541,0,                       0,158539,158539,0,                       0,158541
22013,158540,0,                       0,158540,158540,0,                       0,158540
22014,158539,0,                       0,158541,158541,0,                       0,158539
22015,158538,0,                       0,158542,158542,0,                       0,158538
22016,158539,0,                       0,158541,158541,0,                       0,158539
22017,158540,0,                       0,158540,158540,0,                       0,158540
22018,158541,0,                       0,158539,158539,0,                       0,158541
22019,158542,0,                       0,158538,158538,0,                       0,158542
22020,158541,0,                       0,158539,158539,0,                       0,158541
22021,158540,0,                       0,158540,158540,0,                       0,158540
22022,158539,0,                       0,158541,158541,0,                       0,158539
22023,158538,0,                       0,158542,158542,0,                       0,158538
22024,158539,0,                       0,158541,158541,0,                       0,158539
22025,158538,0,                       0,158542,158542,0,                       0,158538
22026,158539,0,                       0,158541,158541,0,                       0,158539
22027,158540,0,                       0,158540,158540,0,                       0,158540
22028,158539,0,                       0,158541,158541,0,                       0,158539
22029,158538,0,                       0,158542,158542,0,                       0,158538
22030,158539,0,                       0,158541,158541,0,                       0,158539
22031,158538,0,                       0,158542,158542,0,                       0,158538
22032,158539,0,                       0,158541,158541,0,                       0,158539
22033,158540,0,                       0,158540,158540,0,                       0,158540
22034,158539,0,                       0,158541,158541,0,                       0,158539
22035,158540,0,                       0,158540,158540,0,                       0,158540
22036,158539,0,                       0,158541,158541,0,                       0,158539
22037,158538,0,                       0,158542,158542,0,                       0,158538
22038,158539,0,                       0,158541,158541,0,                       0,158539
22039,158540,0,                       0,158540,158540,0,                       0,158540
22040,158539,0,                       0,158541,158541,0,                       0,158539
22041,158540,0,                       0,158540,158540,0,                       0,158540
22042,158539,0,                       0,158541,158541,0,                       0,158539
22043,158540,0,                       0,158540,158540,0,                       0,158540
22044,158541,0,                       0,158539,158539,0,                       0,158541
22045,158540,0,                       0,158540,158540,0,                       0,158540
22046,158539,0,                       0,158541,158541,0,                       0,158539
22047,158540,0,                       0,158540,158540,0,                       0,158540
22048,158539,0,                       0,158541,158541,0,                       0,158539
22049,158540,0,                       0,158540,158540,0,                       0,158540
22050,158541,0,                       0,158539,158539,0,                       0,158541
22051,158542,0,                       0,158538,158538,0,                       0,158542
22052,158541,0,                       0,158539,158539,0,                       0,158541
22053,158540,0,                       0,158540,158540,0,                       0,158540
22054,158541,0,                       0,158539,158539,0,                       0,158541
22055,158540,0,                       0,158540,158540,0,                       0,158540
22056,158541,0,                       0,158539,158539,0,                       0,158541
22057,158540,0,                       0,158540,158540,0,                       0,158540
22058,158541,0,                       0,158539,158539,0,                       0,158541
22059,158540,0,                       0,158540,158540,0,                       0,158540
22060,158541,0,                       0,158539,158539,0,                       0,158541
22061,158542,0,                       0,158538,158538,0,                       0,158542
22062,158541,0,                       0,158539,158539,0,                       0,158541
22063,158542,0,                       0,158538,158538,0,                       0,158542
22064,158541,0,                       0,158539,158539,0,                       0,158541
22065,158540,0,                       0,158540,158540,0,                       0,158540
22066,158541,0,                       0,158539,158539,0,                       0,158541
22067,158540,0,                       0,158540,158540,0,                       0,158540
22068,158539,0,                       0,158541,158541,0,                       0,158539
22069,158538,0,                       0,158542,158542,0,                       0,158538
22070,158539,0,                       0,158541,158541,0,                       0,158539
22071,158540,0,                       0,158540,158540,0,                       0,158540
22072,158539,0,                       0,158541,158541,0,                       0,158539
22073,158538,0,                       0,158542,158542,0,                       0,158538
22074,158539,0,                       0,158541,158541,0,                       0,158539
22075,158540,0,                       0,158540,158540,0,                       0,158540
22076,158539,0,                       0,158541,158541,0,                       0,158539
22077,158540,0,                       0,158540,158540,0,                       0,158540
22078,158539,0,                       0,158541,158541,0,                       0,158539
22079,158540,0,                       0,158540,158540,0,                       0,158540
22080,158541,0,                       0,158539,158539,0,                       0,158541
22081,158540,0,                       0,158540,158540,0,                       0,158540
22082,158541,0,                       0,158539,158539,0,                       0,158541
22083,158540,0,                       0,158540,158540,0,                       0,158540
22084,158541,0,                       0,158539,158539,0,                       0,158541
22085,158540,0,                       0,158540,158540,0,                       0,158540
22086,158539,0,                       0,158541,158541,0,                       0,158539
22087,158540,0,                       0,158540,158540,0,                       0,158540
22088,158539,0,                       0,158541,158541,0,                       0,158539
22089,158540,0,                       0,158540,158540,0,                       0,158540
22090,158539,0,                       0,158541,158541,0,                       0,158539
22091,158540,0,                       0,158540,158540,0,                       0,158540
22092,158539,0,                       0,158541,158541,0,                       0,158539
22093,158540,0,                       0,158540,158540,0,                       0,158540
22094,158539,0,                       0,158541,158541,0,                       0,158539
22095,158538,0,                       0,158542,158542,0,                       0,158538
22096,158539,0,                       0,158541,158541,0,                       0,158539
22097,158538,0,                       0,158542,158542,0,                       0,158538
22098,158539,0,                       0,158541,158541,0,                       0,158539
22099,158540,0,                       0,158540,158540,0,                       0,158540
22100,158541,0,                       0,158539,158539,0,                       0,158541
22101,158540,0,                       0,158540,158540,0,                       0,158540
22102,158541,0,                       0,158539,158539,0,                       0,158541
22103,158540,0,                       0,158540,158540,0,                       0,158540
22104,158539,0,                       0,158541,158541,0,                       0,158539
22105,158538,0,                       0,158542,158542,0,                       0,158538
22106,158539,0,                       0,158541,158541,0,                       0,158539
22107,158540,0,                       0,158540,158540,0,                       0,158540
22108,158541,0,                       0,158539,158539,0,                       0,158541
22109,158540,0,                       0,158540,158540,0,                       0,158540
22110,158539,0,                       0,158541,158541,0,                       0,158539
22111,158538,0,                       0,158542,158542,0,                       0,158538
22112,158539,0,                       0,158541,158541,0,                       0,158539
22113,158540,0,                       0,158540,158540,0,                       0,158540
22114,158541,0,                       0,158539,158539,0,                       0,158541
22115,158540,0,                       0,158540,158540,0,                       0,158540
22116,158541,0,                       0,158539,158539,0,                       0,158541
22117,158540,0,                       0,158540,158540,0,                       0,158540
22118,158541,0,                       0,158539,158539,0,                       0,158541
22119,158540,0,                       0,158540,158540,0,                       0,158540
22120,158541,0,                       0,158539,158539,0,                       0,158541
22121,158542,0,                       0,158538,158538,0,                       0,158542
22122,158541,0,                       0,158539,158539,0,                       0,158541
22123,158542,0,                       0,158538,158538,0,                       0,158542
22124,158541,0,                       0,158539,158539,0,                       0,158541
22125,158540,0,                       0,158540,158540,0,                       0,158540
22126,158541,0,                       0,158539,158539,0,                       0,158541
22127,158540,0,                       0,158540,158540,0,                       0,158540
22128,158541,0,                       0,158539,158539,0,                       0,158541
22129,158540,0,                       0,158540,158540,0,                       0,158540
22130,158539,0,                       0,158541,158541,0,                       0,158539
22131,158538,0,                       0,158542,158542,0,                       0,158538
22132,158537,0,                       0,158543,158543,0,                       0,158537
22133,158538,0,                       0,158542,158542,0,                       0,158538
22134,158539,0,                       0,158541,158541,0,                       0,158539
22135,158538,0,                       0,158542,158542,0,                       0,158538
22136,158537,0,                       0,158543,158543,0,                       0,158537
22137,158536,0,                       0,158544,158544,0,                       0,158536
22138,158537,0,                       0,158543,158543,0,                       0,158537
22139,158538,0,                       0,158542,158542,0,                       0,158538
22140,158539,0,                       0,158541,158541,0,                       0,158539
22141,158540,0,                       0,158540,158540,0,                       0,158540
22142,158539,0,                       0,158541,158541,0,                       0,158539
22143,158540,0,                       0,158540,158540,0,                       0,158540
22144,158539,0,                       0,158541,158541,0,                       0,158539
22145,158538,0,                       0,158542,158542,0,                       0,158538
22146,158539,0,                       0,158541,158541,0,                       0,158539
22147,158540,0,                       0,158540,158540,0,                       0,158540
22148,158541,0,                       0,158539,158539,0,                       0,158541
22149,158540,0,                       0,158540,158540,0,                       0,158540
22150,158539,0,                       0,158541,158541,0,                       0,158539
22151,158538,0,                       0,158542,158542,0,                       0,158538
22152,158539,0,                       0,158541,158541,0,                       0,158539
22153,158540,0,                       0,158540,158540,0,                       0,158540
22154,158539,0,                       0,158541,158541,0,                       0,158539
22155,158538,0,                       0,158542,158542,0,                       0,158538
22156,158539,0,                       0,158541,158541,0,                       0,158539
22157,158538,0,                       0,158542,158542,0,                       0,158538
22158,158539,0,                       0,158541,158541,0,                       0,158539
22159,158540,0,                       0,158540,158540,0,                       0,158540
22160,158541,0,                       0,158539,158539,0,                       0,158541
22161,158540,0,                       0,158540,158540,0,                       0,158540
22162,158539,0,                       0,158541,158541,0,                       0,158539
22163,158540,0,                       0,158540,158540,0,                       0,158540
22164,158541,0,                       0,158539,158539,0,                       0,158541
22165,158540,0,                       0,158540,158540,0,                       0,158540
22166,158539,0,                       0,158541,158541,0,                       0,158539
22167,158538,0,                       0,158542,158542,0,                       0,158538
22168,158539,0,                       0,158541,158541,0,                       0,158539
22169,158540,0,                       0,158540,158540,0,                       0,158540
22170,158541,0,                       0,158539,158539,0,                       0,158541
22171,158540,0,                       0,158540,158540,0,                       0,158540
22172,158541,0,                       0,158539,158539,0,                       0,158541
22173,158540,0,                       0,158540,158540,0,                       0,158540
22174,158539,0,                       0,158541,158541,0,                       0,158539
22175,158540,0,                       0,158540,158540,0,                       0,158540
22176,158541,0,                       0,158539,158539,0,                       0,158541
22177,158542,0,                       0,158538,158538,0,                       0,158542
22178,158543,0,                       0,158537,158537,0,                       0,158543
22179,158542,0,                       0,158538,158538,0,                       0,158542
22180,158541,0,                       0,158539,158539,0,                       0,158541
22181,158542,0,                       0,158538,158538,0,                       0,158542
22182,158541,0,                       0,158539,158539,0,                       0,158541
22183,158542,0,                       0,158538,158538,0,                       0,158542
22184,158543,0,                       0,158537,158537,0,                       0,158543
22185,158542,0,                       0,158538,158538,0,                       0,158542
22186,158541,0,                       0,158539,158539,0,                       0,158541
22187,158540,0,                       0,158540,158540,0,                       0,158540
22188,158541,0,                       0,158539,158539,0,                       0,158541
22189,158540,0,                       0,158540,158540,0,                       0,158540
22190,158541,0,                       0,158539,158539,0,                       0,158541
22191,158540,0,                       0,158540,158540,0,                       0,158540
22192,158541,0,                       0,158539,158539,0,                       0,158541
22193,158540,0,                       0,158540,158540,0,                       0,158540
22194,158541,0,                       0,158539,158539,0,                       0,158541
22195,158540,0,                       0,158540,158540,0,                       0,158540
22196,158539,0,                       0,158541,158541,0,                       0,158539
22197,158540,0,                       0,158540,158540,0,                       0,158540
22198,158539,0,                       0,158541,158541,0,                       0,158539
22199,158540,0,                       0,158540,158540,0,                       0,158540
22200,158541,0,                       0,158539,158539,0,                       0,158541
22201,158540,0,                       0,158540,158540,0,                       0,158540
22202,158539,0,                       0,158541,158541,0,                       0,158539
22203,158538,0,                       0,158542,158542,0,                       0,158538
22204,158539,0,                       0,158541,158541,0,                       0,158539
22205,158540,0,                       0,158540,158540,0,                       0,158540
22206,158539,0,                       0,158541,158541,0,                       0,158539
22207,158540,0,                       0,158540,158540,0,                       0,158540
22208,158539,0,                       0,158541,158541,0,                       0,158539
22209,158540,0,                       0,158540,158540,0,                       0,158540
22210,158539,0,                       0,158541,158541,0,                       0,158539
22211,158540,0,                       0,158540,158540,0,                       0,158540
22212,158539,0,                       0,158541,158541,0,                       0,158539
22213,158540,0,                       0,158540,158540,0,                       0,158540
22214,158539,0,                       0,158541,158541,0,                       0,158539
22215,158540,0,                       0,158540,158540,0,                       0,158540
22216,158539,0,                       0,158541,158541,0,                       0,158539
22217,158540,0,                       0,158540,158540,0,                       0,158540
22218,158541,0,                       0,158539,158539,0,                       0,158541
22219,158540,0,                       0,158540,158540,0,                       0,158540
22220,158541,0,                       0,158539,158539,0,                       0,158541
22221,158542,0,                       0,158538,158538,0,                       0,158542
22222,158543,0,                       0,158537,158537,0,                       0,158543
22223,158542,0,                       0,158538,158538,0,                       0,158542
22224,158541,0,                       0,158539,158539,0,                       0,158541
22225,158540,0,                       0,158540,158540,0,                       0,158540
22226,158541,0,                       0,158539,158539,0,                       0,158541
22227,158542,0,                       0,158538,158538,0,                       0,158542
22228,158541,0,                       0,158539,158539,0,                       0,158541
22229,158540,0,                       0,158540,158540,0,                       0,158540
22230,158539,0,                       0,158541,158541,0,                       0,158539
22231,158540,0,                       0,158540,158540,0,                       0,158540
22232,158541,0,                       0,158539,158539,0,                       0,158541
22233,158540,0,                       0,158540,158540,0,                       0,158540
22234,158539,0,                       0,158541,158541,0,                       0,158539
22235,158538,0,                       0,158542,158542,0,                       0,158538
22236,158537,0,                       0,158543,158543,0,                       0,158537
22237,158538,0,                       0,158542,158542,0,                       0,158538
22238,158539,0,                       0,158541,158541,0,                       0,158539
22239,158538,0,                       0,158542,158542,0,                       0,158538
22240,158539,0,                       0,158541,158541,0,                       0,158539
22241,158540,0,                       0,158540,158540,0,                       0,158540
22242,158539,0,                       0,158541,158541,0,                       0,158539
22243,158540,0,                       0,158540,158540,0,                       0,158540
22244,158541,0,                       0,158539,158539,0,                       0,158541
22245,158540,0,                       0,158540,158540,0,                       0,158540
22246,158541,0,                       0,158539,158539,0,                       0,158541
22247,158540,0,                       0,158540,158540,0,                       0,158540
22248,158541,0,                       0,158539,158539,0,                       0,158541
22249,158540,0,                       0,158540,158540,0,                       0,158540
22250,158539,0,                       0,158541,158541,0,                       0,158539
22251,158540,0,                       0,158540,158540,0,                       0,158540
22252,158541,0,                       0,158539,158539,0,                       0,158541
22253,158542,0,                       0,158538,158538,0,                       0,158542
22254,158541,0,                       0,158539,158539,0,                       0,158541
22255,158542,0,                       0,158538,158538,0,                       0,158542
22256,158543,0,                       0,158537,158537,0,                       0,158543
22257,158542,0,                       0,158538,158538,0,                       0,158542
22258,158543,0,                       0,158537,158537,0,                       0,158543
22259,158542,0,                       0,158538,158538,0,                       0,158542
22260,158541,0,                       0,158539,158539,0,                       0,158541
22261,158542,0,                       0,158538,158538,0,                       0,158542
22262,158541,0,                       0,158539,158539,0,                       0,158541
22263,158540,0,                       0,158540,158540,0,                       0,158540
22264,158541,0,                       0,158539,158539,0,                       0,158541
22265,158540,0,                       0,158540,158540,0,                       0,158540
22266,158539,0,                       0,158541,158541,0,                       0,158539
22267,158540,0,                       0,158540,158540,0,                       0,158540
22268,158541,0,                       0,158539,158539,0,                       0,158541
22269,158540,0,                       0,158540,158540,0,                       0,158540
22270,158539,0,                       0,158541,158541,0,                       0,158539
22271,158538,0,                       0,158542,158542,0,                       0,158538
22272,158539,0,                       0,158541,158541,0,                       0,158539
22273,158540,0,                       0,158540,158540,0,                       0,158540
22274,158539,0,                       0,158541,158541,0,                       0,158539
22275,158540,0,                       0,158540,158540,0,                       0,158540
22276,158541,0,                       0,158539,158539,0,                       0,158541
22277,158542,0,                       0,158538,158538,0,                       0,158542
22278,158541,0,                       0,158539,158539,0,                       0,158541
22279,158540,0,                       0,158540,158540,0,                       0,158540
22280,158539,0,                       0,158541,158541,0,                       0,158539
22281,158538,0,                       0,158542,158542,0,                       0,158538
22282,158539,0,                       0,158541,158541,0,                       0,158539
22283,158540,0,                       0,158540,158540,0,                       0,158540
22284,158541,0,                       0,158539,158539,0,                       0,158541
22285,158540,0,                       0,158540,158540,0,                       0,158540
22286,158541,0,                       0,158539,158539,0,                       0,158541
22287,158542,0,                       0,158538,158538,0,                       0,158542
22288,158541,0,                       0,158539,158539,0,                       0,158541
22289,158540,0,                       0,158540,158540,0,                       0,158540
22290,158539,0,                       0,158541,158541,0,                       0,158539
22291,158540,0,                       0,158540,158540,0,                       0,158540
22292,158539,0,                       0,158541,158541,0,                       0,158539
22293,158538,0,                       0,158542,158542,0,                       0,158538
22294,158539,0,                       0,158541,158541,0,                       0,158539
22295,158538,0,                       0,158542,158542,0,                       0,158538
22296,158539,0,                       0,158541,158541,0,                       0,158539
22297,158540,0,                       0,158540,158540,0,                       0,158540
22298,158539,0,                       0,158541,158541,0,                       0,158539
22299,158540,0,                       0,158540,158540,0,                       0,158540
22300,158541,0,                       0,158539,158539,0,                       0,158541
22301,158540,0,                       0,158540,158540,0,                       0,158540
22302,158541,0,                       0,158539,158539,0,                       0,158541
22303,158540,0,                       0,158540,158540,0,                       0,158540
22304,158539,0,                       0,158541,158541,0,                       0,158539
22305,158540,0,                       0,158540,158540,0,                       0,158540
22306,158539,0,                       0,158541,158541,0,                       0,158539
22307,158540,0,                       0,158540,158540,0,                       0,158540
22308,158541,0,                       0,158539,158539,0,                       0,158541
22309,158540,0,                       0,158540,158540,0,                       0,158540
22310,158539,0,                       0,158541,158541,0,                       0,158539
22311,158540,0,                       0,158540,158540,0,                       0,158540
22312,158539,0,                       0,158541,158541,0,                       0,158539
22313,158540,0,                       0,158540,158540,0,                       0,158540
22314,158541,0,                       0,158539,158539,0,                       0,158541
22315,158540,0,                       0,158540,158540,0,                       0,158540
22316,158539,0,                       0,158541,158541,0,                       0,158539
22317,158540,0,                       0,158540,158540,0,                       0,158540
22318,158539,0,                       0,158541,158541,0,                       0,158539
22319,158538,0,                       0,158542,158542,0,                       0,158538
22320,158539,0,                       0,158541,158541,0,                       0,158539
22321,158538,0,                       0,158542,158542,0,                       0,158538
22322,158539,0,                       0,158541,158541,0,                       0,158539
22323,158540,0,                       0,158540,158540,0,                       0,158540
22324,158539,0,                       0,158541,158541,0,                       0,158539
22325,158540,0,                       0,158540,158540,0,                       0,158540
22326,158541,0,                       0,158539,158539,0,                       0,158541
22327,158540,0,                       0,158540,158540,0,                       0,158540
22328,158539,0,                       0,158541,158541,0,                       0,158539
22329,158540,0,                       0,158540,158540,0,                       0,158540
22330,158541,0,                       0,158539,158539,0,                       0,158541
22331,158542,0,                       0,158538,158538,0,                       0,158542
22332,158541,0,                       0,158539,158539,0,                       0,158541
22333,158540,0,                       0,158540,158540,0,                       0,158540
22334,158539,0,                       0,158541,158541,0,                       0,158539
22335,158540,0,                       0,158540,158540,0,                       0,158540
22336,158541,0,                       0,158539,158539,0,                       0,158541
22337,158542,0,                       0,158538,158538,0,                       0,158542
22338,158541,0,                       0,158539,158539,0,                       0,158541
22339,158542,0,                       0,158538,158538,0,                       0,158542
22340,158541,0,                       0,158539,158539,0,                       0,158541
22341,158540,0,                       0,158540,158540,0,                       0,158540
22342,158539,0,                       0,158541,158541,0,                       0,158539
22343,158540,0,                       0,158540,158540,0,                       0,158540
22344,158541,0,                       0,158539,158539,0,                       0,158541
22345,158540,0,                       0,158540,158540,0,                       0,158540
22346,158541,0,                       0,158539,158539,0,                       0,158541
22347,158542,0,                       0,158538,158538,0,                       0,158542
22348,158541,0,                       0,158539,158539,0,                       0,158541
22349,158542,0,                       0,158538,158538,0,                       0,158542
22350,158541,0,                       0,158539,158539,0,                       0,158541
22351,158540,0,                       0,158540,158540,0,                       0,158540
22352,158541,0,                       0,158539,158539,0,                       0,158541
22353,158542,0,                       0,158538,158538,0,                       0,158542
22354,158541,0,                       0,158539,158539,0,                       0,158541
22355,158540,0,                       0,158540,158540,0,                       0,158540
22356,158539,0,                       0,158541,158541,0,                       0,158539
22357,158540,0,                       0,158540,158540,0,                       0,158540
22358,158541,0,                       0,158539,158539,0,                       0,158541
22359,158540,0,                       0,158540,158540,0,                       0,158540
22360,158539,0,                       0,158541,158541,0,                       0,158539
22361,158540,0,                       0,158540,158540,0,                       0,158540
22362,158541,0,                       0,158539,158539,0,                       0,158541
22363,158540,0,                       0,158540,158540,0,                       0,158540
22364,158539,0,                       0,158541,158541,0,                       0,158539
22365,158540,0,                       0,158540,158540,0,                       0,158540
22366,158541,0,                       0,158539,158539,0,                       0,158541
22367,158540,0,                       0,158540,158540,0,                       0,158540
22368,158541,0,                       0,158539,158539,0,                       0,158541
22369,158540,0,                       0,158540,158540,0,                       0,158540
22370,158541,0,                       0,158539,158539,0,                       0,158541
22371,158540,0,                       0,158540,158540,0,                       0,158540
22372,158541,0,                       0,158539,158539,0,                       0,158541
22373,158542,0,                       0,158538,158538,0,                       0,158542
22374,158541,0,                       0,158539,158539,0,                       0,158541
22375,158540,0,                       0,158540,158540,0,                       0,158540
22376,158539,0,                       0,158541,158541,0,                       0,158539
22377,158540,0,                       0,158540,158540,0,                       0,158540
22378,158539,0,                       0,158541,158541,0,                       0,158539
22379,158540,0,                       0,158540,158540,0,                       0,158540
22380,158541,0,                       0,158539,158539,0,                       0,158541
22381,158540,0,                       0,158540,158540,0,                       0,158540
22382,158539,0,                       0,158541,158541,0,                       0,158539
22383,158538,0,                       0,158542,158542,0,                       0,158538
22384,158539,0,                       0,158541,158541,0,                       0,158539
22385,158540,0,                       0,158540,158540,0,                       0,158540
22386,158541,0,                       0,158539,158539,0,                       0,158541
22387,158540,0,                       0,158540,158540,0,                       0,158540
22388,158541,0,                       0,158539,158539,0,                       0,158541
22389,158542,0,                       0,158538,158538,0,                       0,158542
22390,158541,0,                       0,158539,158539,0,                       0,158541
22391,158540,0,                       0,158540,158540,0,                       0,158540
22392,158541,0,                       0,158539,158539,0,                       0,158541
22393,158540,0,                       0,158540,158540,0,                       0,158540
22394,158541,0,                       0,158539,158539,0,                       0,158541
22395,158540,0,                       0,158540,158540,0,                       0,158540
22396,158539,0,                       0,158541,158541,0,                       0,158539
22397,158538,0,                       0,158542,158542,0,                       0,158538
22398,158539,0,                       0,158541,158541,0,                       0,158539
22399,158540,0,                       0,158540,158540,0,                       0,158540
22400,158539,0,                       0,158541,158541,0,                       0,158539
22401,158538,0,                       0,158542,158542,0,                       0,158538
22402,158537,0,                       0,158543,158543,0,                       0,158537
22403,158538,0,                       0,158542,158542,0,                       0,158538
22404,158539,0,                       0,158541,158541,0,                       0,158539
22405,158540,0,                       0,158540,158540,0,                       0,158540
22406,158541,0,                       0,158539,158539,0,                       0,158541
22407,158542,0,                       0,158538,158538,0,                       0,158542
22408,158541,0,                       0,158539,158539,0,                       0,158541
22409,158540,0,                       0,158540,158540,0,                       0,158540
22410,158541,0,                       0,158539,158539,0,                       0,158541
22411,158540,0,                       0,158540,158540,0,                       0,158540
22412,158541,0,                       0,158539,158539,0,                       0,158541
22413,158542,0,                       0,158538,158538,0,                       0,158542
22414,158541,0,                       0,158539,158539,0,                       0,158541
22415,158540,0,                       0,158540,158540,0,                       0,158540
22416,158539,0,                       0,158541,158541,0,                       0,158539
22417,158540,0,                       0,158540,158540,0,                       0,158540
22418,158539,0,                       0,158541,158541,0,                       0,158539
22419,158540,0,                       0,158540,158540,0,                       0,158540
22420,158541,0,                       0,158539,158539,0,                       0,158541
22421,158542,0,                       0,158538,158538,0,                       0,158542
22422,158541,0,                       0,158539,158539,0,                       0,158541
22423,158540,0,                       0,158540,158540,0,                       0,158540
22424,158539,0,                       0,158541,158541,0,                       0,158539
22425,158538,0,                       0,158542,158542,0,                       0,158538
22426,158537,0,                       0,158543,158543,0,                       0,158537
22427,158538,0,                       0,158542,158542,0,                       0,158538
22428,158539,0,                       0,158541,158541,0,                       0,158539
22429,158540,0,                       0,158540,158540,0,                       0,158540
22430,158539,0,                       0,158541,158541,0,                       0,158539
22431,158540,0,                       0,158540,158540,0,                       0,158540
22432,158541,0,                       0,158539,158539,0,                       0,158541
22433,158542,0,                       0,158538,158538,0,                       0,158542
22434,158543,0,                       0,158537,158537,0,                       0,158543
22435,158544,0,                       0,158536,158536,0,                       0,158544
22436,158543,0,                       0,158537,158537,0,                       0,158543
22437,158542,0,                       0,158538,158538,0,                       0,158542
22438,158541,0,                       0,158539,158539,0,                       0,158541
22439,158542,0,                       0,158538,158538,0,                       0,158542
22440,158541,0,                       0,158539,158539,0,                       0,158541
22441,158540,0,                       0,158540,158540,0,                       0,158540
22442,158541,0,                       0,158539,158539,0,                       0,158541
22443,158540,0,                       0,158540,158540,0,                       0,158540
22444,158541,0,                       0,158539,158539,0,                       0,158541
22445,158542,0,                       0,158538,158538,0,                       0,158542
22446,158543,0,                       0,158537,158537,0,                       0,158543
22447,158542,0,                       0,158538,158538,0,                       0,158542
22448,158541,0,                       0,158539,158539,0,                       0,158541
22449,158542,0,                       0,158538,158538,0,                       0,158542
22450,158541,0,                       0,158539,158539,0,                       0,158541
22451,158542,0,                       0,158538,158538,0,                       0,158542
22452,158541,0,                       0,158539,158539,0,                       0,158541
22453,158540,0,                       0,158540,158540,0,                       0,158540
22454,158541,0,                       0,158539,158539,0,                       0,158541
22455,158540,0,                       0,158540,158540,0,                       0,158540
22456,158539,0,                       0,158541,158541,0,                       0,158539
22457,158540,0,                       0,158540,158540,0,                       0,158540
22458,158541,0,                       0,158539,158539,0,                       0,158541
22459,158540,0,                       0,158540,158540,0,                       0,158540
22460,158539,0,                       0,158541,158541,0,                       0,158539
22461,158540,0,                       0,158540,158540,0,                       0,158540
22462,158541,0,                       0,158539,158539,0,                       0,158541
22463,158540,0,                       0,158540,158540,0,                       0,158540
22464,158539,0,                       0,158541,158541,0,                       0,158539
22465,158538,0,                       0,158542,158542,0,                       0,158538
22466,158539,0,                       0,158541,158541,0,                       0,158539
22467,158540,0,                       0,158540,158540,0,                       0,158540
22468,158541,0,                       0,158539,158539,0,                       0,158541
22469,158540,0,                       0,158540,158540,0,                       0,158540
22470,158541,0,                       0,158539,158539,0,                       0,158541
22471,158542,0,                       0,158538,158538,0,                       0,158542
22472,158541,0,                       0,158539,158539,0,                       0,158541
22473,158540,0,                       0,158540,158540,0,                       0,158540
22474,158541,0,                       0,158539,158539,0,                       0,158541
22475,158542,0,                       0,158538,158538,0,                       0,158542
22476,158541,0,                       0,158539,158539,0,                       0,158541
22477,158540,0,                       0,158540,158540,0,                       0,158540
22478,158541,0,                       0,158539,158539,0,                       0,158541
22479,158540,0,                       0,158540,158540,0,                       0,158540
22480,158541,0,                       0,158539,158539,0,                       0,158541
22481,158540,0,                       0,158540,158540,0,                       0,158540
22482,158541,0,                       0,158539,158539,0,                       0,158541
22483,158540,0,                       0,158540,158540,0,                       0,158540
22484,158541,0,                       0,158539,158539,0,                       0,158541
22485,158540,0,                       0,158540,158540,0,                       0,158540
22486,158539,0,                       0,158541,158541,0,                       0,158539
22487,158540,0,                       0,158540,158540,0,                       0,158540
22488,158539,0,                       0,158541,158541,0,                       0,158539
22489,158538,0,                       0,158542,158542,0,                       0,158538
22490,158539,0,                       0,158541,158541,0,                       0,158539
22491,158540,0,                       0,158540,158540,0,                       0,158540
22492,158541,0,                       0,158539,158539,0,                       0,158541
22493,158540,0,                       0,158540,158540,0,                       0,158540
22494,158539,0,                       0,158541,158541,0,                       0,158539
22495,158538,0,                       0,158542,158542,0,                       0,158538
22496,158539,0,                       0,158541,158541,0,                       0,158539
22497,158538,0,                       0,158542,158542,0,                       0,158538
22498,158539,0,                       0,158541,158541,0,                       0,158539
22499,158538,0,                       0,158542,158542,0,                       0,158538
22500,158539,0,                       0,158541,158541,0,                       0,158539
22501,158540,0,                       0,158540,158540,0,                       0,158540
22502,158539,0,                       0,158541,158541,0,                       0,158539
22503,158540,0,                       0,158540,158540,0,                       0,158540
22504,158539,0,                       0,158541,158541,0,                       0,158539
22505,158538,0,                       0,158542,158542,0,                       0,158538
22506,158539,0,                       0,158541,158541,0,                       0,158539
22507,158540,0,                       0,158540,158540,0,                       0,158540
22508,158541,0,                       0,158539,158539,0,                       0,158541
22509,158540,0,                       0,158540,158540,0,                       0,158540
22510,158539,0,                       0,158541,158541,0,                       0,158539
22511,158538,0,                       0,158542,158542,0,                       0,158538
22512,158539,0,                       0,158541,158541,0,                       0,158539
22513,158540,0,                       0,158540,158540,0,                       0,158540
22514,158541,0,                       0,158539,158539,0,                       0,158541
22515,158542,0,                       0,158538,158538,0,                       0,158542
22516,158541,0,                       0,158539,158539,0,                       0,158541
22517,158542,0,                       0,158538,158538,0,                       0,158542
22518,158541,0,                       0,158539,158539,0,                       0,158541
22519,158540,0,                       0,158540,158540,0,                       0,158540
22520,158539,0,                       0,158541,158541,0,                       0,158539
22521,158540,0,                       0,158540,158540,0,                       0,158540
22522,158541,0,                       0,158539,158539,0,                       0,158541
22523,158540,0,                       0,158540,158540,0,                       0,158540
22524,158539,0,                       0,158541,158541,0,                       0,158539
22525,158540,0,                       0,158540,158540,0,                       0,158540
22526,158541,0,                       0,158539,158539,0,                       0,158541
22527,158542,0,                       0,158538,158538,0,                       0,158542
22528,158543,0,                       0,158537,158537,0,                       0,158543
22529,158542,0,                       0,158538,158538,0,                       0,158542
22530,158541,0,                       0,158539,158539,0,                       0,158541
22531,158542,0,                       0,158538,158538,0,                       0,158542
22532,158541,0,                       0,158539,158539,0,                       0,158541
22533,158542,0,                       0,158538,158538,0,                       0,158542
22534,158541,0,                       0,158539,158539,0,                       0,158541
22535,158542,0,                       0,158538,158538,0,                       0,158542
22536,158541,0,                       0,158539,158539,0,                       0,158541
22537,158540,0,                       0,158540,158540,0,                       0,158540
22538,158541,0,                       0,158539,158539,0,                       0,158541
22539,158540,0,                       0,158540,158540,0,                       0,158540
22540,158541,0,                       0,158539,158539,0,                       0,158541
22541,158542,0,                       0,158538,158538,0,                       0,158542
22542,158541,0,                       0,158539,158539,0,                       0,158541
22543,158540,0,                       0,158540,158540,0,                       0,158540
22544,158541,0,                       0,158539,158539,0,                       0,158541
22545,158540,0,                       0,158540,158540,0,                       0,158540
22546,158541,0,                       0,158539,158539,0,                       0,158541
22547,158540,0,                       0,158540,158540,0,                       0,158540
22548,158541,0,                       0,158539,158539,0,                       0,158541
22549,158542,0,                       0,158538,158538,0,                       0,158542
22550,158541,0,                       0,158539,158539,0,                       0,158541
22551,158542,0,                       0,158538,158538,0,                       0,158542
22552,158541,0,                       0,158539,158539,0,                       0,158541
22553,158540,0,                       0,158540,158540,0,                       0,158540
22554,158541,0,                       0,158539,158539,0,                       0,158541
22555,158540,0,                       0,158540,158540,0,                       0,158540
22556,158539,0,                       0,158541,158541,0,                       0,158539
22557,158540,0,                       0,158540,158540,0,                       0,158540
22558,158539,0,                       0,158541,158541,0,                       0,158539
22559,158540,0,                       0,158540,158540,0,                       0,158540
22560,158539,0,                       0,158541,158541,0,                       0,158539
22561,158540,0,                       0,158540,158540,0,                       0,158540
22562,158539,0,                       0,158541,158541,0,                       0,158539
22563,158540,0,                       0,158540,158540,0,                       0,158540
22564,158541,0,                       0,158539,158539,0,                       0,158541
22565,158540,0,                       0,158540,158540,0,                       0,158540
22566,158541,0,                       0,158539,158539,0,                       0,158541
22567,158540,0,                       0,158540,158540,0,                       0,158540
22568,158539,0,                       0,158541,158541,0,                       0,158539
22569,158538,0,                       0,158542,158542,0,                       0,158538
22570,158537,0,                       0,158543,158543,0,                       0,158537
22571,158538,0,                       0,158542,158542,0,                       0,158538
22572,158539,0,                       0,158541,158541,0,                       0,158539
22573,158540,0,                       0,158540,158540,0,                       0,158540
22574,158539,0,                       0,158541,158541,0,                       0,158539
22575,158540,0,                       0,158540,158540,0,                       0,158540
22576,158539,0,                       0,158541,158541,0,                       0,158539
22577,158540,0,                       0,158540,158540,0,                       0,158540
22578,158541,0,                       0,158539,158539,0,                       0,158541
22579,158542,0,                       0,158538,158538,0,                       0,158542
22580,158541,0,                       0,158539,158539,0,                       0,158541
22581,158540,0,                       0,158540,158540,0,                       0,158540
22582,158539,0,                       0,158541,158541,0,                       0,158539
22583,158538,0,                       0,158542,158542,0,                       0,158538
22584,158539,0,                       0,158541,158541,0,                       0,158539
22585,158540,0,                       0,158540,158540,0,                       0,158540
22586,158541,0,                       0,158539,158539,0,                       0,158541
22587,158542,0,                       0,158538,158538,0,                       0,158542
22588,158543,0,                       0,158537,158537,0,                       0,158543
22589,158542,0,                       0,158538,158538,0,                       0,158542
22590,158541,0,                       0,158539,158539,0,                       0,158541
22591,158540,0,                       0,158540,158540,0,                       0,158540
22592,158541,0,                       0,158539,158539,0,                       0,158541
22593,158540,0,                       0,158540,158540,0,                       0,158540
22594,158539,0,                       0,158541,158541,0,                       0,158539
22595,158538,0,                       0,158542,158542,0,                       0,158538
22596,158539,0,                       0,158541,158541,0,                       0,158539
22597,158540,0,                       0,158540,158540,0,                       0,158540
22598,158541,0,                       0,158539,158539,0,                       0,158541
22599,158542,0,                       0,158538,158538,0,                       0,158542
22600,158541,0,                       0,158539,158539,0,                       0,158541
22601,158540,0,                       0,158540,158540,0,                       0,158540
22602,158541,0,                       0,158539,158539,0,                       0,158541
22603,158540,0,                       0,158540,158540,0,                       0,158540
22604,158539,0,                       0,158541,158541,0,                       0,158539
22605,158538,0,                       0,158542,158542,0,                       0,158538
22606,158539,0,                       0,158541,158541,0,                       0,158539
22607,158540,0,                       0,158540,158540,0,                       0,158540
22608,158539,0,                       0,158541,158541,0,                       0,158539
22609,158540,0,                       0,158540,158540,0,                       0,158540
22610,158539,0,                       0,158541,158541,0,                       0,158539
22611,158540,0,                       0,158540,158540,0,                       0,158540
22612,158541,0,                       0,158539,158539,0,                       0,158541
22613,158540,0,                       0,158540,158540,0,                       0,158540
22614,158541,0,                       0,158539,158539,0,                       0,158541
22615,158542,0,                       0,158538,158538,0,                       0,158542
22616,158543,0,                       0,158537,158537,0,                       0,158543
22617,158542,0,                       0,158538,158538,0,                       0,158542
22618,158541,0,                       0,158539,158539,0,                       0,158541
22619,158540,0,                       0,158540,158540,0,                       0,158540
22620,158539,0,                       0,158541,158541,0,                       0,158539
22621,158540,0,                       0,158540,158540,0,                       0,158540
22622,158539,0,                       0,158541,158541,0,                       0,158539
22623,158540,0,                       0,158540,158540,0,                       0,158540
22624,158541,0,                       0,158539,158539,0,                       0,158541
22625,158540,0,                       0,158540,158540,0,                       0,158540
22626,158539,0,                       0,158541,158541,0,                       0,158539
22627,158540,0,                       0,158540,158540,0,                       0,158540
22628,158541,0,                       0,158539,158539,0,                       0,158541
22629,158540,0,                       0,158540,158540,0,                       0,158540
22630,158541,0,                       0,158539,158539,0,                       0,158541
22631,158540,0,                       0,158540,158540,0,                       0,158540
22632,158539,0,                       0,158541,158541,0,                       0,158539
22633,158540,0,                       0,158540,158540,0,                       0,158540
22634,158539,0,                       0,158541,158541,0,                       0,158539
22635,158540,0,                       0,158540,158540,0,                       0,158540
22636,158541,0,                       0,158539,158539,0,                       0,158541
22637,158540,0,                       0,158540,158540,0,                       0,158540
22638,158541,0,                       0,158539,158539,0,                       0,158541
22639,158542,0,                       0,158538,158538,0,                       0,158542
22640,158543,0,                       0,158537,158537,0,                       0,158543
22641,158542,0,                       0,158538,158538,0,                       0,158542
22642,158541,0,                       0,158539,158539,0,                       0,158541
22643,158540,0,                       0,158540,158540,0,                       0,158540
22644,158539,0,                       0,158541,158541,0,                       0,158539
22645,158540,0,                       0,158540,158540,0,                       0,158540
22646,158539,0,                       0,158541,158541,0,                       0,158539
22647,158538,0,                       0,158542,158542,0,                       0,158538
22648,158539,0,                       0,158541,158541,0,                       0,158539
22649,158540,0,                       0,158540,158540,0,                       0,158540
22650,158539,0,                       0,158541,158541,0,                       0,158539
22651,158538,0,                       0,158542,158542,0,                       0,158538
22652,158539,0,                       0,158541,158541,0,                       0,158539
22653,158540,0,                       0,158540,158540,0,                       0,158540
22654,158539,0,                       0,158541,158541,0,                       0,158539
22655,158540,0,                       0,158540,158540,0,                       0,158540
22656,158539,0,                       0,158541,158541,0,                       0,158539
22657,158538,0,                       0,158542,158542,0,                       0,158538
22658,158539,0,                       0,158541,158541,0,                       0,158539
22659,158540,0,                       0,158540,158540,0,                       0,158540
22660,158539,0,                       0,158541,158541,0,                       0,158539
22661,158538,0,                       0,158542,158542,0,                       0,158538
22662,158539,0,                       0,158541,158541,0,                       0,158539
22663,158540,0,                       0,158540,158540,0,                       0,158540
22664,158541,0,                       0,158539,158539,0,                       0,158541
22665,158542,0,                       0,158538,158538,0,                       0,158542
22666,158541,0,                       0,158539,158539,0,                       0,158541
22667,158540,0,                       0,158540,158540,0,                       0,158540
22668,158539,0,                       0,158541,158541,0,                       0,158539
22669,158540,0,                       0,158540,158540,0,                       0,158540
22670,158541,0,                       0,158539,158539,0,                       0,158541
22671,158542,0,                       0,158538,158538,0,                       0,158542
22672,158541,0,                       0,158539,158539,0,                       0,158541
22673,158540,0,                       0,158540,158540,0,                       0,158540
22674,158541,0,                       0,158539,158539,0,                       0,158541
22675,158540,0,                       0,158540,158540,0,                       0,158540
22676,158539,0,                       0,158541,158541,0,                       0,158539
22677,158540,0,                       0,158540,158540,0,                       0,158540
22678,158541,0,                       0,158539,158539,0,                       0,158541
22679,158540,0,                       0,158540,158540,0,                       0,158540
22680,158539,0,                       0,158541,158541,0,                       0,158539
22681,158540,0,                       0,158540,158540,0,                       0,158540
22682,158539,0,                       0,158541,158541,0,                       0,158539
22683,158540,0,                       0,158540,158540,0,                       0,158540
22684,158539,0,                       0,158541,158541,0,                       0,158539
22685,158538,0,                       0,158542,158542,0,                       0,158538
22686,158539,0,                       0,158541,158541,0,                       0,158539
22687,158540,0,                       0,158540,158540,0,                       0,158540
22688,158541,0,                       0,158539,158539,0,                       0,158541
22689,158540,0,                       0,158540,158540,0,                       0,158540
22690,158539,0,                       0,158541,158541,0,                       0,158539
22691,158538,0,                       0,158542,158542,0,                       0,158538
22692,158539,0,                       0,158541,158541,0,                       0,158539
22693,158540,0,                       0,158540,158540,0,                       0,158540
22694,158541,0,                       0,158539,158539,0,                       0,158541
22695,158540,0,                       0,158540,158540,0,                       0,158540
22696,158539,0,                       0,158541,158541,0,                       0,158539
22697,158538,0,                       0,158542,158542,0,                       0,158538
22698,158539,0,                       0,158541,158541,0,                       0,158539
22699,158540,0,                       0,158540,158540,0,                       0,158540
22700,158541,0,                       0,158539,158539,0,                       0,158541
22701,158542,0,                       0,158538,158538,0,                       0,158542
22702,158541,0,                       0,158539,158539,0,                       0,158541
22703,158540,0,                       0,158540,158540,0,                       0,158540
22704,158539,0,                       0,158541,158541,0,                       0,158539
22705,158540,0,                       0,158540,158540,0,                       0,158540
22706,158541,0,                       0,158539,158539,0,                       0,158541
22707,158540,0,                       0,158540,158540,0,                       0,158540
22708,158541,0,                       0,158539,158539,0,                       0,158541
22709,158540,0,                       0,158540,158540,0,                       0,158540
22710,158541,0,                       0,158539,158539,0,                       0,158541
22711,158540,0,                       0,158540,158540,0,                       0,158540
22712,158541,0,                       0,158539,158539,0,                       0,158541
22713,158540,0,                       0,158540,158540,0,                       0,158540
22714,158541,0,                       0,158539,158539,0,                       0,158541
22715,158540,0,                       0,158540,158540,0,                       0,158540
22716,158541,0,                       0,158539,158539,0,                       0,158541
22717,158542,0,                       0,158538,158538,0,                       0,158542
22718,158541,0,                       0,158539,158539,0,                       0,158541
22719,158540,0,                       0,158540,158540,0,                       0,158540
22720,158541,0,                       0,158539,158539,0,                       0,158541
22721,158540,0,                       0,158540,158540,0,                       0,158540
22722,158541,0,                       0,158539,158539,0,                       0,158541
22723,158540,0,                       0,158540,158540,0,                       0,158540
22724,158541,0,                       0,158539,158539,0,                       0,158541
22725,158540,0,                       0,158540,158540,0,                       0,158540
22726,158541,0,                       0,158539,158539,0,                       0,158541
22727,158540,0,                       0,158540,158540,0,                       0,158540
22728,158541,0,                       0,158539,158539,0,                       0,158541
22729,158542,0,                       0,158538,158538,0,                       0,158542
22730,158541,0,                       0,158539,158539,0,                       0,158541
22731,158540,0,                       0,158540,158540,0,                       0,158540
22732,158541,0,                       0,158539,158539,0,                       0,158541
22733,158540,0,                       0,158540,158540,0,                       0,158540
22734,158541,0,                       0,158539,158539,0,                       0,158541
22735,158540,0,                       0,158540,158540,0,                       0,158540
22736,158541,0,                       0,158539,158539,0,                       0,158541
22737,158542,0,                       0,158538,158538,0,                       0,158542
22738,158541,0,                       0,158539,158539,0,                       0,158541
22739,158540,0,                       0,158540,158540,0,                       0,158540
22740,158541,0,                       0,158539,158539,0,                       0,158541
22741,158542,0,                       0,158538,158538,0,                       0,158542
22742,158541,0,                       0,158539,158539,0,                       0,158541
22743,158542,0,                       0,158538,158538,0,                       0,158542
22744,158543,0,                       0,158537,158537,0,                       0,158543
22745,158542,0,                       0,158538,158538,0,                       0,158542
22746,158541,0,                       0,158539,158539,0,                       0,158541
22747,158540,0,                       0,158540,158540,0,                       0,158540
22748,158539,0,                       0,158541,158541,0,                       0,158539
22749,158540,0,                       0,158540,158540,0,                       0,158540
22750,158541,0,                       0,158539,158539,0,                       0,158541
22751,158542,0,                       0,158538,158538,0,                       0,158542
22752,158543,0,                       0,158537,158537,0,                       0,158543
22753,158542,0,                       0,158538,158538,0,                       0,158542
22754,158543,0,                       0,158537,158537,0,                       0,158543
22755,158544,0,                       0,158536,158536,0,                       0,158544
22756,158545,0,                       0,158535,158535,0,                       0,158545
22757,158544,0,                       0,158536,158536,0,                       0,158544
22758,158543,0,                       0,158537,158537,0,                       0,158543
22759,158542,0,                       0,158538,158538,0,                       0,158542
22760,158541,0,                       0,158539,158539,0,                       0,158541
22761,158542,0,                       0,158538,158538,0,                       0,158542
22762,158541,0,                       0,158539,158539,0,                       0,158541
22763,158540,0,                       0,158540,158540,0,                       0,158540
22764,158539,0,                       0,158541,158541,0,                       0,158539
22765,158540,0,                       0,158540,158540,0,                       0,158540
22766,158541,0,                       0,158539,158539,0,                       0,158541
22767,158540,0,                       0,158540,158540,0,                       0,158540
22768,158539,0,                       0,158541,158541,0,                       0,158539
22769,158540,0,                       0,158540,158540,0,                       0,158540
22770,158541,0,                       0,158539,158539,0,                       0,158541
22771,158540,0,                       0,158540,158540,0,                       0,158540
22772,158541,0,                       0,158539,158539,0,                       0,158541
22773,158540,0,                       0,158540,158540,0,                       0,158540
22774,158539,0,                       0,158541,158541,0,                       0,158539
22775,158540,0,                       0,158540,158540,0,                       0,158540
22776,158541,0,                       0,158539,158539,0,                       0,158541
22777,158542,0,                       0,158538,158538,0,                       0,158542
22778,158541,0,                       0,158539,158539,0,                       0,158541
22779,158540,0,                       0,158540,158540,0,                       0,158540
22780,158541,0,                       0,158539,158539,0,                       0,158541
22781,158540,0,                       0,158540,158540,0,                       0,158540
22782,158541,0,                       0,158539,158539,0,                       0,158541
22783,158540,0,                       0,158540,158540,0,                       0,158540
22784,158539,0,                       0,158541,158541,0,                       0,158539
22785,158540,0,                       0,158540,158540,0,                       0,158540
22786,158541,0,                       0,158539,158539,0,                       0,158541
22787,158542,0,                       0,158538,158538,0,                       0,158542
22788,158541,0,                       0,158539,158539,0,                       0,158541
22789,158540,0,                       0,158540,158540,0,                       0,158540
22790,158539,0,                       0,158541,158541,0,                       0,158539
22791,158540,0,                       0,158540,158540,0,                       0,158540
22792,158539,0,                       0,158541,158541,0,                       0,158539
22793,158540,0,                       0,158540,158540,0,                       0,158540
22794,158541,0,                       0,158539,158539,0,                       0,158541
22795,158540,0,                       0,158540,158540,0,                       0,158540
22796,158541,0,                       0,158539,158539,0,                       0,158541
22797,158540,0,                       0,158540,158540,0,                       0,158540
22798,158541,0,                       0,158539,158539,0,                       0,158541
22799,158540,0,                       0,158540,158540,0,                       0,158540
22800,158539,0,                       0,158541,158541,0,                       0,158539
22801,158540,0,                       0,158540,158540,0,                       0,158540
22802,158541,0,                       0,158539,158539,0,                       0,158541
22803,158542,0,                       0,158538,158538,0,                       0,158542
22804,158541,0,                       0,158539,158539,0,                       0,158541
22805,158540,0,                       0,158540,158540,0,                       0,158540
22806,158541,0,                       0,158539,158539,0,                       0,158541
22807,158542,0,                       0,158538,158538,0,                       0,158542
22808,158541,0,                       0,158539,158539,0,                       0,158541
22809,158540,0,                       0,158540,158540,0,                       0,158540
22810,158539,0,                       0,158541,158541,0,                       0,158539
22811,158540,0,                       0,158540,158540,0,                       0,158540
22812,158541,0,                       0,158539,158539,0,                       0,158541
22813,158540,0,                       0,158540,158540,0,                       0,158540
22814,158541,0,                       0,158539,158539,0,                       0,158541
22815,158540,0,                       0,158540,158540,0,                       0,158540
22816,158541,0,                       0,158539,158539,0,                       0,158541
22817,158540,0,                       0,158540,158540,0,                       0,158540
22818,158539,0,                       0,158541,158541,0,                       0,158539
22819,158540,0,                       0,158540,158540,0,                       0,158540
22820,158539,0,                       0,158541,158541,0,                       0,158539
22821,158538,0,                       0,158542,158542,0,                       0,158538
22822,158539,0,                       0,158541,158541,0,                       0,158539
22823,158540,0,                       0,158540,158540,0,                       0,158540
22824,158539,0,                       0,158541,158541,0,                       0,158539
22825,158540,0,                       0,158540,158540,0,                       0,158540
22826,158541,0,                       0,158539,158539,0,                       0,158541
22827,158540,0,                       0,158540,158540,0,                       0,158540
22828,158539,0,                       0,158541,158541,0,                       0,158539
22829,158540,0,                       0,158540,158540,0,                       0,158540
22830,158541,0,                       0,158539,158539,0,                       0,158541
22831,158542,0,                       0,158538,158538,0,                       0,158542
22832,158541,0,                       0,158539,158539,0,                       0,158541
22833,158540,0,                       0,158540,158540,0,                       0,158540
22834,158539,0,                       0,158541,158541,0,                       0,158539
22835,158540,0,                       0,158540,158540,0,                       0,158540
22836,158541,0,                       0,158539,158539,0,                       0,158541
22837,158540,0,                       0,158540,158540,0,                       0,158540
22838,158539,0,                       0,158541,158541,0,                       0,158539
22839,158538,0,                       0,158542,158542,0,                       0,158538
22840,158539,0,                       0,158541,158541,0,                       0,158539
22841,158540,0,                       0,158540,158540,0,                       0,158540
22842,158541,0,                       0,158539,158539,0,                       0,158541
22843,158540,0,                       0,158540,158540,0,                       0,158540
22844,158539,0,                       0,158541,158541,0,                       0,158539
22845,158540,0,                       0,158540,158540,0,                       0,158540
22846,158539,0,                       0,158541,158541,0,                       0,158539
22847,158538,0,                       0,158542,158542,0,                       0,158538
22848,158539,0,                       0,158541,158541,0,                       0,158539
22849,158538,0,                       0,158542,158542,0,                       0,158538
22850,158539,0,                       0,158541,158541,0,                       0,158539
22851,158540,0,                       0,158540,158540,0,                       0,158540
22852,158539,0,                       0,158541,158541,0,                       0,158539
22853,158540,0,                       0,158540,158540,0,                       0,158540
22854,158539,0,                       0,158541,158541,0,                       0,158539
22855,158538,0,                       0,158542,158542,0,                       0,158538
22856,158539,0,                       0,158541,158541,0,                       0,158539
22857,158540,0,                       0,158540,158540,0,                       0,158540
22858,158539,0,                       0,158541,158541,0,                       0,158539
22859,158540,0,                       0,158540,158540,0,                       0,158540
22860,158541,0,                       0,158539,158539,0,                       0,158541
22861,158540,0,                       0,158540,158540,0,                       0,158540
22862,158541,0,                       0,158539,158539,0,                       0,158541
22863,158542,0,                       0,158538,158538,0,                       0,158542
22864,158541,0,                       0,158539,158539,0,                       0,158541
22865,158540,0,                       0,158540,158540,0,                       0,158540
22866,158541,0,                       0,158539,158539,0,                       0,158541
22867,158542,0,                       0,158538,158538,0,                       0,158542
22868,158541,0,                       0,158539,158539,0,                       0,158541
22869,158540,0,                       0,158540,158540,0,                       0,158540
22870,158541,0,                       0,158539,158539,0,                       0,158541
22871,158542,0,                       0,158538,158538,0,                       0,158542
22872,158541,0,                       0,158539,158539,0,                       0,158541
22873,158540,0,                       0,158540,158540,0,                       0,158540
22874,158541,0,                       0,158539,158539,0,                       0,158541
22875,158542,0,                       0,158538,158538,0,                       0,158542
22876,158541,0,                       0,158539,158539,0,                       0,158541
22877,158542,0,                       0,158538,158538,0,                       0,158542
22878,158541,0,                       0,158539,158539,0,                       0,158541
22879,158542,0,                       0,158538,158538,0,                       0,158542
22880,158541,0,                       0,158539,158539,0,                       0,158541
22881,158540,0,                       0,158540,158540,0,                       0,158540
22882,158541,0,                       0,158539,158539,0,                       0,158541
22883,158542,0,                       0,158538,158538,0,                       0,158542
22884,158543,0,                       0,158537,158537,0,                       0,158543
22885,158542,0,                       0,158538,158538,0,                       0,158542
22886,158541,0,                       0,158539,158539,0,                       0,158541
22887,158540,0,                       0,158540,158540,0,                       0,158540
22888,158541,0,                       0,158539,158539,0,                       0,158541
22889,158540,0,                       0,158540,158540,0,                       0,158540
22890,158541,0,                       0,158539,158539,0,                       0,158541
22891,158540,0,                       0,158540,158540,0,                       0,158540
22892,158541,0,                       0,158539,158539,0,                       0,158541
22893,158540,0,                       0,158540,158540,0,                       0,158540
22894,158539,0,                       0,158541,158541,0,                       0,158539
22895,158540,0,                       0,158540,158540,0,                       0,158540
22896,158541,0,                       0,158539,158539,0,                       0,158541
22897,158540,0,                       0,158540,158540,0,                       0,158540
22898,158541,0,                       0,158539,158539,0,                       0,158541
22899,158540,0,                       0,158540,158540,0,                       0,158540
22900,158541,0,                       0,158539,158539,0,                       0,158541
22901,158540,0,                       0,158540,158540,0,                       0,158540
22902,158541,0,                       0,158539,158539,0,                       0,158541
22903,158540,0,                       0,158540,158540,0,                       0,158540
22904,158541,0,                       0,158539,158539,0,                       0,158541
22905,158540,0,                       0,158540,158540,0,                       0,158540
22906,158541,0,                       0,158539,158539,0,                       0,158541
22907,158540,0,                       0,158540,158540,0,                       0,158540
22908,158539,0,                       0,158541,158541,0,                       0,158539
22909,158538,0,                       0,158542,158542,0,                       0,158538
22910,158537,0,                       0,158543,158543,0,                       0,158537
22911,158536,0,                       0,158544,158544,0,                       0,158536
22912,158537,0,                       0,158543,158543,0,                       0,158537
22913,158538,0,                       0,158542,158542,0,                       0,158538
22914,158539,0,                       0,158541,158541,0,                       0,158539
22915,158540,0,                       0,158540,158540,0,                       0,158540
22916,158539,0,                       0,158541,158541,0,                       0,158539
22917,158540,0,                       0,158540,158540,0,                       0,158540
22918,158539,0,                       0,158541,158541,0,                       0,158539
22919,158538,0,                       0,158542,158542,0,                       0,158538
22920,158539,0,                       0,158541,158541,0,                       0,158539
22921,158540,0,                       0,158540,158540,0,                       0,158540
22922,158539,0,                       0,158541,158541,0,                       0,158539
22923,158540,0,                       0,158540,158540,0,                       0,158540
22924,158539,0,                       0,158541,158541,0,                       0,158539
22925,158540,0,                       0,158540,158540,0,                       0,158540
22926,158541,0,                       0,158539,158539,0,                       0,158541
22927,158542,0,                       0,158538,158538,0,                       0,158542
22928,158541,0,                       0,158539,158539,0,                       0,158541
22929,158540,0,                       0,158540,158540,0,                       0,158540
22930,158539,0,                       0,158541,158541,0,                       0,158539
22931,158540,0,                       0,158540,158540,0,                       0,158540
22932,158541,0,                       0,158539,158539,0,                       0,158541
22933,158540,0,                       0,158540,158540,0,                       0,158540
22934,158541,0,                       0,158539,158539,0,                       0,158541
22935,158540,0,                       0,158540,158540,0,                       0,158540
22936,158539,0,                       0,158541,158541,0,                       0,158539
22937,158538,0,                       0,158542,158542,0,                       0,158538
22938,158539,0,                       0,158541,158541,0,                       0,158539
22939,158540,0,                       0,158540,158540,0,                       0,158540
22940,158539,0,                       0,158541,158541,0,                       0,158539
22941,158540,0,                       0,158540,158540,0,                       0,158540
22942,158539,0,                       0,158541,158541,0,                       0,158539
22943,158538,0,                       0,158542,158542,0,                       0,158538
22944,158539,0,                       0,158541,158541,0,                       0,158539
22945,158538,0,                       0,158542,158542,0,                       0,158538
22946,158539,0,                       0,158541,158541,0,                       0,158539
22947,158540,0,                       0,158540,158540,0,                       0,158540
22948,158541,0,                       0,158539,158539,0,                       0,158541
22949,158540,0,                       0,158540,158540,0,                       0,158540
22950,158541,0,                       0,158539,158539,0,                       0,158541
22951,158542,0,                       0,158538,158538,0,                       0,158542
22952,158543,0,                       0,158537,158537,0,                       0,158543
22953,158542,0,                       0,158538,158538,0,                       0,158542
22954,158543,0,                       0,158537,158537,0,                       0,158543
22955,158542,0,                       0,158538,158538,0,                       0,158542
22956,158543,0,                       0,158537,158537,0,                       0,158543
22957,158542,0,                       0,158538,158538,0,                       0,158542
22958,158541,0,                       0,158539,158539,0,                       0,158541
22959,158542,0,                       0,158538,158538,0,                       0,158542
22960,158541,0,                       0,158539,158539,0,                       0,158541
22961,158540,0,                       0,158540,158540,0,                       0,158540
22962,158539,0,                       0,158541,158541,0,                       0,158539
22963,158540,0,                       0,158540,158540,0,                       0,158540
22964,158541,0,                       0,158539,158539,0,                       0,158541
22965,158540,0,                       0,158540,158540,0,                       0,158540
22966,158539,0,                       0,158541,158541,0,                       0,158539
22967,158540,0,                       0,158540,158540,0,                       0,158540
22968,158539,0,                       0,158541,158541,0,                       0,158539
22969,158540,0,                       0,158540,158540,0,                       0,158540
22970,158539,0,                       0,158541,158541,0,                       0,158539
22971,158540,0,                       0,158540,158540,0,                       0,158540
22972,158539,0,                       0,158541,158541,0,                       0,158539
22973,158538,0,                       0,158542,158542,0,                       0,158538
22974,158539,0,                       0,158541,158541,0,                       0,158539
22975,158538,0,                       0,158542,158542,0,                       0,158538
22976,158539,0,                       0,158541,158541,0,                       0,158539
22977,158538,0,                       0,158542,158542,0,                       0,158538
22978,158539,0,                       0,158541,158541,0,                       0,158539
22979,158540,0,                       0,158540,158540,0,                       0,158540
22980,158539,0,                       0,158541,158541,0,                       0,158539
22981,158540,0,                       0,158540,158540,0,                       0,158540
22982,158539,0,                       0,158541,158541,0,                       0,158539
22983,158540,0,                       0,158540,158540,0,                       0,158540
22984,158539,0,                       0,158541,158541,0,                       0,158539
22985,158540,0,                       0,158540,158540,0,                       0,158540
22986,158539,0,                       0,158541,158541,0,                       0,158539
22987,158540,0,                       0,158540,158540,0,                       0,158540
22988,158541,0,                       0,158539,158539,0,                       0,158541
22989,158540,0,                       0,158540,158540,0,                       0,158540
22990,158539,0,                       0,158541,158541,0,                       0,158539
22991,158538,0,                       0,158542,158542,0,                       0,158538
22992,158539,0,                       0,158541,158541,0,                       0,158539
22993,158540,0,                       0,158540,158540,0,                       0,158540
22994,158541,0,                       0,158539,158539,0,                       0,158541
22995,158542,0,                       0,158538,158538,0,                       0,158542
22996,158541,0,                       0,158539,158539,0,                       0,158541
22997,158542,0,                       0,158538,158538,0,                       0,158542
22998,158541,0,                       0,158539,158539,0,                       0,158541
22999,158542,0,                       0,158538,158538,0,                       0,158542
23000,158543,0,                       0,158537,158537,0,                       0,158543
23001,158542,0,                       0,158538,158538,0,                       0,158542
23002,158543,0,                       0,158537,158537,0,                       0,158543
23003,158544,0,                       0,158536,158536,0,                       0,158544
23004,158543,0,                       0,158537,158537,0,                       0,158543
23005,158542,0,                       0,158538,158538,0,                       0,158542
23006,158541,0,                       0,158539,158539,0,                       0,158541
23007,158540,0,                       0,158540,158540,0,                       0,158540
23008,158541,0,                       0,158539,158539,0,                       0,158541
23009,158540,0,                       0,158540,158540,0,                       0,158540
23010,158539,0,                       0,158541,158541,0,                       0,158539
23011,158540,0,                       0,158540,158540,0,                       0,158540
23012,158541,0,                       0,158539,158539,0,                       0,158541
23013,158542,0,                       0,158538,158538,0,                       0,158542
23014,158541,0,                       0,158539,158539,0,                       0,158541
23015,158540,0,                       0,158540,158540,0,                       0,158540
23016,158539,0,                       0,158541,158541,0,                       0,158539
23017,158540,0,                       0,158540,158540,0,                       0,158540
23018,158541,0,                       0,158539,158539,0,                       0,158541
23019,158542,0,                       0,158538,158538,0,                       0,158542
23020,158541,0,                       0,158539,158539,0,                       0,158541
23021,158540,0,                       0,158540,158540,0,                       0,158540
23022,158541,0,                       0,158539,158539,0,                       0,158541
23023,158542,0,                       0,158538,158538,0,                       0,158542
23024,158541,0,                       0,158539,158539,0,                       0,158541
23025,158540,0,                       0,158540,158540,0,                       0,158540
23026,158539,0,                       0,158541,158541,0,                       0,158539
23027,158540,0,                       0,158540,158540,0,                       0,158540
23028,158541,0,                       0,158539,158539,0,                       0,158541
23029,158542,0,                       0,158538,158538,0,                       0,158542
23030,158543,0,                       0,158537,158537,0,                       0,158543
23031,158542,0,                       0,158538,158538,0,                       0,158542
23032,158541,0,                       0,158539,158539,0,                       0,158541
23033,158540,0,                       0,158540,158540,0,                       0,158540
23034,158541,0,                       0,158539,158539,0,                       0,158541
23035,158540,0,                       0,158540,158540,0,                       0,158540
23036,158541,0,                       0,158539,158539,0,                       0,158541
23037,158540,0,                       0,158540,158540,0,                       0,158540
23038,158539,0,                       0,158541,158541,0,                       0,158539
23039,158540,0,                       0,158540,158540,0,                       0,158540
23040,158541,0,                       0,158539,158539,0,                       0,158541
23041,158540,0,                       0,158540,158540,0,                       0,158540
23042,158541,0,                       0,158539,158539,0,                       0,158541
23043,158540,0,                       0,158540,158540,0,                       0,158540
23044,158539,0,                       0,158541,158541,0,                       0,158539
23045,158538,0,                       0,158542,158542,0,                       0,158538
23046,158539,0,                       0,158541,158541,0,                       0,158539
23047,158540,0,                       0,158540,158540,0,                       0,158540
23048,158541,0,                       0,158539,158539,0,                       0,158541
23049,158542,0,                       0,158538,158538,0,                       0,158542
23050,158541,0,                       0,158539,158539,0,                       0,158541
23051,158540,0,                       0,158540,158540,0,                       0,158540
23052,158541,0,                       0,158539,158539,0,                       0,158541
23053,158542,0,                       0,158538,158538,0,                       0,158542
23054,158541,0,                       0,158539,158539,0,                       0,158541
23055,158542,0,                       0,158538,158538,0,                       0,158542
23056,158541,0,                       0,158539,158539,0,                       0,158541
23057,158542,0,                       0,158538,158538,0,                       0,158542
23058,158541,0,                       0,158539,158539,0,                       0,158541
23059,158540,0,                       0,158540,158540,0,                       0,158540
23060,158539,0,                       0,158541,158541,0,                       0,158539
23061,158538,0,                       0,158542,158542,0,                       0,158538
23062,158539,0,                       0,158541,158541,0,                       0,158539
23063,158540,0,                       0,158540,158540,0,                       0,158540
23064,158541,0,                       0,158539,158539,0,                       0,158541
23065,158542,0,                       0,158538,158538,0,                       0,158542
23066,158541,0,                       0,158539,158539,0,                       0,158541
23067,158542,0,                       0,158538,158538,0,                       0,158542
23068,158541,0,                       0,158539,158539,0,                       0,158541
23069,158540,0,                       0,158540,158540,0,                       0,158540
23070,158541,0,                       0,158539,158539,0,                       0,158541
23071,158542,0,                       0,158538,158538,0,                       0,158542
23072,158541,0,                       0,158539,158539,0,                       0,158541
23073,158540,0,                       0,158540,158540,0,                       0,158540
23074,158541,0,                       0,158539,158539,0,                       0,158541
23075,158540,0,                       0,158540,158540,0,                       0,158540
23076,158539,0,                       0,158541,158541,0,                       0,158539
23077,158540,0,                       0,158540,158540,0,                       0,158540
23078,158539,0,                       0,158541,158541,0,                       0,158539
23079,158540,0,                       0,158540,158540,0,                       0,158540
23080,158541,0,                       0,158539,158539,0,                       0,158541
23081,158542,0,                       0,158538,158538,0,                       0,158542
23082,158541,0,                       0,158539,158539,0,                       0,158541
23083,158542,0,                       0,158538,158538,0,                       0,158542
23084,158541,0,                       0,158539,158539,0,                       0,158541
23085,158542,0,                       0,158538,158538,0,                       0,158542
23086,158543,0,                       0,158537,158537,0,                       0,158543
23087,158542,0,                       0,158538,158538,0,                       0,158542
23088,158543,0,                       0,158537,158537,0,                       0,158543
23089,158542,0,                       0,158538,158538,0,                       0,158542
23090,158541,0,                       0,158539,158539,0,                       0,158541
23091,158542,0,                       0,158538,158538,0,                       0,158542
23092,158541,0,                       0,158539,158539,0,                       0,158541
23093,158540,0,                       0,158540,158540,0,                       0,158540
23094,158541,0,                       0,158539,158539,0,                       0,158541
23095,158540,0,                       0,158540,158540,0,                       0,158540
23096,158541,0,                       0,158539,158539,0,                       0,158541
23097,158540,0,                       0,158540,158540,0,                       0,158540
23098,158541,0,                       0,158539,158539,0,                       0,158541
23099,158540,0,                       0,158540,158540,0,                       0,158540
23100,158539,0,                       0,158541,158541,0,                       0,158539
23101,158540,0,                       0,158540,158540,0,                       0,158540
23102,158541,0,                       0,158539,158539,0,                       0,158541
23103,158540,0,                       0,158540,158540,0,                       0,158540
23104,158541,0,                       0,158539,158539,0,                       0,158541
23105,158542,0,                       0,158538,158538,0,                       0,158542
23106,158543,0,                       0,158537,158537,0,                       0,158543
23107,158542,0,                       0,158538,158538,0,                       0,158542
23108,158543,0,                       0,158537,158537,0,                       0,158543
23109,158544,0,                       0,158536,158536,0,                       0,158544
23110,158543,0,                       0,158537,158537,0,                       0,158543
23111,158542,0,                       0,158538,158538,0,                       0,158542
23112,158541,0,                       0,158539,158539,0,                       0,158541
23113,158540,0,                       0,158540,158540,0,                       0,158540
23114,158539,0,                       0,158541,158541,0,                       0,158539
23115,158540,0,                       0,158540,158540,0,                       0,158540
23116,158541,0,                       0,158539,158539,0,                       0,158541
23117,158542,0,                       0,158538,158538,0,                       0,158542
23118,158541,0,                       0,158539,158539,0,                       0,158541
23119,158540,0,                       0,158540,158540,0,                       0,158540
23120,158541,0,                       0,158539,158539,0,                       0,158541
23121,158540,0,                       0,158540,158540,0,                       0,158540
23122,158541,0,                       0,158539,158539,0,                       0,158541
23123,158540,0,                       0,158540,158540,0,                       0,158540
23124,158541,0,                       0,158539,158539,0,                       0,158541
23125,158540,0,                       0,158540,158540,0,                       0,158540
23126,158539,0,                       0,158541,158541,0,                       0,158539
23127,158540,0,                       0,158540,158540,0,                       0,158540
23128,158541,0,                       0,158539,158539,0,                       0,158541
23129,158540,0,                       0,158540,158540,0,                       0,158540
23130,158539,0,                       0,158541,158541,0,                       0,158539
23131,158540,0,                       0,158540,158540,0,                       0,158540
23132,158539,0,                       0,158541,158541,0,                       0,158539
23133,158538,0,                       0,158542,158542,0,                       0,158538
23134,158539,0,                       0,158541,158541,0,                       0,158539
23135,158540,0,                       0,158540,158540,0,                       0,158540
23136,158541,0,                       0,158539,158539,0,                       0,158541
23137,158542,0,                       0,158538,158538,0,                       0,158542
23138,158541,0,                       0,158539,158539,0,                       0,158541
23139,158540,0,                       0,158540,158540,0,                       0,158540
23140,158539,0,                       0,158541,158541,0,                       0,158539
23141,158540,0,                       0,158540,158540,0,                       0,158540
23142,158539,0,                       0,158541,158541,0,                       0,158539
23143,158538,0,                       0,158542,158542,0,                       0,158538
23144,158539,0,                       0,158541,158541,0,                       0,158539
23145,158540,0,                       0,158540,158540,0,                       0,158540
23146,158541,0,                       0,158539,158539,0,                       0,158541
23147,158542,0,                       0,158538,158538,0,                       0,158542
23148,158543,0,                       0,158537,158537,0,                       0,158543
23149,158542,0,                       0,158538,158538,0,                       0,158542
23150,158541,0,                       0,158539,158539,0,                       0,158541
23151,158540,0,                       0,158540,158540,0,                       0,158540
23152,158541,0,                       0,158539,158539,0,                       0,158541
23153,158540,0,                       0,158540,158540,0,                       0,158540
23154,158541,0,                       0,158539,158539,0,                       0,158541
23155,158542,0,                       0,158538,158538,0,                       0,158542
23156,158541,0,                       0,158539,158539,0,                       0,158541
23157,158540,0,                       0,158540,158540,0,                       0,158540
23158,158539,0,                       0,158541,158541,0,                       0,158539
23159,158540,0,                       0,158540,158540,0,                       0,158540
23160,158541,0,                       0,158539,158539,0,                       0,158541
23161,158542,0,                       0,158538,158538,0,                       0,158542
23162,158541,0,                       0,158539,158539,0,                       0,158541
23163,158542,0,                       0,158538,158538,0,                       0,158542
23164,158541,0,                       0,158539,158539,0,                       0,158541
23165,158540,0,                       0,158540,158540,0,                       0,158540
23166,158541,0,                       0,158539,158539,0,                       0,158541
23167,158542,0,                       0,158538,158538,0,                       0,158542
23168,158541,0,                       0,158539,158539,0,                       0,158541
23169,158542,0,                       0,158538,158538,0,                       0,158542
23170,158541,0,                       0,158539,158539,0,                       0,158541
23171,158542,0,                       0,158538,158538,0,                       0,158542
23172,158541,0,                       0,158539,158539,0,                       0,158541
23173,158540,0,                       0,158540,158540,0,                       0,158540
23174,158539,0,                       0,158541,158541,0,                       0,158539
23175,158540,0,                       0,158540,158540,0,                       0,158540
23176,158541,0,                       0,158539,158539,0,                       0,158541
23177,158540,0,                       0,158540,158540,0,                       0,158540
23178,158539,0,                       0,158541,158541,0,                       0,158539
23179,158540,0,                       0,158540,158540,0,                       0,158540
23180,158539,0,                       0,158541,158541,0,                       0,158539
23181,158540,0,                       0,158540,158540,0,                       0,158540
23182,158541,0,                       0,158539,158539,0,                       0,158541
23183,158540,0,                       0,158540,158540,0,                       0,158540
23184,158541,0,                       0,158539,158539,0,                       0,158541
23185,158540,0,                       0,158540,158540,0,                       0,158540
23186,158539,0,                       0,158541,158541,0,                       0,158539
23187,158540,0,                       0,158540,158540,0,                       0,158540
23188,158541,0,                       0,158539,158539,0,                       0,158541
23189,158542,0,                       0,158538,158538,0,                       0,158542
23190,158541,0,                       0,158539,158539,0,                       0,158541
23191,158540,0,                       0,158540,158540,0,                       0,158540
23192,158539,0,                       0,158541,158541,0,                       0,158539
23193,158540,0,                       0,158540,158540,0,                       0,158540
23194,158539,0,                       0,158541,158541,0,                       0,158539
23195,158540,0,                       0,158540,158540,0,                       0,158540
23196,158541,0,                       0,158539,158539,0,                       0,158541
23197,158540,0,                       0,158540,158540,0,                       0,158540
23198,158541,0,                       0,158539,158539,0,                       0,158541
23199,158542,0,                       0,158538,158538,0,                       0,158542
23200,158541,0,                       0,158539,158539,0,                       0,158541
23201,158540,0,                       0,158540,158540,0,                       0,158540
23202,158539,0,                       0,158541,158541,0,                       0,158539
23203,158540,0,                       0,158540,158540,0,                       0,158540
23204,158541,0,                       0,158539,158539,0,                       0,158541
23205,158540,0,                       0,158540,158540,0,                       0,158540
23206,158539,0,                       0,158541,158541,0,                       0,158539
23207,158540,0,                       0,158540,158540,0,                       0,158540
23208,158539,0,                       0,158541,158541,0,                       0,158539
23209,158540,0,                       0,158540,158540,0,                       0,158540
23210,158539,0,                       0,158541,158541,0,                       0,158539
23211,158540,0,                       0,158540,158540,0,                       0,158540
23212,158539,0,                       0,158541,158541,0,                       0,158539
23213,158540,0,                       0,158540,158540,0,                       0,158540
23214,158541,0,                       0,158539,158539,0,                       0,158541
23215,158540,0,                       0,158540,158540,0,                       0,158540
23216,158541,0,                       0,158539,158539,0,                       0,158541
23217,158542,0,                       0,158538,158538,0,                       0,158542
23218,158541,0,                       0,158539,158539,0,                       0,158541
23219,158540,0,                       0,158540,158540,0,                       0,158540
23220,158539,0,                       0,158541,158541,0,                       0,158539
23221,158540,0,                       0,158540,158540,0,                       0,158540
23222,158541,0,                       0,158539,158539,0,                       0,158541
23223,158542,0,                       0,158538,158538,0,                       0,158542
23224,158541,0,                       0,158539,158539,0,                       0,158541
23225,158542,0,                       0,158538,158538,0,                       0,158542
23226,158541,0,                       0,158539,158539,0,                       0,158541
23227,158540,0,                       0,158540,158540,0,                       0,158540
23228,158541,0,                       0,158539,158539,0,                       0,158541
23229,158542,0,                       0,158538,158538,0,                       0,158542
23230,158541,0,                       0,158539,158539,0,                       0,158541
23231,158540,0,                       0,158540,158540,0,                       0,158540
23232,158539,0,                       0,158541,158541,0,                       0,158539
23233,158540,0,                       0,158540,158540,0,                       0,158540
23234,158539,0,                       0,158541,158541,0,                       0,158539
23235,158540,0,                       0,158540,158540,0,                       0,158540
23236,158539,0,                       0,158541,158541,0,                       0,158539
23237,158538,0,                       0,158542,158542,0,                       0,158538
23238,158537,0,                       0,158543,158543,0,                       0,158537
23239,158538,0,                       0,158542,158542,0,                       0,158538
23240,158539,0,                       0,158541,158541,0,                       0,158539
23241,158540,0,                       0,158540,158540,0,                       0,158540
23242,158541,0,                       0,158539,158539,0,                       0,158541
23243,158540,0,                       0,158540,158540,0,                       0,158540
23244,158539,0,                       0,158541,158541,0,                       0,158539
23245,158540,0,                       0,158540,158540,0,                       0,158540
23246,158539,0,                       0,158541,158541,0,                       0,158539
23247,158540,0,                       0,158540,158540,0,                       0,158540
23248,158541,0,                       0,158539,158539,0,                       0,158541
23249,158540,0,                       0,158540,158540,0,                       0,158540
23250,158539,0,                       0,158541,158541,0,                       0,158539
23251,158538,0,                       0,158542,158542,0,                       0,158538
23252,158539,0,                       0,158541,158541,0,                       0,158539
23253,158540,0,                       0,158540,158540,0,                       0,158540
23254,158541,0,                       0,158539,158539,0,                       0,158541
23255,158542,0,                       0,158538,158538,0,                       0,158542
23256,158541,0,                       0,158539,158539,0,                       0,158541
23257,158542,0,                       0,158538,158538,0,                       0,158542
23258,158541,0,                       0,158539,158539,0,                       0,158541
23259,158540,0,                       0,158540,158540,0,                       0,158540
23260,158539,0,                       0,158541,158541,0,                       0,158539
23261,158540,0,                       0,158540,158540,0,                       0,158540
23262,158539,0,                       0,158541,158541,0,                       0,158539
23263,158540,0,                       0,158540,158540,0,                       0,158540
23264,158541,0,                       0,158539,158539,0,                       0,158541
23265,158540,0,                       0,158540,158540,0,                       0,158540
23266,158539,0,                       0,158541,158541,0,                       0,158539
23267,158538,0,                       0,158542,158542,0,                       0,158538
23268,158539,0,                       0,158541,158541,0,                       0,158539
23269,158540,0,                       0,158540,158540,0,                       0,158540
23270,158541,0,                       0,158539,158539,0,                       0,158541
23271,158542,0,                       0,158538,158538,0,                       0,158542
23272,158541,0,                       0,158539,158539,0,                       0,158541
23273,158540,0,                       0,158540,158540,0,                       0,158540
23274,158539,0,                       0,158541,158541,0,                       0,158539
23275,158538,0,                       0,158542,158542,0,                       0,158538
23276,158537,0,                       0,158543,158543,0,                       0,158537
23277,158538,0,                       0,158542,158542,0,                       0,158538
23278,158539,0,                       0,158541,158541,0,                       0,158539
23279,158540,0,                       0,158540,158540,0,                       0,158540
23280,158541,0,                       0,158539,158539,0,                       0,158541
23281,158540,0,                       0,158540,158540,0,                       0,158540
23282,158539,0,                       0,158541,158541,0,                       0,158539
23283,158540,0,                       0,158540,158540,0,                       0,158540
23284,158539,0,                       0,158541,158541,0,                       0,158539
23285,158538,0,                       0,158542,158542,0,                       0,158538
23286,158539,0,                       0,158541,158541,0,                       0,158539
23287,158540,0,                       0,158540,158540,0,                       0,158540
23288,158541,0,                       0,158539,158539,0,                       0,158541
23289,158542,0,                       0,158538,158538,0,                       0,158542
23290,158543,0,                       0,158537,158537,0,                       0,158543
23291,158542,0,                       0,158538,158538,0,                       0,158542
23292,158541,0,                       0,158539,158539,0,                       0,158541
23293,158542,0,                       0,158538,158538,0,                       0,158542
23294,158541,0,                       0,158539,158539,0,                       0,158541
23295,158540,0,                       0,158540,158540,0,                       0,158540
23296,158541,0,                       0,158539,158539,0,                       0,158541
23297,158542,0,                       0,158538,158538,0,                       0,158542
23298,158543,0,                       0,158537,158537,0,                       0,158543
23299,158542,0,                       0,158538,158538,0,                       0,158542
23300,158543,0,                       0,158537,158537,0,                       0,158543
23301,158542,0,                       0,158538,158538,0,                       0,158542
23302,158541,0,                       0,158539,158539,0,                       0,158541
23303,158540,0,                       0,158540,158540,0,                       0,158540
23304,158539,0,                       0,158541,158541,0,                       0,158539
23305,158540,0,                       0,158540,158540,0,                       0,158540
23306,158541,0,                       0,158539,158539,0,                       0,158541
23307,158542,0,                       0,158538,158538,0,                       0,158542
23308,158541,0,                       0,158539,158539,0,                       0,158541
23309,158542,0,                       0,158538,158538,0,                       0,158542
23310,158541,0,                       0,158539,158539,0,                       0,158541
23311,158542,0,                       0,158538,158538,0,                       0,158542
23312,158541,0,                       0,158539,158539,0,                       0,158541
23313,158542,0,                       0,158538,158538,0,                       0,158542
23314,158541,0,                       0,158539,158539,0,                       0,158541
23315,158540,0,                       0,158540,158540,0,                       0,158540
23316,158541,0,                       0,158539,158539,0,                       0,158541
23317,158540,0,                       0,158540,158540,0,                       0,158540
23318,158541,0,                       0,158539,158539,0,                       0,158541
23319,158540,0,                       0,158540,158540,0,                       0,158540
23320,158539,0,                       0,158541,158541,0,                       0,158539
23321,158540,0,                       0,158540,158540,0,                       0,158540
23322,158541,0,                       0,158539,158539,0,                       0,158541
23323,158542,0,                       0,158538,158538,0,                       0,158542
23324,158541,0,                       0,158539,158539,0,                       0,158541
23325,158542,0,                       0,158538,158538,0,                       0,158542
23326,158541,0,                       0,158539,158539,0,                       0,158541
23327,158542,0,                       0,158538,158538,0,                       0,158542
23328,158541,0,                       0,158539,158539,0,                       0,158541
23329,158542,0,                       0,158538,158538,0,                       0,158542
23330,158541,0,                       0,158539,158539,0,                       0,158541
23331,158540,0,                       0,158540,158540,0,                       0,158540
23332,158541,0,                       0,158539,158539,0,                       0,158541
23333,158540,0,                       0,158540,158540,0,                       0,158540
23334,158541,0,                       0,158539,158539,0,                       0,158541
23335,158540,0,                       0,158540,158540,0,                       0,158540
23336,158539,0,                       0,158541,158541,0,                       0,158539
23337,158540,0,                       0,158540,158540,0,                       0,158540
23338,158539,0,                       0,158541,158541,0,                       0,158539
23339,158540,0,                       0,158540,158540,0,                       0,158540
23340,158539,0,                       0,158541,158541,0,                       0,158539
23341,158540,0,                       0,158540,158540,0,                       0,158540
23342,158539,0,                       0,158541,158541,0,                       0,158539
23343,158540,0,                       0,158540,158540,0,                       0,158540
23344,158539,0,                       0,158541,158541,0,                       0,158539
23345,158540,0,                       0,158540,158540,0,                       0,158540
23346,158541,0,                       0,158539,158539,0,                       0,158541
23347,158540,0,                       0,158540,158540,0,                       0,158540
23348,158541,0,                       0,158539,158539,0,                       0,158541
23349,158540,0,                       0,158540,158540,0,                       0,158540
23350,158541,0,                       0,158539,158539,0,                       0,158541
23351,158540,0,                       0,158540,158540,0,                       0,158540
23352,158541,0,                       0,158539,158539,0,                       0,158541
23353,158540,0,                       0,158540,158540,0,                       0,158540
23354,158539,0,                       0,158541,158541,0,                       0,158539
23355,158540,0,                       0,158540,158540,0,                       0,158540
23356,158539,0,                       0,158541,158541,0,                       0,158539
23357,158538,0,                       0,158542,158542,0,                       0,158538
23358,158539,0,                       0,158541,158541,0,                       0,158539
23359,158540,0,                       0,158540,158540,0,                       0,158540
23360,158541,0,                       0,158539,158539,0,                       0,158541
23361,158542,0,                       0,158538,158538,0,                       0,158542
23362,158543,0,                       0,158537,158537,0,                       0,158543
23363,158544,0,                       0,158536,158536,0,                       0,158544
23364,158543,0,                       0,158537,158537,0,                       0,158543
23365,158544,0,                       0,158536,158536,0,                       0,158544
23366,158545,0,                       0,158535,158535,0,                       0,158545
23367,158544,0,                       0,158536,158536,0,                       0,158544
23368,158543,0,                       0,158537,158537,0,                       0,158543
23369,158542,0,                       0,158538,158538,0,                       0,158542
23370,158543,0,                       0,158537,158537,0,                       0,158543
23371,158544,0,                       0,158536,158536,0,                       0,158544
23372,158545,0,                       0,158535,158535,0,                       0,158545
23373,158546,0,                       0,158534,158534,0,                       0,158546
23374,158547,0,                       0,158533,158533,0,                       0,158547
23375,158548,0,                       0,158532,158532,0,                       0,158548
23376,158549,0,                       0,158531,158531,0,                       0,158549
23377,158548,0,                       0,158532,158532,0,                       0,158548
23378,158547,0,                       0,158533,158533,0,                       0,158547
23379,158546,0,                       0,158534,158534,0,                       0,158546
23380,158545,0,                       0,158535,158535,0,                       0,158545
23381,158544,0,                       0,158536,158536,0,                       0,158544
23382,158543,0,                       0,158537,158537,0,                       0,158543
23383,158542,0,                       0,158538,158538,0,                       0,158542
23384,158541,0,                       0,158539,158539,0,                       0,158541
23385,158542,0,                       0,158538,158538,0,                       0,158542
23386,158541,0,                       0,158539,158539,0,                       0,158541
23387,158540,0,                       0,158540,158540,0,                       0,158540
23388,158539,0,                       0,158541,158541,0,                       0,158539
23389,158540,0,                       0,158540,158540,0,                       0,158540
23390,158539,0,                       0,158541,158541,0,                       0,158539
23391,158540,0,                       0,158540,158540,0,                       0,158540
23392,158541,0,                       0,158539,158539,0,                       0,158541
23393,158542,0,                       0,158538,158538,0,                       0,158542
23394,158543,0,                       0,158537,158537,0,                       0,158543
23395,158542,0,                       0,158538,158538,0,                       0,158542
23396,158541,0,                       0,158539,158539,0,                       0,158541
23397,158542,0,                       0,158538,158538,0,                       0,158542
23398,158543,0,                       0,158537,158537,0,                       0,158543
23399,158542,0,                       0,158538,158538,0,                       0,158542
23400,158543,0,                       0,158537,158537,0,                       0,158543
23401,158542,0,                       0,158538,158538,0,                       0,158542
23402,158541,0,                       0,158539,158539,0,                       0,158541
23403,158540,0,                       0,158540,158540,0,                       0,158540
23404,158541,0,                       0,158539,158539,0,                       0,158541
23405,158540,0,                       0,158540,158540,0,                       0,158540
23406,158541,0,                       0,158539,158539,0,                       0,158541
23407,158542,0,                       0,158538,158538,0,                       0,158542
23408,158541,0,                       0,158539,158539,0,                       0,158541
23409,158540,0,                       0,158540,158540,0,                       0,158540
23410,158539,0,                       0,158541,158541,0,                       0,158539
23411,158538,0,                       0,158542,158542,0,                       0,158538
23412,158537,0,                       0,158543,158543,0,                       0,158537
23413,158538,0,                       0,158542,158542,0,                       0,158538
23414,158539,0,                       0,158541,158541,0,                       0,158539
23415,158540,0,                       0,158540,158540,0,                       0,158540
23416,158541,0,                       0,158539,158539,0,                       0,158541
23417,158542,0,                       0,158538,158538,0,                       0,158542
23418,158541,0,                       0,158539,158539,0,                       0,158541
23419,158540,0,                       0,158540,158540,0,                       0,158540
23420,158541,0,                       0,158539,158539,0,                       0,158541
23421,158542,0,                       0,158538,158538,0,                       0,158542
23422,158541,0,                       0,158539,158539,0,                       0,158541
23423,158542,0,                       0,158538,158538,0,                       0,158542
23424,158541,0,                       0,158539,158539,0,                       0,158541
23425,158542,0,                       0,158538,158538,0,                       0,158542
23426,158543,0,                       0,158537,158537,0,                       0,158543
23427,158544,0,                       0,158536,158536,0,                       0,158544
23428,158543,0,                       0,158537,158537,0,                       0,158543
23429,158542,0,                       0,158538,158538,0,                       0,158542
23430,158541,0,                       0,158539,158539,0,                       0,158541
23431,158542,0,                       0,158538,158538,0,                       0,158542
23432,158543,0,                       0,158537,158537,0,                       0,158543
23433,158544,0,                       0,158536,158536,0,                       0,158544
23434,158543,0,                       0,158537,158537,0,                       0,158543
23435,158542,0,                       0,158538,158538,0,                       0,158542
23436,158541,0,                       0,158539,158539,0,                       0,158541
23437,158542,0,                       0,158538,158538,0,                       0,158542
23438,158541,0,                       0,158539,158539,0,                       0,158541
23439,158542,0,                       0,158538,158538,0,                       0,158542
23440,158541,0,                       0,158539,158539,0,                       0,158541
23441,158542,0,                       0,158538,158538,0,                       0,158542
23442,158541,0,                       0,158539,158539,0,                       0,158541
23443,158542,0,                       0,158538,158538,0,                       0,158542
23444,158543,0,                       0,158537,158537,0,                       0,158543
23445,158544,0,                       0,158536,158536,0,                       0,158544
23446,158545,0,                       0,158535,158535,0,                       0,158545
23447,158546,0,                       0,158534,158534,0,                       0,158546
23448,158547,0,                       0,158533,158533,0,                       0,158547
23449,158548,0,                       0,158532,158532,0,                       0,158548
23450,158547,0,                       0,158533,158533,0,                       0,158547
23451,158546,0,                       0,158534,158534,0,                       0,158546
23452,158545,0,                       0,158535,158535,0,                       0,158545
23453,158544,0,                       0,158536,158536,0,                       0,158544
23454,158543,0,                       0,158537,158537,0,                       0,158543
23455,158542,0,                       0,158538,158538,0,                       0,158542
23456,158541,0,                       0,158539,158539,0,                       0,158541
23457,158540,0,                       0,158540,158540,0,                       0,158540
23458,158541,0,                       0,158539,158539,0,                       0,158541
23459,158542,0,                       0,158538,158538,0,                       0,158542
23460,158541,0,                       0,158539,158539,0,                       0,158541
23461,158540,0,                       0,158540,158540,0,                       0,158540
23462,158541,0,                       0,158539,158539,0,                       0,158541
23463,158540,0,                       0,158540,158540,0,                       0,158540
23464,158539,0,                       0,158541,158541,0,                       0,158539
23465,158540,0,                       0,158540,158540,0,                       0,158540
23466,158541,0,                       0,158539,158539,0,                       0,158541
23467,158540,0,                       0,158540,158540,0,                       0,158540
23468,158541,0,                       0,158539,158539,0,                       0,158541
23469,158540,0,                       0,158540,158540,0,                       0,158540
23470,158541,0,                       0,158539,158539,0,                       0,158541
23471,158540,0,                       0,158540,158540,0,                       0,158540
23472,158539,0,                       0,158541,158541,0,                       0,158539
23473,158540,0,                       0,158540,158540,0,                       0,158540
23474,158541,0,                       0,158539,158539,0,                       0,158541
23475,158540,0,                       0,158540,158540,0,                       0,158540
23476,158539,0,                       0,158541,158541,0,                       0,158539
23477,158540,0,                       0,158540,158540,0,                       0,158540
23478,158539,0,                       0,158541,158541,0,                       0,158539
23479,158540,0,                       0,158540,158540,0,                       0,158540
23480,158541,0,                       0,158539,158539,0,                       0,158541
23481,158542,0,                       0,158538,158538,0,                       0,158542
23482,158543,0,                       0,158537,158537,0,                       0,158543
23483,158542,0,                       0,158538,158538,0,                       0,158542
23484,158541,0,                       0,158539,158539,0,                       0,158541
23485,158542,0,                       0,158538,158538,0,                       0,158542
23486,158541,0,                       0,158539,158539,0,                       0,158541
23487,158540,0,                       0,158540,158540,0,                       0,158540
23488,158541,0,                       0,158539,158539,0,                       0,158541
23489,158540,0,                       0,158540,158540,0,                       0,158540
23490,158539,0,                       0,158541,158541,0,                       0,158539
23491,158540,0,                       0,158540,158540,0,                       0,158540
23492,158539,0,                       0,158541,158541,0,                       0,158539
23493,158538,0,                       0,158542,158542,0,                       0,158538
23494,158539,0,                       0,158541,158541,0,                       0,158539
23495,158540,0,                       0,158540,158540,0,                       0,158540
23496,158539,0,                       0,158541,158541,0,                       0,158539
23497,158540,0,                       0,158540,158540,0,                       0,158540
23498,158541,0,                       0,158539,158539,0,                       0,158541
23499,158540,0,                       0,158540,158540,0,                       0,158540
23500,158539,0,                       0,158541,158541,0,                       0,158539
23501,158538,0,                       0,158542,158542,0,                       0,158538
23502,158539,0,                       0,158541,158541,0,                       0,158539
23503,158540,0,                       0,158540,158540,0,                       0,158540
23504,158539,0,                       0,158541,158541,0,                       0,158539
23505,158540,0,                       0,158540,158540,0,                       0,158540
23506,158539,0,                       0,158541,158541,0,                       0,158539
23507,158540,0,                       0,158540,158540,0,                       0,158540
23508,158539,0,                       0,158541,158541,0,                       0,158539
23509,158540,0,                       0,158540,158540,0,                       0,158540
23510,158539,0,                       0,158541,158541,0,                       0,158539
23511,158540,0,                       0,158540,158540,0,                       0,158540
23512,158541,0,                       0,158539,158539,0,                       0,158541
23513,158542,0,                       0,158538,158538,0,                       0,158542
23514,158541,0,                       0,158539,158539,0,                       0,158541
23515,158540,0,                       0,158540,158540,0,                       0,158540
23516,158539,0,                       0,158541,158541,0,                       0,158539
23517,158540,0,                       0,158540,158540,0,                       0,158540
23518,158541,0,                       0,158539,158539,0,                       0,158541
23519,158542,0,                       0,158538,158538,0,                       0,158542
23520,158541,0,                       0,158539,158539,0,                       0,158541
23521,158540,0,                       0,158540,158540,0,                       0,158540
23522,158541,0,                       0,158539,158539,0,                       0,158541
23523,158542,0,                       0,158538,158538,0,                       0,158542
23524,158543,0,                       0,158537,158537,0,                       0,158543
23525,158542,0,                       0,158538,158538,0,                       0,158542
23526,158541,0,                       0,158539,158539,0,                       0,158541
23527,158542,0,                       0,158538,158538,0,                       0,158542
23528,158541,0,                       0,158539,158539,0,                       0,158541
23529,158542,0,                       0,158538,158538,0,                       0,158542
23530,158541,0,                       0,158539,158539,0,                       0,158541
23531,158542,0,                       0,158538,158538,0,                       0,158542
23532,158541,0,                       0,158539,158539,0,                       0,158541
23533,158540,0,                       0,158540,158540,0,                       0,158540
23534,158541,0,                       0,158539,158539,0,                       0,158541
23535,158540,0,                       0,158540,158540,0,                       0,158540
23536,158541,0,                       0,158539,158539,0,                       0,158541
23537,158540,0,                       0,158540,158540,0,                       0,158540
23538,158541,0,                       0,158539,158539,0,                       0,158541
23539,158542,0,                       0,158538,158538,0,                       0,158542
23540,158543,0,                       0,158537,158537,0,                       0,158543
23541,158544,0,                       0,158536,158536,0,                       0,158544
23542,158543,0,                       0,158537,158537,0,                       0,158543
23543,158542,0,                       0,158538,158538,0,                       0,158542
23544,158541,0,                       0,158539,158539,0,                       0,158541
23545,158540,0,                       0,158540,158540,0,                       0,158540
23546,158539,0,                       0,158541,158541,0,                       0,158539
23547,158538,0,                       0,158542,158542,0,                       0,158538
23548,158537,0,                       0,158543,158543,0,                       0,158537
23549,158536,0,                       0,158544,158544,0,                       0,158536
23550,158535,0,                       0,158545,158545,0,                       0,158535
23551,158536,0,                       0,158544,158544,0,                       0,158536
23552,158537,0,                       0,158543,158543,0,                       0,158537
23553,158538,0,                       0,158542,158542,0,                       0,158538
23554,158539,0,                       0,158541,158541,0,                       0,158539
23555,158540,0,                       0,158540,158540,0,                       0,158540
23556,158539,0,                       0,158541,158541,0,                       0,158539
23557,158538,0,                       0,158542,158542,0,                       0,158538
23558,158539,0,                       0,158541,158541,0,                       0,158539
23559,158540,0,                       0,158540,158540,0,                       0,158540
23560,158541,0,                       0,158539,158539,0,                       0,158541
23561,158540,0,                       0,158540,158540,0,                       0,158540
23562,158539,0,                       0,158541,158541,0,                       0,158539
23563,158540,0,                       0,158540,158540,0,                       0,158540
23564,158539,0,                       0,158541,158541,0,                       0,158539
23565,158538,0,                       0,158542,158542,0,                       0,158538
23566,158537,0,                       0,158543,158543,0,                       0,158537
23567,158536,0,                       0,158544,158544,0,                       0,158536
23568,158537,0,                       0,158543,158543,0,                       0,158537
23569,158538,0,                       0,158542,158542,0,                       0,158538
23570,158539,0,                       0,158541,158541,0,                       0,158539
23571,158540,0,                       0,158540,158540,0,                       0,158540
23572,158541,0,                       0,158539,158539,0,                       0,158541
23573,158542,0,                       0,158538,158538,0,                       0,158542
23574,158541,0,                       0,158539,158539,0,                       0,158541
23575,158540,0,                       0,158540,158540,0,                       0,158540
23576,158541,0,                       0,158539,158539,0,                       0,158541
23577,158540,0,                       0,158540,158540,0,                       0,158540
23578,158539,0,                       0,158541,158541,0,                       0,158539
23579,158540,0,                       0,158540,158540,0,                       0,158540
23580,158541,0,                       0,158539,158539,0,                       0,158541
23581,158540,0,                       0,158540,158540,0,                       0,158540
23582,158541,0,                       0,158539,158539,0,                       0,158541
23583,158542,0,                       0,158538,158538,0,                       0,158542
23584,158541,0,                       0,158539,158539,0,                       0,158541
23585,158540,0,                       0,158540,158540,0,                       0,158540
23586,158541,0,                       0,158539,158539,0,                       0,158541
23587,158540,0,                       0,158540,158540,0,                       0,158540
23588,158539,0,                       0,158541,158541,0,                       0,158539
23589,158538,0,                       0,158542,158542,0,                       0,158538
23590,158537,0,                       0,158543,158543,0,                       0,158537
23591,158538,0,                       0,158542,158542,0,                       0,158538
23592,158537,0,                       0,158543,158543,0,                       0,158537
23593,158536,0,                       0,158544,158544,0,                       0,158536
23594,158537,0,                       0,158543,158543,0,                       0,158537
23595,158536,0,                       0,158544,158544,0,                       0,158536
23596,158537,0,                       0,158543,158543,0,                       0,158537
23597,158538,0,                       0,158542,158542,0,                       0,158538
23598,158539,0,                       0,158541,158541,0,                       0,158539
23599,158540,0,                       0,158540,158540,0,                       0,158540
23600,158541,0,                       0,158539,158539,0,                       0,158541
23601,158542,0,                       0,158538,158538,0,                       0,158542
23602,158543,0,                       0,158537,158537,0,                       0,158543
23603,158544,0,                       0,158536,158536,0,                       0,158544
23604,158545,0,                       0,158535,158535,0,                       0,158545
23605,158546,0,                       0,158534,158534,0,                       0,158546
23606,158547,0,                       0,158533,158533,0,                       0,158547
23607,158546,0,                       0,158534,158534,0,                       0,158546
23608,158545,0,                       0,158535,158535,0,                       0,158545
23609,158544,0,                       0,158536,158536,0,                       0,158544
23610,158543,0,                       0,158537,158537,0,                       0,158543
23611,158542,0,                       0,158538,158538,0,                       0,158542
23612,158541,0,                       0,158539,158539,0,                       0,158541
23613,158542,0,                       0,158538,158538,0,                       0,158542
23614,158543,0,                       0,158537,158537,0,                       0,158543
23615,158542,0,                       0,158538,158538,0,                       0,158542
23616,158541,0,                       0,158539,158539,0,                       0,158541
23617,158540,0,                       0,158540,158540,0,                       0,158540
23618,158539,0,                       0,158541,158541,0,                       0,158539
23619,158538,0,                       0,158542,158542,0,                       0,158538
23620,158539,0,                       0,158541,158541,0,                       0,158539
23621,158538,0,                       0,158542,158542,0,                       0,158538
23622,158537,0,                       0,158543,158543,0,                       0,158537
23623,158538,0,                       0,158542,158542,0,                       0,158538
23624,158537,0,                       0,158543,158543,0,                       0,158537
23625,158536,0,                       0,158544,158544,0,                       0,158536
23626,158535,0,                       0,158545,158545,0,                       0,158535
23627,158536,0,                       0,158544,158544,0,                       0,158536
23628,158537,0,                       0,158543,158543,0,                       0,158537
23629,158536,0,                       0,158544,158544,0,                       0,158536
23630,158537,0,                       0,158543,158543,0,                       0,158537
23631,158538,0,                       0,158542,158542,0,                       0,158538
23632,158539,0,                       0,158541,158541,0,                       0,158539
23633,158540,0,                       0,158540,158540,0,                       0,158540
23634,158541,0,                       0,158539,158539,0,                       0,158541
23635,158540,0,                       0,158540,158540,0,                       0,158540
23636,158541,0,                       0,158539,158539,0,                       0,158541
23637,158542,0,                       0,158538,158538,0,                       0,158542
23638,158541,0,                       0,158539,158539,0,                       0,158541
23639,158542,0,                       0,158538,158538,0,                       0,158542
23640,158541,0,                       0,158539,158539,0,                       0,158541
23641,158540,0,                       0,158540,158540,0,                       0,158540
23642,158539,0,                       0,158541,158541,0,                       0,158539
23643,158540,0,                       0,158540,158540,0,                       0,158540
23644,158541,0,                       0,158539,158539,0,                       0,158541
23645,158540,0,                       0,158540,158540,0,                       0,158540
23646,158539,0,                       0,158541,158541,0,                       0,158539
23647,158540,0,                       0,158540,158540,0,                       0,158540
23648,158539,0,                       0,158541,158541,0,                       0,158539
23649,158540,0,                       0,158540,158540,0,                       0,158540
23650,158539,0,                       0,158541,158541,0,                       0,158539
23651,158540,0,                       0,158540,158540,0,                       0,158540
23652,158541,0,                       0,158539,158539,0,                       0,158541
23653,158540,0,                       0,158540,158540,0,                       0,158540
23654,158541,0,                       0,158539,158539,0,                       0,158541
23655,158540,0,                       0,158540,158540,0,                       0,158540
23656,158541,0,                       0,158539,158539,0,                       0,158541
23657,158540,0,                       0,158540,158540,0,                       0,158540
23658,158541,0,                       0,158539,158539,0,                       0,158541
23659,158540,0,                       0,158540,158540,0,                       0,158540
23660,158539,0,                       0,158541,158541,0,                       0,158539
23661,158540,0,                       0,158540,158540,0,                       0,158540
23662,158541,0,                       0,158539,158539,0,                       0,158541
23663,158540,0,                       0,158540,158540,0,                       0,158540
23664,158539,0,                       0,158541,158541,0,                       0,158539
23665,158540,0,                       0,158540,158540,0,                       0,158540
23666,158539,0,                       0,158541,158541,0,                       0,158539
23667,158538,0,                       0,158542,158542,0,                       0,158538
23668,158539,0,                       0,158541,158541,0,                       0,158539
23669,158540,0,                       0,158540,158540,0,                       0,158540
23670,158541,0,                       0,158539,158539,0,                       0,158541
23671,158540,0,                       0,158540,158540,0,                       0,158540
23672,158539,0,                       0,158541,158541,0,                       0,158539
23673,158540,0,                       0,158540,158540,0,                       0,158540
23674,158541,0,                       0,158539,158539,0,                       0,158541
23675,158540,0,                       0,158540,158540,0,                       0,158540
23676,158541,0,                       0,158539,158539,0,                       0,158541
23677,158540,0,                       0,158540,158540,0,                       0,158540
23678,158539,0,                       0,158541,158541,0,                       0,158539
23679,158540,0,                       0,158540,158540,0,                       0,158540
23680,158541,0,                       0,158539,158539,0,                       0,158541
23681,158542,0,                       0,158538,158538,0,                       0,158542
23682,158541,0,                       0,158539,158539,0,                       0,158541
23683,158540,0,                       0,158540,158540,0,                       0,158540
23684,158541,0,                       0,158539,158539,0,                       0,158541
23685,158542,0,                       0,158538,158538,0,                       0,158542
23686,158541,0,                       0,158539,158539,0,                       0,158541
23687,158542,0,                       0,158538,158538,0,                       0,158542
23688,158541,0,                       0,158539,158539,0,                       0,158541
23689,158542,0,                       0,158538,158538,0,                       0,158542
23690,158541,0,                       0,158539,158539,0,                       0,158541
23691,158540,0,                       0,158540,158540,0,                       0,158540
23692,158541,0,                       0,158539,158539,0,                       0,158541
23693,158540,0,                       0,158540,158540,0,                       0,158540
23694,158541,0,                       0,158539,158539,0,                       0,158541
23695,158540,0,                       0,158540,158540,0,                       0,158540
23696,158541,0,                       0,158539,158539,0,                       0,158541
23697,158542,0,                       0,158538,158538,0,                       0,158542
23698,158541,0,                       0,158539,158539,0,                       0,158541
23699,158540,0,                       0,158540,158540,0,                       0,158540
23700,158539,0,                       0,158541,158541,0,                       0,158539
23701,158540,0,                       0,158540,158540,0,                       0,158540
23702,158541,0,                       0,158539,158539,0,                       0,158541
23703,158540,0,                       0,158540,158540,0,                       0,158540
23704,158541,0,                       0,158539,158539,0,                       0,158541
23705,158540,0,                       0,158540,158540,0,                       0,158540
23706,158539,0,                       0,158541,158541,0,                       0,158539
23707,158540,0,                       0,158540,158540,0,                       0,158540
23708,158539,0,                       0,158541,158541,0,                       0,158539
23709,158540,0,                       0,158540,158540,0,                       0,158540
23710,158541,0,                       0,158539,158539,0,                       0,158541
23711,158540,0,                       0,158540,158540,0,                       0,158540
23712,158541,0,                       0,158539,158539,0,                       0,158541
23713,158542,0,                       0,158538,158538,0,                       0,158542
23714,158541,0,                       0,158539,158539,0,                       0,158541
23715,158540,0,                       0,158540,158540,0,                       0,158540
23716,158539,0,                       0,158541,158541,0,                       0,158539
23717,158540,0,                       0,158540,158540,0,                       0,158540
23718,158541,0,                       0,158539,158539,0,                       0,158541
23719,158540,0,                       0,158540,158540,0,                       0,158540
23720,158539,0,                       0,158541,158541,0,                       0,158539
23721,158540,0,                       0,158540,158540,0,                       0,158540
23722,158541,0,                       0,158539,158539,0,                       0,158541
23723,158542,0,                       0,158538,158538,0,                       0,158542
23724,158541,0,                       0,158539,158539,0,                       0,158541
23725,158542,0,                       0,158538,158538,0,                       0,158542
23726,158541,0,                       0,158539,158539,0,                       0,158541
23727,158540,0,                       0,158540,158540,0,                       0,158540
23728,158541,0,                       0,158539,158539,0,                       0,158541
23729,158540,0,                       0,158540,158540,0,                       0,158540
23730,158541,0,                       0,158539,158539,0,                       0,158541
23731,158542,0,                       0,158538,158538,0,                       0,158542
23732,158543,0,                       0,158537,158537,0,                       0,158543
23733,158544,0,                       0,158536,158536,0,                       0,158544
23734,158545,0,                       0,158535,158535,0,                       0,158545
23735,158546,0,                       0,158534,158534,0,                       0,158546
23736,158545,0,                       0,158535,158535,0,                       0,158545
23737,158544,0,                       0,158536,158536,0,                       0,158544
23738,158543,0,                       0,158537,158537,0,                       0,158543
23739,158542,0,                       0,158538,158538,0,                       0,158542
23740,158541,0,                       0,158539,158539,0,                       0,158541
23741,158540,0,                       0,158540,158540,0,                       0,158540
23742,158539,0,                       0,158541,158541,0,                       0,158539
23743,158540,0,                       0,158540,158540,0,                       0,158540
23744,158539,0,                       0,158541,158541,0,                       0,158539
23745,158540,0,                       0,158540,158540,0,                       0,158540
23746,158541,0,                       0,158539,158539,0,                       0,158541
23747,158540,0,                       0,158540,158540,0,                       0,158540
23748,158541,0,                       0,158539,158539,0,                       0,158541
23749,158540,0,                       0,158540,158540,0,                       0,158540
23750,158539,0,                       0,158541,158541,0,                       0,158539
23751,158540,0,                       0,158540,158540,0,                       0,158540
23752,158541,0,                       0,158539,158539,0,                       0,158541
23753,158540,0,                       0,158540,158540,0,                       0,158540
23754,158539,0,                       0,158541,158541,0,                       0,158539
23755,158540,0,                       0,158540,158540,0,                       0,158540
23756,158541,0,                       0,158539,158539,0,                       0,158541
23757,158540,0,                       0,158540,158540,0,                       0,158540
23758,158541,0,                       0,158539,158539,0,                       0,158541
23759,158540,0,                       0,158540,158540,0,                       0,158540
23760,158539,0,                       0,158541,158541,0,                       0,158539
23761,158538,0,                       0,158542,158542,0,                       0,158538
23762,158539,0,                       0,158541,158541,0,                       0,158539
23763,158540,0,                       0,158540,158540,0,                       0,158540
23764,158541,0,                       0,158539,158539,0,                       0,158541
23765,158540,0,                       0,158540,158540,0,                       0,158540
23766,158539,0,                       0,158541,158541,0,                       0,158539
23767,158538,0,                       0,158542,158542,0,                       0,158538
23768,158539,0,                       0,158541,158541,0,                       0,158539
23769,158540,0,                       0,158540,158540,0,                       0,158540
23770,158539,0,                       0,158541,158541,0,                       0,158539
23771,158540,0,                       0,158540,158540,0,                       0,158540
23772,158539,0,                       0,158541,158541,0,                       0,158539
23773,158540,0,                       0,158540,158540,0,                       0,158540
23774,158539,0,                       0,158541,158541,0,                       0,158539
23775,158538,0,                       0,158542,158542,0,                       0,158538
23776,158539,0,                       0,158541,158541,0,                       0,158539
23777,158540,0,                       0,158540,158540,0,                       0,158540
23778,158541,0,                       0,158539,158539,0,                       0,158541
23779,158540,0,                       0,158540,158540,0,                       0,158540
23780,158541,0,                       0,158539,158539,0,                       0,158541
23781,158540,0,                       0,158540,158540,0,                       0,158540
23782,158539,0,                       0,158541,158541,0,                       0,158539
23783,158538,0,                       0,158542,158542,0,                       0,158538
23784,158537,0,                       0,158543,158543,0,                       0,158537
23785,158538,0,                       0,158542,158542,0,                       0,158538
23786,158539,0,                       0,158541,158541,0,                       0,158539
23787,158538,0,                       0,158542,158542,0,                       0,158538
23788,158537,0,                       0,158543,158543,0,                       0,158537
23789,158538,0,                       0,158542,158542,0,                       0,158538
23790,158539,0,                       0,158541,158541,0,                       0,158539
23791,158540,0,                       0,158540,158540,0,                       0,158540
23792,158539,0,                       0,158541,158541,0,                       0,158539
23793,158540,0,                       0,158540,158540,0,                       0,158540
23794,158541,0,                       0,158539,158539,0,                       0,158541
23795,158542,0,                       0,158538,158538,0,                       0,158542
23796,158541,0,                       0,158539,158539,0,                       0,158541
23797,158540,0,                       0,158540,158540,0,                       0,158540
23798,158539,0,                       0,158541,158541,0,                       0,158539
23799,158540,0,                       0,158540,158540,0,                       0,158540
23800,158541,0,                       0,158539,158539,0,                       0,158541
23801,158542,0,                       0,158538,158538,0,                       0,158542
23802,158543,0,                       0,158537,158537,0,                       0,158543
23803,158544,0,                       0,158536,158536,0,                       0,158544
23804,158543,0,                       0,158537,158537,0,                       0,158543
23805,158544,0,                       0,158536,158536,0,                       0,158544
23806,158545,0,                       0,158535,158535,0,                       0,158545
23807,158546,0,                       0,158534,158534,0,                       0,158546
23808,158547,0,                       0,158533,158533,0,                       0,158547
23809,158548,0,                       0,158532,158532,0,                       0,158548
23810,158549,0,                       0,158531,158531,0,                       0,158549
23811,158550,0,                       0,158530,158530,0,                       0,158550
23812,158551,0,                       0,158529,158529,0,                       0,158551
23813,158550,0,                       0,158530,158530,0,                       0,158550
23814,158549,0,                       0,158531,158531,0,                       0,158549
23815,158550,0,                       0,158530,158530,0,                       0,158550
23816,158551,0,                       0,158529,158529,0,                       0,158551
23817,158552,0,                       0,158528,158528,0,                       0,158552
23818,158553,0,                       0,158527,158527,0,                       0,158553
23819,158554,0,                       0,158526,158526,0,                       0,158554
23820,158555,0,                       0,158525,158525,0,                       0,158555
23821,158556,0,                       0,158524,158524,0,                       0,158556
23822,158557,0,                       0,158523,158523,0,                       0,158557
23823,158558,0,                       0,158522,158522,0,                       0,158558
23824,158559,0,                       0,158521,158521,0,                       0,158559
23825,158560,0,                       0,158520,158520,0,                       0,158560
23826,158561,0,                       0,158519,158519,0,                       0,158561
23827,158562,0,                       0,158518,158518,0,                       0,158562
23828,158561,0,                       0,158519,158519,0,                       0,158561
23829,158562,0,                       0,158518,158518,0,                       0,158562
23830,158563,0,                       0,158517,158517,0,                       0,158563
23831,158562,0,                       0,158518,158518,0,                       0,158562
23832,158561,0,                       0,158519,158519,0,                       0,158561
23833,158560,0,                       0,158520,158520,0,                       0,158560
23834,158559,0,                       0,158521,158521,0,                       0,158559
23835,158558,0,                       0,158522,158522,0,                       0,158558
23836,158557,0,                       0,158523,158523,0,                       0,158557
23837,158556,0,                       0,158524,158524,0,                       0,158556
23838,158555,0,                       0,158525,158525,0,                       0,158555
23839,158554,0,                       0,158526,158526,0,                       0,158554
23840,158553,0,                       0,158527,158527,0,                       0,158553
23841,158552,0,                       0,158528,158528,0,                       0,158552
23842,158551,0,                       0,158529,158529,0,                       0,158551
23843,158550,0,                       0,158530,158530,0,                       0,158550
23844,158549,0,                       0,158531,158531,0,                       0,158549
23845,158548,0,                       0,158532,158532,0,                       0,158548
23846,158547,0,                       0,158533,158533,0,                       0,158547
23847,158546,0,                       0,158534,158534,0,                       0,158546
23848,158545,0,                       0,158535,158535,0,                       0,158545
23849,158544,0,                       0,158536,158536,0,                       0,158544
23850,158543,0,                       0,158537,158537,0,                       0,158543
23851,158542,0,                       0,158538,158538,0,                       0,158542
23852,158541,0,                       0,158539,158539,0,                       0,158541
23853,158540,0,                       0,158540,158540,0,                       0,158540
23854,158539,0,                       0,158541,158541,0,                       0,158539
23855,158538,0,                       0,158542,158542,0,                       0,158538
23856,158537,0,                       0,158543,158543,0,                       0,158537
23857,158538,0,                       0,158542,158542,0,                       0,158538
23858,158539,0,                       0,158541,158541,0,                       0,158539
23859,158540,0,                       0,158540,158540,0,                       0,158540
23860,158539,0,                       0,158541,158541,0,                       0,158539
23861,158538,0,                       0,158542,158542,0,                       0,158538
23862,158539,0,                       0,158541,158541,0,                       0,158539
23863,158540,0,                       0,158540,158540,0,                       0,158540
23864,158541,0,                       0,158539,158539,0,                       0,158541
23865,158540,0,                       0,158540,158540,0,                       0,158540
23866,158539,0,                       0,158541,158541,0,                       0,158539
23867,158540,0,                       0,158540,158540,0,                       0,158540
23868,158541,0,                       0,158539,158539,0,                       0,158541
23869,158540,0,                       0,158540,158540,0,                       0,158540
23870,158541,0,                       0,158539,158539,0,                       0,158541
23871,158542,0,                       0,158538,158538,0,                       0,158542
23872,158543,0,                       0,158537,158537,0,                       0,158543
23873,158542,0,                       0,158538,158538,0,                       0,158542
23874,158541,0,                       0,158539,158539,0,                       0,158541
23875,158540,0,                       0,158540,158540,0,                       0,158540
23876,158541,0,                       0,158539,158539,0,                       0,158541
23877,158542,0,                       0,158538,158538,0,                       0,158542
23878,158541,0,                       0,158539,158539,0,                       0,158541
23879,158540,0,                       0,158540,158540,0,                       0,158540
23880,158539,0,                       0,158541,158541,0,                       0,158539
23881,158540,0,                       0,158540,158540,0,                       0,158540
23882,158539,0,                       0,158541,158541,0,                       0,158539
23883,158540,0,                       0,158540,158540,0,                       0,158540
23884,158539,0,                       0,158541,158541,0,                       0,158539
23885,158540,0,                       0,158540,158540,0,                       0,158540
23886,158541,0,                       0,158539,158539,0,                       0,158541
23887,158540,0,                       0,158540,158540,0,                       0,158540
23888,158539,0,                       0,158541,158541,0,                       0,158539
23889,158540,0,                       0,158540,158540,0,                       0,158540
23890,158539,0,                       0,158541,158541,0,                       0,158539
23891,158540,0,                       0,158540,158540,0,                       0,158540
23892,158539,0,                       0,158541,158541,0,                       0,158539
23893,158540,0,                       0,158540,158540,0,                       0,158540
23894,158539,0,                       0,158541,158541,0,                       0,158539
23895,158540,0,                       0,158540,158540,0,                       0,158540
23896,158541,0,                       0,158539,158539,0,                       0,158541
23897,158540,0,                       0,158540,158540,0,                       0,158540
23898,158541,0,                       0,158539,158539,0,                       0,158541
23899,158540,0,                       0,158540,158540,0,                       0,158540
23900,158539,0,                       0,158541,158541,0,                       0,158539
23901,158538,0,                       0,158542,158542,0,                       0,158538
23902,158537,0,                       0,158543,158543,0,                       0,158537
23903,158538,0,                       0,158542,158542,0,                       0,158538
23904,158539,0,                       0,158541,158541,0,                       0,158539
23905,158540,0,                       0,158540,158540,0,                       0,158540
23906,158541,0,                       0,158539,158539,0,                       0,158541
23907,158542,0,                       0,158538,158538,0,                       0,158542
23908,158541,0,                       0,158539,158539,0,                       0,158541
23909,158542,0,                       0,158538,158538,0,                       0,158542
23910,158541,0,                       0,158539,158539,0,                       0,158541
23911,158542,0,                       0,158538,158538,0,                       0,158542
23912,158541,0,                       0,158539,158539,0,                       0,158541
23913,158540,0,                       0,158540,158540,0,                       0,158540
23914,158541,0,                       0,158539,158539,0,                       0,158541
23915,158540,0,                       0,158540,158540,0,                       0,158540
23916,158541,0,                       0,158539,158539,0,                       0,158541
23917,158540,0,                       0,158540,158540,0,                       0,158540
23918,158541,0,                       0,158539,158539,0,                       0,158541
23919,158540,0,                       0,158540,158540,0,                       0,158540
23920,158541,0,                       0,158539,158539,0,                       0,158541
23921,158540,0,                       0,158540,158540,0,                       0,158540
23922,158541,0,                       0,158539,158539,0,                       0,158541
23923,158540,0,                       0,158540,158540,0,                       0,158540
23924,158539,0,                       0,158541,158541,0,                       0,158539
23925,158538,0,                       0,158542,158542,0,                       0,158538
23926,158539,0,                       0,158541,158541,0,                       0,158539
23927,158540,0,                       0,158540,158540,0,                       0,158540
23928,158541,0,                       0,158539,158539,0,                       0,158541
23929,158540,0,                       0,158540,158540,0,                       0,158540
23930,158539,0,                       0,158541,158541,0,                       0,158539
23931,158538,0,                       0,158542,158542,0,                       0,158538
23932,158539,0,                       0,158541,158541,0,                       0,158539
23933,158538,0,                       0,158542,158542,0,                       0,158538
23934,158539,0,                       0,158541,158541,0,                       0,158539
23935,158538,0,                       0,158542,158542,0,                       0,158538
23936,158539,0,                       0,158541,158541,0,                       0,158539
23937,158538,0,                       0,158542,158542,0,                       0,158538
23938,158539,0,                       0,158541,158541,0,                       0,158539
23939,158538,0,                       0,158542,158542,0,                       0,158538
23940,158537,0,                       0,158543,158543,0,                       0,158537
23941,158536,0,                       0,158544,158544,0,                       0,158536
23942,158537,0,                       0,158543,158543,0,                       0,158537
23943,158538,0,                       0,158542,158542,0,                       0,158538
23944,158539,0,                       0,158541,158541,0,                       0,158539
23945,158538,0,                       0,158542,158542,0,                       0,158538
23946,158539,0,                       0,158541,158541,0,                       0,158539
23947,158540,0,                       0,158540,158540,0,                       0,158540
23948,158541,0,                       0,158539,158539,0,                       0,158541
23949,158540,0,                       0,158540,158540,0,                       0,158540
23950,158539,0,                       0,158541,158541,0,                       0,158539
23951,158538,0,                       0,158542,158542,0,                       0,158538
23952,158539,0,                       0,158541,158541,0,                       0,158539
23953,158540,0,                       0,158540,158540,0,                       0,158540
23954,158541,0,                       0,158539,158539,0,                       0,158541
23955,158540,0,                       0,158540,158540,0,                       0,158540
23956,158541,0,                       0,158539,158539,0,                       0,158541
23957,158540,0,                       0,158540,158540,0,                       0,158540
23958,158541,0,                       0,158539,158539,0,                       0,158541
23959,158540,0,                       0,158540,158540,0,                       0,158540
23960,158539,0,                       0,158541,158541,0,                       0,158539
23961,158538,0,                       0,158542,158542,0,                       0,158538
23962,158537,0,                       0,158543,158543,0,                       0,158537
23963,158536,0,                       0,158544,158544,0,                       0,158536
23964,158537,0,                       0,158543,158543,0,                       0,158537
23965,158538,0,                       0,158542,158542,0,                       0,158538
23966,158539,0,                       0,158541,158541,0,                       0,158539
23967,158540,0,                       0,158540,158540,0,                       0,158540
23968,158541,0,                       0,158539,158539,0,                       0,158541
23969,158542,0,                       0,158538,158538,0,                       0,158542
23970,158543,0,                       0,158537,158537,0,                       0,158543
23971,158542,0,                       0,158538,158538,0,                       0,158542
23972,158541,0,                       0,158539,158539,0,                       0,158541
23973,158540,0,                       0,158540,158540,0,                       0,158540
23974,158541,0,                       0,158539,158539,0,                       0,158541
23975,158542,0,                       0,158538,158538,0,                       0,158542
23976,158541,0,                       0,158539,158539,0,                       0,158541
23977,158540,0,                       0,158540,158540,0,                       0,158540
23978,158541,0,                       0,158539,158539,0,                       0,158541
23979,158542,0,                       0,158538,158538,0,                       0,158542
23980,158541,0,                       0,158539,158539,0,                       0,158541
23981,158542,0,                       0,158538,158538,0,                       0,158542
23982,158543,0,                       0,158537,158537,0,                       0,158543
23983,158542,0,                       0,158538,158538,0,                       0,158542
23984,158541,0,                       0,158539,158539,0,                       0,158541
23985,158542,0,                       0,158538,158538,0,                       0,158542
23986,158541,0,                       0,158539,158539,0,                       0,158541
23987,158540,0,                       0,158540,158540,0,                       0,158540
23988,158541,0,                       0,158539,158539,0,                       0,158541
23989,158540,0,                       0,158540,158540,0,                       0,158540
23990,158541,0,                       0,158539,158539,0,                       0,158541
23991,158540,0,                       0,158540,158540,0,                       0,158540
23992,158539,0,                       0,158541,158541,0,                       0,158539
23993,158540,0,                       0,158540,158540,0,                       0,158540
23994,158539,0,                       0,158541,158541,0,                       0,158539
23995,158538,0,                       0,158542,158542,0,                       0,158538
23996,158539,0,                       0,158541,158541,0,                       0,158539
23997,158538,0,                       0,158542,158542,0,                       0,158538
23998,158539,0,                       0,158541,158541,0,                       0,158539
23999,158540,0,                       0,158540,158540,0,                       0,158540
24000,158539,0,                       0,158541,158541,0,                       0,158539
24001,158538,0,                       0,158542,158542,0,                       0,158538
24002,158539,0,                       0,158541,158541,0,                       0,158539
24003,158538,0,                       0,158542,158542,0,                       0,158538
24004,158539,0,                       0,158541,158541,0,                       0,158539
24005,158540,0,                       0,158540,158540,0,                       0,158540
24006,158539,0,                       0,158541,158541,0,                       0,158539
24007,158538,0,                       0,158542,158542,0,                       0,158538
24008,158539,0,                       0,158541,158541,0,                       0,158539
24009,158540,0,                       0,158540,158540,0,                       0,158540
24010,158539,0,                       0,158541,158541,0,                       0,158539
24011,158540,0,                       0,158540,158540,0,                       0,158540
24012,158539,0,                       0,158541,158541,0,                       0,158539
24013,158540,0,                       0,158540,158540,0,                       0,158540
24014,158541,0,                       0,158539,158539,0,                       0,158541
24015,158542,0,                       0,158538,158538,0,                       0,158542
24016,158543,0,                       0,158537,158537,0,                       0,158543
24017,158542,0,                       0,158538,158538,0,                       0,158542
24018,158541,0,                       0,158539,158539,0,                       0,158541
24019,158540,0,                       0,158540,158540,0,                       0,158540
24020,158539,0,                       0,158541,158541,0,                       0,158539
24021,158540,0,                       0,158540,158540,0,                       0,158540
24022,158541,0,                       0,158539,158539,0,                       0,158541
24023,158540,0,                       0,158540,158540,0,                       0,158540
24024,158541,0,                       0,158539,158539,0,                       0,158541
24025,158540,0,                       0,158540,158540,0,                       0,158540
24026,158539,0,                       0,158541,158541,0,                       0,158539
24027,158540,0,                       0,158540,158540,0,                       0,158540
24028,158539,0,                       0,158541,158541,0,                       0,158539
24029,158538,0,                       0,158542,158542,0,                       0,158538
24030,158539,0,                       0,158541,158541,0,                       0,158539
24031,158540,0,                       0,158540,158540,0,                       0,158540
24032,158541,0,                       0,158539,158539,0,                       0,158541
24033,158540,0,                       0,158540,158540,0,                       0,158540
24034,158539,0,                       0,158541,158541,0,                       0,158539
24035,158540,0,                       0,158540,158540,0,                       0,158540
24036,158541,0,                       0,158539,158539,0,                       0,158541
24037,158540,0,                       0,158540,158540,0,                       0,158540
24038,158539,0,                       0,158541,158541,0,                       0,158539
24039,158538,0,                       0,158542,158542,0,                       0,158538
24040,158537,0,                       0,158543,158543,0,                       0,158537
24041,158536,0,                       0,158544,158544,0,                       0,158536
24042,158537,0,                       0,158543,158543,0,                       0,158537
24043,158536,0,                       0,158544,158544,0,                       0,158536
24044,158537,0,                       0,158543,158543,0,                       0,158537
24045,158538,0,                       0,158542,158542,0,                       0,158538
24046,158539,0,                       0,158541,158541,0,                       0,158539
24047,158540,0,                       0,158540,158540,0,                       0,158540
24048,158539,0,                       0,158541,158541,0,                       0,158539
24049,158540,0,                       0,158540,158540,0,                       0,158540
24050,158539,0,                       0,158541,158541,0,                       0,158539
24051,158540,0,                       0,158540,158540,0,                       0,158540
24052,158541,0,                       0,158539,158539,0,                       0,158541
24053,158542,0,                       0,158538,158538,0,                       0,158542
24054,158541,0,                       0,158539,158539,0,                       0,158541
24055,158542,0,                       0,158538,158538,0,                       0,158542
24056,158541,0,                       0,158539,158539,0,                       0,158541
24057,158542,0,                       0,158538,158538,0,                       0,158542
24058,158543,0,                       0,158537,158537,0,                       0,158543
24059,158542,0,                       0,158538,158538,0,                       0,158542
24060,158541,0,                       0,158539,158539,0,                       0,158541
24061,158540,0,                       0,158540,158540,0,                       0,158540
24062,158541,0,                       0,158539,158539,0,                       0,158541
24063,158540,0,                       0,158540,158540,0,                       0,158540
24064,158539,0,                       0,158541,158541,0,                       0,158539
24065,158538,0,                       0,158542,158542,0,                       0,158538
24066,158539,0,                       0,158541,158541,0,                       0,158539
24067,158540,0,                       0,158540,158540,0,                       0,158540
24068,158539,0,                       0,158541,158541,0,                       0,158539
24069,158540,0,                       0,158540,158540,0,                       0,158540
24070,158539,0,                       0,158541,158541,0,                       0,158539
24071,158538,0,                       0,158542,158542,0,                       0,158538
24072,158539,0,                       0,158541,158541,0,                       0,158539
24073,158540,0,                       0,158540,158540,0,                       0,158540
24074,158541,0,                       0,158539,158539,0,                       0,158541
24075,158540,0,                       0,158540,158540,0,                       0,158540
24076,158539,0,                       0,158541,158541,0,                       0,158539
24077,158540,0,                       0,158540,158540,0,                       0,158540
24078,158541,0,                       0,158539,158539,0,                       0,158541
24079,158540,0,                       0,158540,158540,0,                       0,158540
24080,158539,0,                       0,158541,158541,0,                       0,158539
24081,158540,0,                       0,158540,158540,0,                       0,158540
24082,158539,0,                       0,158541,158541,0,                       0,158539
24083,158540,0,                       0,158540,158540,0,                       0,158540
24084,158541,0,                       0,158539,158539,0,                       0,158541
24085,158542,0,                       0,158538,158538,0,                       0,158542
24086,158541,0,                       0,158539,158539,0,                       0,158541
24087,158542,0,                       0,158538,158538,0,                       0,158542
24088,158541,0,                       0,158539,158539,0,                       0,158541
24089,158542,0,                       0,158538,158538,0,                       0,158542
24090,158541,0,                       0,158539,158539,0,                       0,158541
24091,158542,0,                       0,158538,158538,0,                       0,158542
24092,158541,0,                       0,158539,158539,0,                       0,158541
24093,158540,0,                       0,158540,158540,0,                       0,158540
24094,158541,0,                       0,158539,158539,0,                       0,158541
24095,158540,0,                       0,158540,158540,0,                       0,158540
24096,158541,0,                       0,158539,158539,0,                       0,158541
24097,158540,0,                       0,158540,158540,0,                       0,158540
24098,158541,0,                       0,158539,158539,0,                       0,158541
24099,158542,0,                       0,158538,158538,0,                       0,158542
24100,158541,0,                       0,158539,158539,0,                       0,158541
24101,158540,0,                       0,158540,158540,0,                       0,158540
24102,158541,0,                       0,158539,158539,0,                       0,158541
24103,158540,0,                       0,158540,158540,0,                       0,158540
24104,158541,0,                       0,158539,158539,0,                       0,158541
24105,158540,0,                       0,158540,158540,0,                       0,158540
24106,158539,0,                       0,158541,158541,0,                       0,158539
24107,158540,0,                       0,158540,158540,0,                       0,158540
24108,158539,0,                       0,158541,158541,0,                       0,158539
24109,158540,0,                       0,158540,158540,0,                       0,158540
24110,158541,0,                       0,158539,158539,0,                       0,158541
24111,158540,0,                       0,158540,158540,0,                       0,158540
24112,158539,0,                       0,158541,158541,0,                       0,158539
24113,158540,0,                       0,158540,158540,0,                       0,158540
24114,158541,0,                       0,158539,158539,0,                       0,158541
24115,158540,0,                       0,158540,158540,0,                       0,158540
24116,158539,0,                       0,158541,158541,0,                       0,158539
24117,158540,0,                       0,158540,158540,0,                       0,158540
24118,158541,0,                       0,158539,158539,0,                       0,158541
24119,158542,0,                       0,158538,158538,0,                       0,158542
24120,158541,0,                       0,158539,158539,0,                       0,158541
24121,158540,0,                       0,158540,158540,0,                       0,158540
24122,158541,0,                       0,158539,158539,0,                       0,158541
24123,158540,0,                       0,158540,158540,0,                       0,158540
24124,158539,0,                       0,158541,158541,0,                       0,158539
24125,158540,0,                       0,158540,158540,0,                       0,158540
24126,158541,0,                       0,158539,158539,0,                       0,158541
24127,158540,0,                       0,158540,158540,0,                       0,158540
24128,158541,0,                       0,158539,158539,0,                       0,158541
24129,158542,0,                       0,158538,158538,0,                       0,158542
24130,158543,0,                       0,158537,158537,0,                       0,158543
24131,158542,0,                       0,158538,158538,0,                       0,158542
24132,158541,0,                       0,158539,158539,0,                       0,158541
24133,158540,0,                       0,158540,158540,0,                       0,158540
24134,158541,0,                       0,158539,158539,0,                       0,158541
24135,158540,0,                       0,158540,158540,0,                       0,158540
24136,158541,0,                       0,158539,158539,0,                       0,158541
24137,158542,0,                       0,158538,158538,0,                       0,158542
24138,158541,0,                       0,158539,158539,0,                       0,158541
24139,158542,0,                       0,158538,158538,0,                       0,158542
24140,158543,0,                       0,158537,158537,0,                       0,158543
24141,158542,0,                       0,158538,158538,0,                       0,158542
24142,158541,0,                       0,158539,158539,0,                       0,158541
24143,158540,0,                       0,158540,158540,0,                       0,158540
24144,158539,0,                       0,158541,158541,0,                       0,158539
24145,158540,0,                       0,158540,158540,0,                       0,158540
24146,158539,0,                       0,158541,158541,0,                       0,158539
24147,158540,0,                       0,158540,158540,0,                       0,158540
24148,158539,0,                       0,158541,158541,0,                       0,158539
24149,158540,0,                       0,158540,158540,0,                       0,158540
24150,158539,0,                       0,158541,158541,0,                       0,158539
24151,158540,0,                       0,158540,158540,0,                       0,158540
24152,158541,0,                       0,158539,158539,0,                       0,158541
24153,158540,0,                       0,158540,158540,0,                       0,158540
24154,158539,0,                       0,158541,158541,0,                       0,158539
24155,158538,0,                       0,158542,158542,0,                       0,158538
24156,158539,0,                       0,158541,158541,0,                       0,158539
24157,158540,0,                       0,158540,158540,0,                       0,158540
24158,158539,0,                       0,158541,158541,0,                       0,158539
24159,158538,0,                       0,158542,158542,0,                       0,158538
24160,158539,0,                       0,158541,158541,0,                       0,158539
24161,158540,0,                       0,158540,158540,0,                       0,158540
24162,158539,0,                       0,158541,158541,0,                       0,158539
24163,158540,0,                       0,158540,158540,0,                       0,158540
24164,158541,0,                       0,158539,158539,0,                       0,158541
24165,158540,0,                       0,158540,158540,0,                       0,158540
24166,158539,0,                       0,158541,158541,0,                       0,158539
24167,158540,0,                       0,158540,158540,0,                       0,158540
24168,158541,0,                       0,158539,158539,0,                       0,158541
24169,158542,0,                       0,158538,158538,0,                       0,158542
24170,158541,0,                       0,158539,158539,0,                       0,158541
24171,158542,0,                       0,158538,158538,0,                       0,158542
24172,158541,0,                       0,158539,158539,0,                       0,158541
24173,158542,0,                       0,158538,158538,0,                       0,158542
24174,158541,0,                       0,158539,158539,0,                       0,158541
24175,158540,0,                       0,158540,158540,0,                       0,158540
24176,158539,0,                       0,158541,158541,0,                       0,158539
24177,158538,0,                       0,158542,158542,0,                       0,158538
24178,158539,0,                       0,158541,158541,0,                       0,158539
24179,158540,0,                       0,158540,158540,0,                       0,158540
24180,158539,0,                       0,158541,158541,0,                       0,158539
24181,158540,0,                       0,158540,158540,0,                       0,158540
24182,158539,0,                       0,158541,158541,0,                       0,158539
24183,158538,0,                       0,158542,158542,0,                       0,158538
24184,158539,0,                       0,158541,158541,0,                       0,158539
24185,158540,0,                       0,158540,158540,0,                       0,158540
24186,158539,0,                       0,158541,158541,0,                       0,158539
24187,158538,0,                       0,158542,158542,0,                       0,158538
24188,158539,0,                       0,158541,158541,0,                       0,158539
24189,158538,0,                       0,158542,158542,0,                       0,158538
24190,158537,0,                       0,158543,158543,0,                       0,158537
24191,158538,0,                       0,158542,158542,0,                       0,158538
24192,158539,0,                       0,158541,158541,0,                       0,158539
24193,158540,0,                       0,158540,158540,0,                       0,158540
24194,158539,0,                       0,158541,158541,0,                       0,158539
24195,158538,0,                       0,158542,158542,0,                       0,158538
24196,158539,0,                       0,158541,158541,0,                       0,158539
24197,158540,0,                       0,158540,158540,0,                       0,158540
24198,158539,0,                       0,158541,158541,0,                       0,158539
24199,158538,0,                       0,158542,158542,0,                       0,158538
24200,158537,0,                       0,158543,158543,0,                       0,158537
24201,158536,0,                       0,158544,158544,0,                       0,158536
24202,158537,0,                       0,158543,158543,0,                       0,158537
24203,158536,0,                       0,158544,158544,0,                       0,158536
24204,158537,0,                       0,158543,158543,0,                       0,158537
24205,158538,0,                       0,158542,158542,0,                       0,158538
24206,158539,0,                       0,158541,158541,0,                       0,158539
24207,158540,0,                       0,158540,158540,0,                       0,158540
24208,158541,0,                       0,158539,158539,0,                       0,158541
24209,158540,0,                       0,158540,158540,0,                       0,158540
24210,158541,0,                       0,158539,158539,0,                       0,158541
24211,158540,0,                       0,158540,158540,0,                       0,158540
24212,158541,0,                       0,158539,158539,0,                       0,158541
24213,158542,0,                       0,158538,158538,0,                       0,158542
24214,158541,0,                       0,158539,158539,0,                       0,158541
24215,158540,0,                       0,158540,158540,0,                       0,158540
24216,158539,0,                       0,158541,158541,0,                       0,158539
24217,158540,0,                       0,158540,158540,0,                       0,158540
24218,158539,0,                       0,158541,158541,0,                       0,158539
24219,158540,0,                       0,158540,158540,0,                       0,158540
24220,158541,0,                       0,158539,158539,0,                       0,158541
24221,158540,0,                       0,158540,158540,0,                       0,158540
24222,158539,0,                       0,158541,158541,0,                       0,158539
24223,158540,0,                       0,158540,158540,0,                       0,158540
24224,158541,0,                       0,158539,158539,0,                       0,158541
24225,158540,0,                       0,158540,158540,0,                       0,158540
24226,158541,0,                       0,158539,158539,0,                       0,158541
24227,158540,0,                       0,158540,158540,0,                       0,158540
24228,158539,0,                       0,158541,158541,0,                       0,158539
24229,158538,0,                       0,158542,158542,0,                       0,158538
24230,158537,0,                       0,158543,158543,0,                       0,158537
24231,158536,0,                       0,158544,158544,0,                       0,158536
24232,158537,0,                       0,158543,158543,0,                       0,158537
24233,158538,0,                       0,158542,158542,0,                       0,158538
24234,158537,0,                       0,158543,158543,0,                       0,158537
24235,158538,0,                       0,158542,158542,0,                       0,158538
24236,158539,0,                       0,158541,158541,0,                       0,158539
24237,158540,0,                       0,158540,158540,0,                       0,158540
24238,158539,0,                       0,158541,158541,0,                       0,158539
24239,158540,0,                       0,158540,158540,0,                       0,158540
24240,158539,0,                       0,158541,158541,0,                       0,158539
24241,158540,0,                       0,158540,158540,0,                       0,158540
24242,158539,0,                       0,158541,158541,0,                       0,158539
24243,158538,0,                       0,158542,158542,0,                       0,158538
24244,158537,0,                       0,158543,158543,0,                       0,158537
24245,158536,0,                       0,158544,158544,0,                       0,158536
24246,158537,0,                       0,158543,158543,0,                       0,158537
24247,158536,0,                       0,158544,158544,0,                       0,158536
24248,158537,0,                       0,158543,158543,0,                       0,158537
24249,158538,0,                       0,158542,158542,0,                       0,158538
24250,158539,0,                       0,158541,158541,0,                       0,158539
24251,158540,0,                       0,158540,158540,0,                       0,158540
24252,158541,0,                       0,158539,158539,0,                       0,158541
24253,158540,0,                       0,158540,158540,0,                       0,158540
24254,158539,0,                       0,158541,158541,0,                       0,158539
24255,158540,0,                       0,158540,158540,0,                       0,158540
24256,158539,0,                       0,158541,158541,0,                       0,158539
24257,158540,0,                       0,158540,158540,0,                       0,158540
24258,158539,0,                       0,158541,158541,0,                       0,158539
24259,158540,0,                       0,158540,158540,0,                       0,158540
24260,158541,0,                       0,158539,158539,0,                       0,158541
24261,158540,0,                       0,158540,158540,0,                       0,158540
24262,158539,0,                       0,158541,158541,0,                       0,158539
24263,158538,0,                       0,158542,158542,0,                       0,158538
24264,158539,0,                       0,158541,158541,0,                       0,158539
24265,158540,0,                       0,158540,158540,0,                       0,158540
24266,158539,0,                       0,158541,158541,0,                       0,158539
24267,158540,0,                       0,158540,158540,0,                       0,158540
24268,158539,0,                       0,158541,158541,0,                       0,158539
24269,158540,0,                       0,158540,158540,0,                       0,158540
24270,158539,0,                       0,158541,158541,0,                       0,158539
24271,158540,0,                       0,158540,158540,0,                       0,158540
24272,158541,0,                       0,158539,158539,0,                       0,158541
24273,158540,0,                       0,158540,158540,0,                       0,158540
24274,158541,0,                       0,158539,158539,0,                       0,158541
24275,158542,0,                       0,158538,158538,0,                       0,158542
24276,158541,0,                       0,158539,158539,0,                       0,158541
24277,158540,0,                       0,158540,158540,0,                       0,158540
24278,158539,0,                       0,158541,158541,0,                       0,158539
24279,158540,0,                       0,158540,158540,0,                       0,158540
24280,158539,0,                       0,158541,158541,0,                       0,158539
24281,158538,0,                       0,158542,158542,0,                       0,158538
24282,158539,0,                       0,158541,158541,0,                       0,158539
24283,158540,0,                       0,158540,158540,0,                       0,158540
24284,158541,0,                       0,158539,158539,0,                       0,158541
24285,158540,0,                       0,158540,158540,0,                       0,158540
24286,158539,0,                       0,158541,158541,0,                       0,158539
24287,158538,0,                       0,158542,158542,0,                       0,158538
24288,158539,0,                       0,158541,158541,0,                       0,158539
24289,158538,0,                       0,158542,158542,0,                       0,158538
24290,158539,0,                       0,158541,158541,0,                       0,158539
24291,158538,0,                       0,158542,158542,0,                       0,158538
24292,158539,0,                       0,158541,158541,0,                       0,158539
24293,158538,0,                       0,158542,158542,0,                       0,158538
24294,158539,0,                       0,158541,158541,0,                       0,158539
24295,158540,0,                       0,158540,158540,0,                       0,158540
24296,158539,0,                       0,158541,158541,0,                       0,158539
24297,158540,0,                       0,158540,158540,0,                       0,158540
24298,158541,0,                       0,158539,158539,0,                       0,158541
24299,158542,0,                       0,158538,158538,0,                       0,158542
24300,158541,0,                       0,158539,158539,0,                       0,158541
24301,158542,0,                       0,158538,158538,0,                       0,158542
24302,158543,0,                       0,158537,158537,0,                       0,158543
24303,158542,0,                       0,158538,158538,0,                       0,158542
24304,158543,0,                       0,158537,158537,0,                       0,158543
24305,158542,0,                       0,158538,158538,0,                       0,158542
24306,158543,0,                       0,158537,158537,0,                       0,158543
24307,158542,0,                       0,158538,158538,0,                       0,158542
24308,158541,0,                       0,158539,158539,0,                       0,158541
24309,158540,0,                       0,158540,158540,0,                       0,158540
24310,158541,0,                       0,158539,158539,0,                       0,158541
24311,158540,0,                       0,158540,158540,0,                       0,158540
24312,158539,0,                       0,158541,158541,0,                       0,158539
24313,158538,0,                       0,158542,158542,0,                       0,158538
24314,158539,0,                       0,158541,158541,0,                       0,158539
24315,158538,0,                       0,158542,158542,0,                       0,158538
24316,158539,0,                       0,158541,158541,0,                       0,158539
24317,158538,0,                       0,158542,158542,0,                       0,158538
24318,158539,0,                       0,158541,158541,0,                       0,158539
24319,158540,0,                       0,158540,158540,0,                       0,158540
24320,158541,0,                       0,158539,158539,0,                       0,158541
24321,158542,0,                       0,158538,158538,0,                       0,158542
24322,158541,0,                       0,158539,158539,0,                       0,158541
24323,158540,0,                       0,158540,158540,0,                       0,158540
24324,158541,0,                       0,158539,158539,0,                       0,158541
24325,158542,0,                       0,158538,158538,0,                       0,158542
24326,158541,0,                       0,158539,158539,0,                       0,158541
24327,158542,0,                       0,158538,158538,0,                       0,158542
24328,158541,0,                       0,158539,158539,0,                       0,158541
24329,158540,0,                       0,158540,158540,0,                       0,158540
24330,158541,0,                       0,158539,158539,0,                       0,158541
24331,158540,0,                       0,158540,158540,0,                       0,158540
24332,158539,0,                       0,158541,158541,0,                       0,158539
24333,158540,0,                       0,158540,158540,0,                       0,158540
24334,158539,0,                       0,158541,158541,0,                       0,158539
24335,158540,0,                       0,158540,158540,0,                       0,158540
24336,158541,0,                       0,158539,158539,0,                       0,158541
24337,158542,0,                       0,158538,158538,0,                       0,158542
24338,158541,0,                       0,158539,158539,0,                       0,158541
24339,158540,0,                       0,158540,158540,0,                       0,158540
24340,158539,0,                       0,158541,158541,0,                       0,158539
24341,158540,0,                       0,158540,158540,0,                       0,158540
24342,158539,0,                       0,158541,158541,0,                       0,158539
24343,158540,0,                       0,158540,158540,0,                       0,158540
24344,158539,0,                       0,158541,158541,0,                       0,158539
24345,158540,0,                       0,158540,158540,0,                       0,158540
24346,158539,0,                       0,158541,158541,0,                       0,158539
24347,158540,0,                       0,158540,158540,0,                       0,158540
24348,158539,0,                       0,158541,158541,0,                       0,158539
24349,158540,0,                       0,158540,158540,0,                       0,158540
24350,158541,0,                       0,158539,158539,0,                       0,158541
24351,158540,0,                       0,158540,158540,0,                       0,158540
24352,158539,0,                       0,158541,158541,0,                       0,158539
24353,158540,0,                       0,158540,158540,0,                       0,158540
24354,158539,0,                       0,158541,158541,0,                       0,158539
24355,158540,0,                       0,158540,158540,0,                       0,158540
24356,158541,0,                       0,158539,158539,0,                       0,158541
24357,158540,0,                       0,158540,158540,0,                       0,158540
24358,158539,0,                       0,158541,158541,0,                       0,158539
24359,158540,0,                       0,158540,158540,0,                       0,158540
24360,158539,0,                       0,158541,158541,0,                       0,158539
24361,158540,0,                       0,158540,158540,0,                       0,158540
24362,158541,0,                       0,158539,158539,0,                       0,158541
24363,158540,0,                       0,158540,158540,0,                       0,158540
24364,158539,0,                       0,158541,158541,0,                       0,158539
24365,158540,0,                       0,158540,158540,0,                       0,158540
24366,158539,0,                       0,158541,158541,0,                       0,158539
24367,158540,0,                       0,158540,158540,0,                       0,158540
24368,158541,0,                       0,158539,158539,0,                       0,158541
24369,158542,0,                       0,158538,158538,0,                       0,158542
24370,158541,0,                       0,158539,158539,0,                       0,158541
24371,158542,0,                       0,158538,158538,0,                       0,158542
24372,158541,0,                       0,158539,158539,0,                       0,158541
24373,158540,0,                       0,158540,158540,0,                       0,158540
24374,158539,0,                       0,158541,158541,0,                       0,158539
24375,158540,0,                       0,158540,158540,0,                       0,158540
24376,158541,0,                       0,158539,158539,0,                       0,158541
24377,158542,0,                       0,158538,158538,0,                       0,158542
24378,158541,0,                       0,158539,158539,0,                       0,158541
24379,158540,0,                       0,158540,158540,0,                       0,158540
24380,158541,0,                       0,158539,158539,0,                       0,158541
24381,158540,0,                       0,158540,158540,0,                       0,158540
24382,158541,0,                       0,158539,158539,0,                       0,158541
24383,158540,0,                       0,158540,158540,0,                       0,158540
24384,158539,0,                       0,158541,158541,0,                       0,158539
24385,158538,0,                       0,158542,158542,0,                       0,158538
24386,158537,0,                       0,158543,158543,0,                       0,158537
24387,158538,0,                       0,158542,158542,0,                       0,158538
24388,158539,0,                       0,158541,158541,0,                       0,158539
24389,158538,0,                       0,158542,158542,0,                       0,158538
24390,158539,0,                       0,158541,158541,0,                       0,158539
24391,158540,0,                       0,158540,158540,0,                       0,158540
24392,158539,0,                       0,158541,158541,0,                       0,158539
24393,158540,0,                       0,158540,158540,0,                       0,158540
24394,158541,0,                       0,158539,158539,0,                       0,158541
24395,158540,0,                       0,158540,158540,0,                       0,158540
24396,158541,0,                       0,158539,158539,0,                       0,158541
24397,158540,0,                       0,158540,158540,0,                       0,158540
24398,158541,0,                       0,158539,158539,0,                       0,158541
24399,158540,0,                       0,158540,158540,0,                       0,158540
24400,158541,0,                       0,158539,158539,0,                       0,158541
24401,158540,0,                       0,158540,158540,0,                       0,158540
24402,158539,0,                       0,158541,158541,0,                       0,158539
24403,158540,0,                       0,158540,158540,0,                       0,158540
24404,158539,0,                       0,158541,158541,0,                       0,158539
24405,158538,0,                       0,158542,158542,0,                       0,158538
24406,158539,0,                       0,158541,158541,0,                       0,158539
24407,158540,0,                       0,158540,158540,0,                       0,158540
24408,158539,0,                       0,158541,158541,0,                       0,158539
24409,158540,0,                       0,158540,158540,0,                       0,158540
24410,158539,0,                       0,158541,158541,0,                       0,158539
24411,158538,0,                       0,158542,158542,0,                       0,158538
24412,158539,0,                       0,158541,158541,0,                       0,158539
24413,158540,0,                       0,158540,158540,0,                       0,158540
24414,158539,0,                       0,158541,158541,0,                       0,158539
24415,158540,0,                       0,158540,158540,0,                       0,158540
24416,158539,0,                       0,158541,158541,0,                       0,158539
24417,158540,0,                       0,158540,158540,0,                       0,158540
24418,158541,0,                       0,158539,158539,0,                       0,158541
24419,158540,0,                       0,158540,158540,0,                       0,158540
24420,158539,0,                       0,158541,158541,0,                       0,158539
24421,158540,0,                       0,158540,158540,0,                       0,158540
24422,158541,0,                       0,158539,158539,0,                       0,158541
24423,158540,0,                       0,158540,158540,0,                       0,158540
24424,158539,0,                       0,158541,158541,0,                       0,158539
24425,158540,0,                       0,158540,158540,0,                       0,158540
24426,158539,0,                       0,158541,158541,0,                       0,158539
24427,158540,0,                       0,158540,158540,0,                       0,158540
24428,158539,0,                       0,158541,158541,0,                       0,158539
24429,158538,0,                       0,158542,158542,0,                       0,158538
24430,158539,0,                       0,158541,158541,0,                       0,158539
24431,158540,0,                       0,158540,158540,0,                       0,158540
24432,158541,0,                       0,158539,158539,0,                       0,158541
24433,158540,0,                       0,158540,158540,0,                       0,158540
24434,158541,0,                       0,158539,158539,0,                       0,158541
24435,158540,0,                       0,158540,158540,0,                       0,158540
24436,158539,0,                       0,158541,158541,0,                       0,158539
24437,158540,0,                       0,158540,158540,0,                       0,158540
24438,158539,0,                       0,158541,158541,0,                       0,158539
24439,158538,0,                       0,158542,158542,0,                       0,158538
24440,158539,0,                       0,158541,158541,0,                       0,158539
24441,158540,0,                       0,158540,158540,0,                       0,158540
24442,158539,0,                       0,158541,158541,0,                       0,158539
24443,158540,0,                       0,158540,158540,0,                       0,158540
24444,158539,0,                       0,158541,158541,0,                       0,158539
24445,158540,0,                       0,158540,158540,0,                       0,158540
24446,158541,0,                       0,158539,158539,0,                       0,158541
24447,158540,0,                       0,158540,158540,0,                       0,158540
24448,158541,0,                       0,158539,158539,0,                       0,158541
24449,158540,0,                       0,158540,158540,0,                       0,158540
24450,158539,0,                       0,158541,158541,0,                       0,158539
24451,158538,0,                       0,158542,158542,0,                       0,158538
24452,158537,0,                       0,158543,158543,0,                       0,158537
24453,158538,0,                       0,158542,158542,0,                       0,158538
24454,158539,0,                       0,158541,158541,0,                       0,158539
24455,158538,0,                       0,158542,158542,0,                       0,158538
24456,158539,0,                       0,158541,158541,0,                       0,158539
24457,158540,0,                       0,158540,158540,0,                       0,158540
24458,158539,0,                       0,158541,158541,0,                       0,158539
24459,158540,0,                       0,158540,158540,0,                       0,158540
24460,158539,0,                       0,158541,158541,0,                       0,158539
24461,158540,0,                       0,158540,158540,0,                       0,158540
24462,158539,0,                       0,158541,158541,0,                       0,158539
24463,158540,0,                       0,158540,158540,0,                       0,158540
24464,158539,0,                       0,158541,158541,0,                       0,158539
24465,158538,0,                       0,158542,158542,0,                       0,158538
24466,158539,0,                       0,158541,158541,0,                       0,158539
24467,158538,0,                       0,158542,158542,0,                       0,158538
24468,158539,0,                       0,158541,158541,0,                       0,158539
24469,158540,0,                       0,158540,158540,0,                       0,158540
24470,158541,0,                       0,158539,158539,0,                       0,158541
24471,158540,0,                       0,158540,158540,0,                       0,158540
24472,158541,0,                       0,158539,158539,0,                       0,158541
24473,158542,0,                       0,158538,158538,0,                       0,158542
24474,158541,0,                       0,158539,158539,0,                       0,158541
24475,158542,0,                       0,158538,158538,0,                       0,158542
24476,158541,0,                       0,158539,158539,0,                       0,158541
24477,158542,0,                       0,158538,158538,0,                       0,158542
24478,158541,0,                       0,158539,158539,0,                       0,158541
24479,158540,0,                       0,158540,158540,0,                       0,158540
24480,158539,0,                       0,158541,158541,0,                       0,158539
24481,158540,0,                       0,158540,158540,0,                       0,158540
24482,158541,0,                       0,158539,158539,0,                       0,158541
24483,158540,0,                       0,158540,158540,0,                       0,158540
24484,158541,0,                       0,158539,158539,0,                       0,158541
24485,158540,0,                       0,158540,158540,0,                       0,158540
24486,158541,0,                       0,158539,158539,0,                       0,158541
24487,158542,0,                       0,158538,158538,0,                       0,158542
24488,158541,0,                       0,158539,158539,0,                       0,158541
24489,158542,0,                       0,158538,158538,0,                       0,158542
24490,158541,0,                       0,158539,158539,0,                       0,158541
24491,158540,0,                       0,158540,158540,0,                       0,158540
24492,158539,0,                       0,158541,158541,0,                       0,158539
24493,158540,0,                       0,158540,158540,0,                       0,158540
24494,158541,0,                       0,158539,158539,0,                       0,158541
24495,158540,0,                       0,158540,158540,0,                       0,158540
24496,158539,0,                       0,158541,158541,0,                       0,158539
24497,158540,0,                       0,158540,158540,0,                       0,158540
24498,158541,0,                       0,158539,158539,0,                       0,158541
24499,158542,0,                       0,158538,158538,0,                       0,158542
24500,158543,0,                       0,158537,158537,0,                       0,158543
24501,158544,0,                       0,158536,158536,0,                       0,158544
24502,158543,0,                       0,158537,158537,0,                       0,158543
24503,158542,0,                       0,158538,158538,0,                       0,158542
24504,158543,0,                       0,158537,158537,0,                       0,158543
24505,158544,0,                       0,158536,158536,0,                       0,158544
24506,158545,0,                       0,158535,158535,0,                       0,158545
24507,158544,0,                       0,158536,158536,0,                       0,158544
24508,158543,0,                       0,158537,158537,0,                       0,158543
24509,158542,0,                       0,158538,158538,0,                       0,158542
24510,158541,0,                       0,158539,158539,0,                       0,158541
24511,158540,0,                       0,158540,158540,0,                       0,158540
24512,158539,0,                       0,158541,158541,0,                       0,158539
24513,158540,0,                       0,158540,158540,0,                       0,158540
24514,158539,0,                       0,158541,158541,0,                       0,158539
24515,158540,0,                       0,158540,158540,0,                       0,158540
24516,158541,0,                       0,158539,158539,0,                       0,158541
24517,158542,0,                       0,158538,158538,0,                       0,158542
24518,158541,0,                       0,158539,158539,0,                       0,158541
24519,158540,0,                       0,158540,158540,0,                       0,158540
24520,158541,0,                       0,158539,158539,0,                       0,158541
24521,158540,0,                       0,158540,158540,0,                       0,158540
24522,158539,0,                       0,158541,158541,0,                       0,158539
24523,158538,0,                       0,158542,158542,0,                       0,158538
24524,158537,0,                       0,158543,158543,0,                       0,158537
24525,158538,0,                       0,158542,158542,0,                       0,158538
24526,158539,0,                       0,158541,158541,0,                       0,158539
24527,158538,0,                       0,158542,158542,0,                       0,158538
24528,158539,0,                       0,158541,158541,0,                       0,158539
24529,158540,0,                       0,158540,158540,0,                       0,158540
24530,158541,0,                       0,158539,158539,0,                       0,158541
24531,158542,0,                       0,158538,158538,0,                       0,158542
24532,158541,0,                       0,158539,158539,0,                       0,158541
24533,158540,0,                       0,158540,158540,0,                       0,158540
24534,158541,0,                       0,158539,158539,0,                       0,158541
24535,158542,0,                       0,158538,158538,0,                       0,158542
24536,158543,0,                       0,158537,158537,0,                       0,158543
24537,158542,0,                       0,158538,158538,0,                       0,158542
24538,158541,0,                       0,158539,158539,0,                       0,158541
24539,158542,0,                       0,158538,158538,0,                       0,158542
24540,158541,0,                       0,158539,158539,0,                       0,158541
24541,158542,0,                       0,158538,158538,0,                       0,158542
24542,158541,0,                       0,158539,158539,0,                       0,158541
24543,158540,0,                       0,158540,158540,0,                       0,158540
24544,158539,0,                       0,158541,158541,0,                       0,158539
24545,158538,0,                       0,158542,158542,0,                       0,158538
24546,158539,0,                       0,158541,158541,0,                       0,158539
24547,158540,0,                       0,158540,158540,0,                       0,158540
24548,158539,0,                       0,158541,158541,0,                       0,158539
24549,158538,0,                       0,158542,158542,0,                       0,158538
24550,158539,0,                       0,158541,158541,0,                       0,158539
24551,158538,0,                       0,158542,158542,0,                       0,158538
24552,158539,0,                       0,158541,158541,0,                       0,158539
24553,158540,0,                       0,158540,158540,0,                       0,158540
24554,158539,0,                       0,158541,158541,0,                       0,158539
24555,158540,0,                       0,158540,158540,0,                       0,158540
24556,158539,0,                       0,158541,158541,0,                       0,158539
24557,158540,0,                       0,158540,158540,0,                       0,158540
24558,158539,0,                       0,158541,158541,0,                       0,158539
24559,158538,0,                       0,158542,158542,0,                       0,158538
24560,158539,0,                       0,158541,158541,0,                       0,158539
24561,158540,0,                       0,158540,158540,0,                       0,158540
24562,158539,0,                       0,158541,158541,0,                       0,158539
24563,158540,0,                       0,158540,158540,0,                       0,158540
24564,158539,0,                       0,158541,158541,0,                       0,158539
24565,158540,0,                       0,158540,158540,0,                       0,158540
24566,158541,0,                       0,158539,158539,0,                       0,158541
24567,158540,0,                       0,158540,158540,0,                       0,158540
24568,158541,0,                       0,158539,158539,0,                       0,158541
24569,158540,0,                       0,158540,158540,0,                       0,158540
24570,158539,0,                       0,158541,158541,0,                       0,158539
24571,158538,0,                       0,158542,158542,0,                       0,158538
24572,158539,0,                       0,158541,158541,0,                       0,158539
24573,158540,0,                       0,158540,158540,0,                       0,158540
24574,158539,0,                       0,158541,158541,0,                       0,158539
24575,158540,0,                       0,158540,158540,0,                       0,158540
24576,158541,0,                       0,158539,158539,0,                       0,158541
24577,158540,0,                       0,158540,158540,0,                       0,158540
24578,158541,0,                       0,158539,158539,0,                       0,158541
24579,158542,0,                       0,158538,158538,0,                       0,158542
24580,158541,0,                       0,158539,158539,0,                       0,158541
24581,158542,0,                       0,158538,158538,0,                       0,158542
24582,158541,0,                       0,158539,158539,0,                       0,158541
24583,158540,0,                       0,158540,158540,0,                       0,158540
24584,158539,0,                       0,158541,158541,0,                       0,158539
24585,158540,0,                       0,158540,158540,0,                       0,158540
24586,158539,0,                       0,158541,158541,0,                       0,158539
24587,158540,0,                       0,158540,158540,0,                       0,158540
24588,158541,0,                       0,158539,158539,0,                       0,158541
24589,158540,0,                       0,158540,158540,0,                       0,158540
24590,158539,0,                       0,158541,158541,0,                       0,158539
24591,158538,0,                       0,158542,158542,0,                       0,158538
24592,158539,0,                       0,158541,158541,0,                       0,158539
24593,158540,0,                       0,158540,158540,0,                       0,158540
24594,158541,0,                       0,158539,158539,0,                       0,158541
24595,158540,0,                       0,158540,158540,0,                       0,158540
24596,158539,0,                       0,158541,158541,0,                       0,158539
24597,158538,0,                       0,158542,158542,0,                       0,158538
24598,158537,0,                       0,158543,158543,0,                       0,158537
24599,158538,0,                       0,158542,158542,0,                       0,158538
24600,158539,0,                       0,158541,158541,0,                       0,158539
24601,158540,0,                       0,158540,158540,0,                       0,158540
24602,158539,0,                       0,158541,158541,0,                       0,158539
24603,158540,0,                       0,158540,158540,0,                       0,158540
24604,158541,0,                       0,158539,158539,0,                       0,158541
24605,158540,0,                       0,158540,158540,0,                       0,158540
24606,158539,0,                       0,158541,158541,0,                       0,158539
24607,158540,0,                       0,158540,158540,0,                       0,158540
24608,158539,0,                       0,158541,158541,0,                       0,158539
24609,158540,0,                       0,158540,158540,0,                       0,158540
24610,158539,0,                       0,158541,158541,0,                       0,158539
24611,158540,0,                       0,158540,158540,0,                       0,158540
24612,158541,0,                       0,158539,158539,0,                       0,158541
24613,158540,0,                       0,158540,158540,0,                       0,158540
24614,158541,0,                       0,158539,158539,0,                       0,158541
24615,158540,0,                       0,158540,158540,0,                       0,158540
24616,158539,0,                       0,158541,158541,0,                       0,158539
24617,158538,0,                       0,158542,158542,0,                       0,158538
24618,158539,0,                       0,158541,158541,0,                       0,158539
24619,158538,0,                       0,158542,158542,0,                       0,158538
24620,158537,0,                       0,158543,158543,0,                       0,158537
24621,158538,0,                       0,158542,158542,0,                       0,158538
24622,158539,0,                       0,158541,158541,0,                       0,158539
24623,158540,0,                       0,158540,158540,0,                       0,158540
24624,158541,0,                       0,158539,158539,0,                       0,158541
24625,158540,0,                       0,158540,158540,0,                       0,158540
24626,158539,0,                       0,158541,158541,0,                       0,158539
24627,158540,0,                       0,158540,158540,0,                       0,158540
24628,158539,0,                       0,158541,158541,0,                       0,158539
24629,158538,0,                       0,158542,158542,0,                       0,158538
24630,158539,0,                       0,158541,158541,0,                       0,158539
24631,158540,0,                       0,158540,158540,0,                       0,158540
24632,158541,0,                       0,158539,158539,0,                       0,158541
24633,158540,0,                       0,158540,158540,0,                       0,158540
24634,158541,0,                       0,158539,158539,0,                       0,158541
24635,158540,0,                       0,158540,158540,0,                       0,158540
24636,158539,0,                       0,158541,158541,0,                       0,158539
24637,158538,0,                       0,158542,158542,0,                       0,158538
24638,158539,0,                       0,158541,158541,0,                       0,158539
24639,158540,0,                       0,158540,158540,0,                       0,158540
24640,158539,0,                       0,158541,158541,0,                       0,158539
24641,158540,0,                       0,158540,158540,0,                       0,158540
24642,158541,0,                       0,158539,158539,0,                       0,158541
24643,158540,0,                       0,158540,158540,0,                       0,158540
24644,158539,0,                       0,158541,158541,0,                       0,158539
24645,158538,0,                       0,158542,158542,0,                       0,158538
24646,158539,0,                       0,158541,158541,0,                       0,158539
24647,158538,0,                       0,158542,158542,0,                       0,158538
24648,158537,0,                       0,158543,158543,0,                       0,158537
24649,158538,0,                       0,158542,158542,0,                       0,158538
24650,158539,0,                       0,158541,158541,0,                       0,158539
24651,158540,0,                       0,158540,158540,0,                       0,158540
24652,158539,0,                       0,158541,158541,0,                       0,158539
24653,158540,0,                       0,158540,158540,0,                       0,158540
24654,158539,0,                       0,158541,158541,0,                       0,158539
24655,158540,0,                       0,158540,158540,0,                       0,158540
24656,158539,0,                       0,158541,158541,0,                       0,158539
24657,158538,0,                       0,158542,158542,0,                       0,158538
24658,158539,0,                       0,158541,158541,0,                       0,158539
24659,158538,0,                       0,158542,158542,0,                       0,158538
24660,158539,0,                       0,158541,158541,0,                       0,158539
24661,158540,0,                       0,158540,158540,0,                       0,158540
24662,158541,0,                       0,158539,158539,0,                       0,158541
24663,158542,0,                       0,158538,158538,0,                       0,158542
24664,158543,0,                       0,158537,158537,0,                       0,158543
24665,158542,0,                       0,158538,158538,0,                       0,158542
24666,158541,0,                       0,158539,158539,0,                       0,158541
24667,158540,0,                       0,158540,158540,0,                       0,158540
24668,158539,0,                       0,158541,158541,0,                       0,158539
24669,158538,0,                       0,158542,158542,0,                       0,158538
24670,158539,0,                       0,158541,158541,0,                       0,158539
24671,158540,0,                       0,158540,158540,0,                       0,158540
24672,158541,0,                       0,158539,158539,0,                       0,158541
24673,158542,0,                       0,158538,158538,0,                       0,158542
24674,158541,0,                       0,158539,158539,0,                       0,158541
24675,158540,0,                       0,158540,158540,0,                       0,158540
24676,158539,0,                       0,158541,158541,0,                       0,158539
24677,158540,0,                       0,158540,158540,0,                       0,158540
24678,158541,0,                       0,158539,158539,0,                       0,158541
24679,158540,0,                       0,158540,158540,0,                       0,158540
24680,158539,0,                       0,158541,158541,0,                       0,158539
24681,158540,0,                       0,158540,158540,0,                       0,158540
24682,158541,0,                       0,158539,158539,0,                       0,158541
24683,158542,0,                       0,158538,158538,0,                       0,158542
24684,158543,0,                       0,158537,158537,0,                       0,158543
24685,158542,0,                       0,158538,158538,0,                       0,158542
24686,158541,0,                       0,158539,158539,0,                       0,158541
24687,158540,0,                       0,158540,158540,0,                       0,158540
24688,158539,0,                       0,158541,158541,0,                       0,158539
24689,158540,0,                       0,158540,158540,0,                       0,158540
24690,158539,0,                       0,158541,158541,0,                       0,158539
24691,158538,0,                       0,158542,158542,0,                       0,158538
24692,158539,0,                       0,158541,158541,0,                       0,158539
24693,158540,0,                       0,158540,158540,0,                       0,158540
24694,158541,0,                       0,158539,158539,0,                       0,158541
24695,158540,0,                       0,158540,158540,0,                       0,158540
24696,158539,0,                       0,158541,158541,0,                       0,158539
24697,158540,0,                       0,158540,158540,0,                       0,158540
24698,158541,0,                       0,158539,158539,0,                       0,158541
24699,158542,0,                       0,158538,158538,0,                       0,158542
24700,158541,0,                       0,158539,158539,0,                       0,158541
24701,158542,0,                       0,158538,158538,0,                       0,158542
24702,158541,0,                       0,158539,158539,0,                       0,158541
24703,158540,0,                       0,158540,158540,0,                       0,158540
24704,158541,0,                       0,158539,158539,0,                       0,158541
24705,158542,0,                       0,158538,158538,0,                       0,158542
24706,158541,0,                       0,158539,158539,0,                       0,158541
24707,158540,0,                       0,158540,158540,0,                       0,158540
24708,158539,0,                       0,158541,158541,0,                       0,158539
24709,158538,0,                       0,158542,158542,0,                       0,158538
24710,158539,0,                       0,158541,158541,0,                       0,158539
24711,158538,0,                       0,158542,158542,0,                       0,158538
24712,158539,0,                       0,158541,158541,0,                       0,158539
24713,158540,0,                       0,158540,158540,0,                       0,158540
24714,158539,0,                       0,158541,158541,0,                       0,158539
24715,158540,0,                       0,158540,158540,0,                       0,158540
24716,158541,0,                       0,158539,158539,0,                       0,158541
24717,158542,0,                       0,158538,158538,0,                       0,158542
24718,158541,0,                       0,158539,158539,0,                       0,158541
24719,158542,0,                       0,158538,158538,0,                       0,158542
24720,158541,0,                       0,158539,158539,0,                       0,158541
24721,158540,0,                       0,158540,158540,0,                       0,158540
24722,158541,0,                       0,158539,158539,0,                       0,158541
24723,158540,0,                       0,158540,158540,0,                       0,158540
24724,158539,0,                       0,158541,158541,0,                       0,158539
24725,158540,0,                       0,158540,158540,0,                       0,158540
24726,158541,0,                       0,158539,158539,0,                       0,158541
24727,158540,0,                       0,158540,158540,0,                       0,158540
24728,158539,0,                       0,158541,158541,0,                       0,158539
24729,158540,0,                       0,158540,158540,0,                       0,158540
24730,158539,0,                       0,158541,158541,0,                       0,158539
24731,158538,0,                       0,158542,158542,0,                       0,158538
24732,158539,0,                       0,158541,158541,0,                       0,158539
24733,158540,0,                       0,158540,158540,0,                       0,158540
24734,158539,0,                       0,158541,158541,0,                       0,158539
24735,158538,0,                       0,158542,158542,0,                       0,158538
24736,158537,0,                       0,158543,158543,0,                       0,158537
24737,158538,0,                       0,158542,158542,0,                       0,158538
24738,158539,0,                       0,158541,158541,0,                       0,158539
24739,158540,0,                       0,158540,158540,0,                       0,158540
24740,158539,0,                       0,158541,158541,0,                       0,158539
24741,158540,0,                       0,158540,158540,0,                       0,158540
24742,158541,0,                       0,158539,158539,0,                       0,158541
24743,158542,0,                       0,158538,158538,0,                       0,158542
24744,158541,0,                       0,158539,158539,0,                       0,158541
24745,158542,0,                       0,158538,158538,0,                       0,158542
24746,158541,0,                       0,158539,158539,0,                       0,158541
24747,158540,0,                       0,158540,158540,0,                       0,158540
24748,158539,0,                       0,158541,158541,0,                       0,158539
24749,158540,0,                       0,158540,158540,0,                       0,158540
24750,158541,0,                       0,158539,158539,0,                       0,158541
24751,158540,0,                       0,158540,158540,0,                       0,158540
24752,158539,0,                       0,158541,158541,0,                       0,158539
24753,158540,0,                       0,158540,158540,0,                       0,158540
24754,158541,0,                       0,158539,158539,0,                       0,158541
24755,158542,0,                       0,158538,158538,0,                       0,158542
24756,158543,0,                       0,158537,158537,0,                       0,158543
24757,158544,0,                       0,158536,158536,0,                       0,158544
24758,158543,0,                       0,158537,158537,0,                       0,158543
24759,158544,0,                       0,158536,158536,0,                       0,158544
24760,158545,0,                       0,158535,158535,0,                       0,158545
24761,158546,0,                       0,158534,158534,0,                       0,158546
24762,158547,0,                       0,158533,158533,0,                       0,158547
24763,158548,0,                       0,158532,158532,0,                       0,158548
24764,158549,0,                       0,158531,158531,0,                       0,158549
24765,158550,0,                       0,158530,158530,0,                       0,158550
24766,158551,0,                       0,158529,158529,0,                       0,158551
24767,158552,0,                       0,158528,158528,0,                       0,158552
24768,158553,0,                       0,158527,158527,0,                       0,158553
24769,158554,0,                       0,158526,158526,0,                       0,158554
24770,158555,0,                       0,158525,158525,0,                       0,158555
24771,158556,0,                       0,158524,158524,0,                       0,158556
24772,158555,0,                       0,158525,158525,0,                       0,158555
24773,158554,0,                       0,158526,158526,0,                       0,158554
24774,158553,0,                       0,158527,158527,0,                       0,158553
24775,158552,0,                       0,158528,158528,0,                       0,158552
24776,158551,0,                       0,158529,158529,0,                       0,158551
24777,158550,0,                       0,158530,158530,0,                       0,158550
24778,158549,0,                       0,158531,158531,0,                       0,158549
24779,158548,0,                       0,158532,158532,0,                       0,158548
24780,158547,0,                       0,158533,158533,0,                       0,158547
24781,158546,0,                       0,158534,158534,0,                       0,158546
24782,158545,0,                       0,158535,158535,0,                       0,158545
24783,158544,0,                       0,158536,158536,0,                       0,158544
24784,158543,0,                       0,158537,158537,0,                       0,158543
24785,158542,0,                       0,158538,158538,0,                       0,158542
24786,158541,0,                       0,158539,158539,0,                       0,158541
24787,158540,0,                       0,158540,158540,0,                       0,158540
24788,158539,0,                       0,158541,158541,0,                       0,158539
24789,158538,0,                       0,158542,158542,0,                       0,158538
24790,158539,0,                       0,158541,158541,0,                       0,158539
24791,158538,0,                       0,158542,158542,0,                       0,158538
24792,158537,0,                       0,158543,158543,0,                       0,158537
24793,158538,0,                       0,158542,158542,0,                       0,158538
24794,158539,0,                       0,158541,158541,0,                       0,158539
24795,158538,0,                       0,158542,158542,0,                       0,158538
24796,158539,0,                       0,158541,158541,0,                       0,158539
24797,158538,0,                       0,158542,158542,0,                       0,158538
24798,158539,0,                       0,158541,158541,0,                       0,158539
24799,158538,0,                       0,158542,158542,0,                       0,158538
24800,158539,0,                       0,158541,158541,0,                       0,158539
24801,158538,0,                       0,158542,158542,0,                       0,158538
24802,158539,0,                       0,158541,158541,0,                       0,158539
24803,158540,0,                       0,158540,158540,0,                       0,158540
24804,158541,0,                       0,158539,158539,0,                       0,158541
24805,158540,0,                       0,158540,158540,0,                       0,158540
24806,158539,0,                       0,158541,158541,0,                       0,158539
24807,158538,0,                       0,158542,158542,0,                       0,158538
24808,158539,0,                       0,158541,158541,0,                       0,158539
24809,158540,0,                       0,158540,158540,0,                       0,158540
24810,158539,0,                       0,158541,158541,0,                       0,158539
24811,158538,0,                       0,158542,158542,0,                       0,158538
24812,158539,0,                       0,158541,158541,0,                       0,158539
24813,158538,0,                       0,158542,158542,0,                       0,158538
24814,158539,0,                       0,158541,158541,0,                       0,158539
24815,158540,0,                       0,158540,158540,0,                       0,158540
24816,158539,0,                       0,158541,158541,0,                       0,158539
24817,158538,0,                       0,158542,158542,0,                       0,158538
24818,158539,0,                       0,158541,158541,0,                       0,158539
24819,158538,0,                       0,158542,158542,0,                       0,158538
24820,158539,0,                       0,158541,158541,0,                       0,158539
24821,158540,0,                       0,158540,158540,0,                       0,158540
24822,158541,0,                       0,158539,158539,0,                       0,158541
24823,158540,0,                       0,158540,158540,0,                       0,158540
24824,158539,0,                       0,158541,158541,0,                       0,158539
24825,158540,0,                       0,158540,158540,0,                       0,158540
24826,158541,0,                       0,158539,158539,0,                       0,158541
24827,158540,0,                       0,158540,158540,0,                       0,158540
24828,158539,0,                       0,158541,158541,0,                       0,158539
24829,158538,0,                       0,158542,158542,0,                       0,158538
24830,158539,0,                       0,158541,158541,0,                       0,158539
24831,158538,0,                       0,158542,158542,0,                       0,158538
24832,158537,0,                       0,158543,158543,0,                       0,158537
24833,158536,0,                       0,158544,158544,0,                       0,158536
24834,158537,0,                       0,158543,158543,0,                       0,158537
24835,158538,0,                       0,158542,158542,0,                       0,158538
24836,158539,0,                       0,158541,158541,0,                       0,158539
24837,158538,0,                       0,158542,158542,0,                       0,158538
24838,158539,0,                       0,158541,158541,0,                       0,158539
24839,158540,0,                       0,158540,158540,0,                       0,158540
24840,158539,0,                       0,158541,158541,0,                       0,158539
24841,158540,0,                       0,158540,158540,0,                       0,158540
24842,158539,0,                       0,158541,158541,0,                       0,158539
24843,158540,0,                       0,158540,158540,0,                       0,158540
24844,158541,0,                       0,158539,158539,0,                       0,158541
24845,158540,0,                       0,158540,158540,0,                       0,158540
24846,158541,0,                       0,158539,158539,0,                       0,158541
24847,158542,0,                       0,158538,158538,0,                       0,158542
24848,158543,0,                       0,158537,158537,0,                       0,158543
24849,158542,0,                       0,158538,158538,0,                       0,158542
24850,158541,0,                       0,158539,158539,0,                       0,158541
24851,158540,0,                       0,158540,158540,0,                       0,158540
24852,158539,0,                       0,158541,158541,0,                       0,158539
24853,158540,0,                       0,158540,158540,0,                       0,158540
24854,158541,0,                       0,158539,158539,0,                       0,158541
24855,158542,0,                       0,158538,158538,0,                       0,158542
24856,158541,0,                       0,158539,158539,0,                       0,158541
24857,158540,0,                       0,158540,158540,0,                       0,158540
24858,158539,0,                       0,158541,158541,0,                       0,158539
24859,158540,0,                       0,158540,158540,0,                       0,158540
24860,158539,0,                       0,158541,158541,0,                       0,158539
24861,158540,0,                       0,158540,158540,0,                       0,158540
24862,158539,0,                       0,158541,158541,0,                       0,158539
24863,158540,0,                       0,158540,158540,0,                       0,158540
24864,158539,0,                       0,158541,158541,0,                       0,158539
24865,158540,0,                       0,158540,158540,0,                       0,158540
24866,158539,0,                       0,158541,158541,0,                       0,158539
24867,158540,0,                       0,158540,158540,0,                       0,158540
24868,158539,0,                       0,158541,158541,0,                       0,158539
24869,158538,0,                       0,158542,158542,0,                       0,158538
24870,158539,0,                       0,158541,158541,0,                       0,158539
24871,158538,0,                       0,158542,158542,0,                       0,158538
24872,158539,0,                       0,158541,158541,0,                       0,158539
24873,158540,0,                       0,158540,158540,0,                       0,158540
24874,158539,0,                       0,158541,158541,0,                       0,158539
24875,158540,0,                       0,158540,158540,0,                       0,158540
24876,158539,0,                       0,158541,158541,0,                       0,158539
24877,158540,0,                       0,158540,158540,0,                       0,158540
24878,158539,0,                       0,158541,158541,0,                       0,158539
24879,158540,0,                       0,158540,158540,0,                       0,158540
24880,158539,0,                       0,158541,158541,0,                       0,158539
24881,158540,0,                       0,158540,158540,0,                       0,158540
24882,158539,0,                       0,158541,158541,0,                       0,158539
24883,158540,0,                       0,158540,158540,0,                       0,158540
24884,158541,0,                       0,158539,158539,0,                       0,158541
24885,158540,0,                       0,158540,158540,0,                       0,158540
24886,158541,0,                       0,158539,158539,0,                       0,158541
24887,158542,0,                       0,158538,158538,0,                       0,158542
24888,158541,0,                       0,158539,158539,0,                       0,158541
24889,158542,0,                       0,158538,158538,0,                       0,158542
24890,158541,0,                       0,158539,158539,0,                       0,158541
24891,158540,0,                       0,158540,158540,0,                       0,158540
24892,158539,0,                       0,158541,158541,0,                       0,158539
24893,158540,0,                       0,158540,158540,0,                       0,158540
24894,158541,0,                       0,158539,158539,0,                       0,158541
24895,158540,0,                       0,158540,158540,0,                       0,158540
24896,158539,0,                       0,158541,158541,0,                       0,158539
24897,158538,0,                       0,158542,158542,0,                       0,158538
24898,158537,0,                       0,158543,158543,0,                       0,158537
24899,158538,0,                       0,158542,158542,0,                       0,158538
24900,158539,0,                       0,158541,158541,0,                       0,158539
24901,158540,0,                       0,158540,158540,0,                       0,158540
24902,158541,0,                       0,158539,158539,0,                       0,158541
24903,158542,0,                       0,158538,158538,0,                       0,158542
24904,158541,0,                       0,158539,158539,0,                       0,158541
24905,158540,0,                       0,158540,158540,0,                       0,158540
24906,158541,0,                       0,158539,158539,0,                       0,158541
24907,158540,0,                       0,158540,158540,0,                       0,158540
24908,158539,0,                       0,158541,158541,0,                       0,158539
24909,158540,0,                       0,158540,158540,0,                       0,158540
24910,158539,0,                       0,158541,158541,0,                       0,158539
24911,158540,0,                       0,158540,158540,0,                       0,158540
24912,158539,0,                       0,158541,158541,0,                       0,158539
24913,158538,0,                       0,158542,158542,0,                       0,158538
24914,158539,0,                       0,158541,158541,0,                       0,158539
24915,158540,0,                       0,158540,158540,0,                       0,158540
24916,158539,0,                       0,158541,158541,0,                       0,158539
24917,158540,0,                       0,158540,158540,0,                       0,158540
24918,158541,0,                       0,158539,158539,0,                       0,158541
24919,158542,0,                       0,158538,158538,0,                       0,158542
24920,158541,0,                       0,158539,158539,0,                       0,158541
24921,158540,0,                       0,158540,158540,0,                       0,158540
24922,158541,0,                       0,158539,158539,0,                       0,158541
24923,158540,0,                       0,158540,158540,0,                       0,158540
24924,158539,0,                       0,158541,158541,0,                       0,158539
24925,158540,0,                       0,158540,158540,0,                       0,158540
24926,158541,0,                       0,158539,158539,0,                       0,158541
24927,158540,0,                       0,158540,158540,0,                       0,158540
24928,158539,0,                       0,158541,158541,0,                       0,158539
24929,158540,0,                       0,158540,158540,0,                       0,158540
24930,158541,0,                       0,158539,158539,0,                       0,158541
24931,158542,0,                       0,158538,158538,0,                       0,158542
24932,158541,0,                       0,158539,158539,0,                       0,158541
24933,158540,0,                       0,158540,158540,0,                       0,158540
24934,158541,0,                       0,158539,158539,0,                       0,158541
24935,158540,0,                       0,158540,158540,0,                       0,158540
24936,158541,0,                       0,158539,158539,0,                       0,158541
24937,158542,0,                       0,158538,158538,0,                       0,158542
24938,158541,0,                       0,158539,158539,0,                       0,158541
24939,158540,0,                       0,158540,158540,0,                       0,158540
24940,158541,0,                       0,158539,158539,0,                       0,158541
24941,158540,0,                       0,158540,158540,0,                       0,158540
24942,158541,0,                       0,158539,158539,0,                       0,158541
24943,158542,0,                       0,158538,158538,0,                       0,158542
24944,158541,0,                       0,158539,158539,0,                       0,158541
24945,158540,0,                       0,158540,158540,0,                       0,158540
24946,158539,0,                       0,158541,158541,0,                       0,158539
24947,158540,0,                       0,158540,158540,0,                       0,158540
24948,158539,0,                       0,158541,158541,0,                       0,158539
24949,158540,0,                       0,158540,158540,0,                       0,158540
24950,158541,0,                       0,158539,158539,0,                       0,158541
24951,158542,0,                       0,158538,158538,0,                       0,158542
24952,158541,0,                       0,158539,158539,0,                       0,158541
24953,158542,0,                       0,158538,158538,0,                       0,158542
24954,158541,0,                       0,158539,158539,0,                       0,158541
24955,158540,0,                       0,158540,158540,0,                       0,158540
24956,158541,0,                       0,158539,158539,0,                       0,158541
24957,158542,0,                       0,158538,158538,0,                       0,158542
24958,158541,0,                       0,158539,158539,0,                       0,158541
24959,158540,0,                       0,158540,158540,0,                       0,158540
24960,158541,0,                       0,158539,158539,0,                       0,158541
24961,158540,0,                       0,158540,158540,0,                       0,158540
24962,158539,0,                       0,158541,158541,0,                       0,158539
24963,158540,0,                       0,158540,158540,0,                       0,158540
24964,158541,0,                       0,158539,158539,0,                       0,158541
24965,158540,0,                       0,158540,158540,0,                       0,158540
24966,158541,0,                       0,158539,158539,0,                       0,158541
24967,158542,0,                       0,158538,158538,0,                       0,158542
24968,158541,0,                       0,158539,158539,0,                       0,158541
24969,158542,0,                       0,158538,158538,0,                       0,158542
24970,158541,0,                       0,158539,158539,0,                       0,158541
24971,158540,0,                       0,158540,158540,0,                       0,158540
24972,158539,0,                       0,158541,158541,0,                       0,158539
24973,158540,0,                       0,158540,158540,0,                       0,158540
24974,158541,0,                       0,158539,158539,0,                       0,158541
24975,158540,0,                       0,158540,158540,0,                       0,158540
24976,158539,0,                       0,158541,158541,0,                       0,158539
24977,158538,0,                       0,158542,158542,0,                       0,158538
24978,158539,0,                       0,158541,158541,0,                       0,158539
24979,158540,0,                       0,158540,158540,0,                       0,158540
24980,158541,0,                       0,158539,158539,0,                       0,158541
24981,158540,0,                       0,158540,158540,0,                       0,158540
24982,158541,0,                       0,158539,158539,0,                       0,158541
24983,158540,0,                       0,158540,158540,0,                       0,158540
24984,158541,0,                       0,158539,158539,0,                       0,158541
24985,158540,0,                       0,158540,158540,0,                       0,158540
24986,158541,0,                       0,158539,158539,0,                       0,158541
24987,158540,0,                       0,158540,158540,0,                       0,158540
24988,158541,0,                       0,158539,158539,0,                       0,158541
24989,158540,0,                       0,158540,158540,0,                       0,158540
24990,158541,0,                       0,158539,158539,0,                       0,158541
24991,158540,0,                       0,158540,158540,0,                       0,158540
24992,158539,0,                       0,158541,158541,0,                       0,158539
24993,158538,0,                       0,158542,158542,0,                       0,158538
24994,158539,0,                       0,158541,158541,0,                       0,158539
24995,158540,0,                       0,158540,158540,0,                       0,158540
24996,158541,0,                       0,158539,158539,0,                       0,158541
24997,158542,0,                       0,158538,158538,0,                       0,158542
24998,158541,0,                       0,158539,158539,0,                       0,158541
24999,158540,0,                       0,158540,158540,0,                       0,158540
25000,158541,0,                       0,158539,158539,0,                       0,158541
25001,158540,0,                       0,158540,158540,0,                       0,158540
25002,158541,0,                       0,158539,158539,0,                       0,158541
25003,158540,0,                       0,158540,158540,0,                       0,158540
25004,158541,0,                       0,158539,158539,0,                       0,158541
25005,158540,0,                       0,158540,158540,0,                       0,158540
25006,158541,0,                       0,158539,158539,0,                       0,158541
25007,158542,0,                       0,158538,158538,0,                       0,158542
25008,158541,0,                       0,158539,158539,0,                       0,158541
25009,158540,0,                       0,158540,158540,0,                       0,158540
25010,158541,0,                       0,158539,158539,0,                       0,158541
25011,158540,0,                       0,158540,158540,0,                       0,158540
25012,158539,0,                       0,158541,158541,0,                       0,158539
25013,158540,0,                       0,158540,158540,0,                       0,158540
25014,158539,0,                       0,158541,158541,0,                       0,158539
25015,158538,0,                       0,158542,158542,0,                       0,158538
25016,158539,0,                       0,158541,158541,0,                       0,158539
25017,158540,0,                       0,158540,158540,0,                       0,158540
25018,158541,0,                       0,158539,158539,0,                       0,158541
25019,158542,0,                       0,158538,158538,0,                       0,158542
25020,158541,0,                       0,158539,158539,0,                       0,158541
25021,158540,0,                       0,158540,158540,0,                       0,158540
25022,158541,0,                       0,158539,158539,0,                       0,158541
25023,158542,0,                       0,158538,158538,0,                       0,158542
25024,158541,0,                       0,158539,158539,0,                       0,158541
25025,158542,0,                       0,158538,158538,0,                       0,158542
25026,158541,0,                       0,158539,158539,0,                       0,158541
25027,158542,0,                       0,158538,158538,0,                       0,158542
25028,158543,0,                       0,158537,158537,0,                       0,158543
25029,158542,0,                       0,158538,158538,0,                       0,158542
25030,158541,0,                       0,158539,158539,0,                       0,158541
25031,158540,0,                       0,158540,158540,0,                       0,158540
25032,158539,0,                       0,158541,158541,0,                       0,158539
25033,158540,0,                       0,158540,158540,0,                       0,158540
25034,158541,0,                       0,158539,158539,0,                       0,158541
25035,158540,0,                       0,158540,158540,0,                       0,158540
25036,158539,0,                       0,158541,158541,0,                       0,158539
25037,158538,0,                       0,158542,158542,0,                       0,158538
25038,158539,0,                       0,158541,158541,0,                       0,158539
25039,158540,0,                       0,158540,158540,0,                       0,158540
25040,158541,0,                       0,158539,158539,0,                       0,158541
25041,158540,0,                       0,158540,158540,0,                       0,158540
25042,158539,0,                       0,158541,158541,0,                       0,158539
25043,158538,0,                       0,158542,158542,0,                       0,158538
25044,158539,0,                       0,158541,158541,0,                       0,158539
25045,158540,0,                       0,158540,158540,0,                       0,158540
25046,158539,0,                       0,158541,158541,0,                       0,158539
25047,158540,0,                       0,158540,158540,0,                       0,158540
25048,158541,0,                       0,158539,158539,0,                       0,158541
25049,158540,0,                       0,158540,158540,0,                       0,158540
25050,158539,0,                       0,158541,158541,0,                       0,158539
25051,158538,0,                       0,158542,158542,0,                       0,158538
25052,158539,0,                       0,158541,158541,0,                       0,158539
25053,158538,0,                       0,158542,158542,0,                       0,158538
25054,158539,0,                       0,158541,158541,0,                       0,158539
25055,158540,0,                       0,158540,158540,0,                       0,158540
25056,158539,0,                       0,158541,158541,0,                       0,158539
25057,158540,0,                       0,158540,158540,0,                       0,158540
25058,158541,0,                       0,158539,158539,0,                       0,158541
25059,158540,0,                       0,158540,158540,0,                       0,158540
25060,158539,0,                       0,158541,158541,0,                       0,158539
25061,158540,0,                       0,158540,158540,0,                       0,158540
25062,158541,0,                       0,158539,158539,0,                       0,158541
25063,158542,0,                       0,158538,158538,0,                       0,158542
25064,158541,0,                       0,158539,158539,0,                       0,158541
25065,158540,0,                       0,158540,158540,0,                       0,158540
25066,158541,0,                       0,158539,158539,0,                       0,158541
25067,158542,0,                       0,158538,158538,0,                       0,158542
25068,158541,0,                       0,158539,158539,0,                       0,158541
25069,158540,0,                       0,158540,158540,0,                       0,158540
25070,158539,0,                       0,158541,158541,0,                       0,158539
25071,158538,0,                       0,158542,158542,0,                       0,158538
25072,158539,0,                       0,158541,158541,0,                       0,158539
25073,158540,0,                       0,158540,158540,0,                       0,158540
25074,158539,0,                       0,158541,158541,0,                       0,158539
25075,158538,0,                       0,158542,158542,0,                       0,158538
25076,158539,0,                       0,158541,158541,0,                       0,158539
25077,158540,0,                       0,158540,158540,0,                       0,158540
25078,158541,0,                       0,158539,158539,0,                       0,158541
25079,158542,0,                       0,158538,158538,0,                       0,158542
25080,158543,0,                       0,158537,158537,0,                       0,158543
25081,158544,0,                       0,158536,158536,0,                       0,158544
25082,158543,0,                       0,158537,158537,0,                       0,158543
25083,158542,0,                       0,158538,158538,0,                       0,158542
25084,158541,0,                       0,158539,158539,0,                       0,158541
25085,158540,0,                       0,158540,158540,0,                       0,158540
25086,158539,0,                       0,158541,158541,0,                       0,158539
25087,158540,0,                       0,158540,158540,0,                       0,158540
25088,158541,0,                       0,158539,158539,0,                       0,158541
25089,158542,0,                       0,158538,158538,0,                       0,158542
25090,158541,0,                       0,158539,158539,0,                       0,158541
25091,158540,0,                       0,158540,158540,0,                       0,158540
25092,158541,0,                       0,158539,158539,0,                       0,158541
25093,158540,0,                       0,158540,158540,0,                       0,158540
25094,158539,0,                       0,158541,158541,0,                       0,158539
25095,158538,0,                       0,158542,158542,0,                       0,158538
25096,158537,0,                       0,158543,158543,0,                       0,158537
25097,158538,0,                       0,158542,158542,0,                       0,158538
25098,158539,0,                       0,158541,158541,0,                       0,158539
25099,158538,0,                       0,158542,158542,0,                       0,158538
25100,158539,0,                       0,158541,158541,0,                       0,158539
25101,158540,0,                       0,158540,158540,0,                       0,158540
25102,158539,0,                       0,158541,158541,0,                       0,158539
25103,158538,0,                       0,158542,158542,0,                       0,158538
25104,158537,0,                       0,158543,158543,0,                       0,158537
25105,158538,0,                       0,158542,158542,0,                       0,158538
25106,158539,0,                       0,158541,158541,0,                       0,158539
25107,158540,0,                       0,158540,158540,0,                       0,158540
25108,158541,0,                       0,158539,158539,0,                       0,158541
25109,158540,0,                       0,158540,158540,0,                       0,158540
25110,158539,0,                       0,158541,158541,0,                       0,158539
25111,158540,0,                       0,158540,158540,0,                       0,158540
25112,158539,0,                       0,158541,158541,0,                       0,158539
25113,158538,0,                       0,158542,158542,0,                       0,158538
25114,158537,0,                       0,158543,158543,0,                       0,158537
25115,158536,0,                       0,158544,158544,0,                       0,158536
25116,158535,0,                       0,158545,158545,0,                       0,158535
25117,158534,0,                       0,158546,158546,0,                       0,158534
25118,158533,0,                       0,158547,158547,0,                       0,158533
25119,158534,0,                       0,158546,158546,0,                       0,158534
25120,158535,0,                       0,158545,158545,0,                       0,158535
25121,158536,0,                       0,158544,158544,0,                       0,158536
25122,158537,0,                       0,158543,158543,0,                       0,158537
25123,158538,0,                       0,158542,158542,0,                       0,158538
25124,158539,0,                       0,158541,158541,0,                       0,158539
25125,158540,0,                       0,158540,158540,0,                       0,158540
25126,158541,0,                       0,158539,158539,0,                       0,158541
25127,158542,0,                       0,158538,158538,0,                       0,158542
25128,158541,0,                       0,158539,158539,0,                       0,158541
25129,158540,0,                       0,158540,158540,0,                       0,158540
25130,158541,0,                       0,158539,158539,0,                       0,158541
25131,158540,0,                       0,158540,158540,0,                       0,158540
25132,158541,0,                       0,158539,158539,0,                       0,158541
25133,158540,0,                       0,158540,158540,0,                       0,158540
25134,158541,0,                       0,158539,158539,0,                       0,158541
25135,158542,0,                       0,158538,158538,0,                       0,158542
25136,158543,0,                       0,158537,158537,0,                       0,158543
25137,158542,0,                       0,158538,158538,0,                       0,158542
25138,158541,0,                       0,158539,158539,0,                       0,158541
25139,158540,0,                       0,158540,158540,0,                       0,158540
25140,158541,0,                       0,158539,158539,0,                       0,158541
25141,158540,0,                       0,158540,158540,0,                       0,158540
25142,158539,0,                       0,158541,158541,0,                       0,158539
25143,158538,0,                       0,158542,158542,0,                       0,158538
25144,158537,0,                       0,158543,158543,0,                       0,158537
25145,158538,0,                       0,158542,158542,0,                       0,158538
25146,158539,0,                       0,158541,158541,0,                       0,158539
25147,158540,0,                       0,158540,158540,0,                       0,158540
25148,158541,0,                       0,158539,158539,0,                       0,158541
25149,158542,0,                       0,158538,158538,0,                       0,158542
25150,158541,0,                       0,158539,158539,0,                       0,158541
25151,158540,0,                       0,158540,158540,0,                       0,158540
25152,158539,0,                       0,158541,158541,0,                       0,158539
25153,158540,0,                       0,158540,158540,0,                       0,158540
25154,158541,0,                       0,158539,158539,0,                       0,158541
25155,158540,0,                       0,158540,158540,0,                       0,158540
25156,158539,0,                       0,158541,158541,0,                       0,158539
25157,158538,0,                       0,158542,158542,0,                       0,158538
25158,158539,0,                       0,158541,158541,0,                       0,158539
25159,158540,0,                       0,158540,158540,0,                       0,158540
25160,158539,0,                       0,158541,158541,0,                       0,158539
25161,158540,0,                       0,158540,158540,0,                       0,158540
25162,158539,0,                       0,158541,158541,0,                       0,158539
25163,158540,0,                       0,158540,158540,0,                       0,158540
25164,158539,0,                       0,158541,158541,0,                       0,158539
25165,158540,0,                       0,158540,158540,0,                       0,158540
25166,158539,0,                       0,158541,158541,0,                       0,158539
25167,158540,0,                       0,158540,158540,0,                       0,158540
25168,158539,0,                       0,158541,158541,0,                       0,158539
25169,158540,0,                       0,158540,158540,0,                       0,158540
25170,158541,0,                       0,158539,158539,0,                       0,158541
25171,158542,0,                       0,158538,158538,0,                       0,158542
25172,158541,0,                       0,158539,158539,0,                       0,158541
25173,158540,0,                       0,158540,158540,0,                       0,158540
25174,158539,0,                       0,158541,158541,0,                       0,158539
25175,158538,0,                       0,158542,158542,0,                       0,158538
25176,158537,0,                       0,158543,158543,0,                       0,158537
25177,158538,0,                       0,158542,158542,0,                       0,158538
25178,158539,0,                       0,158541,158541,0,                       0,158539
25179,158540,0,                       0,158540,158540,0,                       0,158540
25180,158539,0,                       0,158541,158541,0,                       0,158539
25181,158538,0,                       0,158542,158542,0,                       0,158538
25182,158537,0,                       0,158543,158543,0,                       0,158537
25183,158538,0,                       0,158542,158542,0,                       0,158538
25184,158539,0,                       0,158541,158541,0,                       0,158539
25185,158540,0,                       0,158540,158540,0,                       0,158540
25186,158541,0,                       0,158539,158539,0,                       0,158541
25187,158542,0,                       0,158538,158538,0,                       0,158542
25188,158543,0,                       0,158537,158537,0,                       0,158543
25189,158542,0,                       0,158538,158538,0,                       0,158542
25190,158541,0,                       0,158539,158539,0,                       0,158541
25191,158540,0,                       0,158540,158540,0,                       0,158540
25192,158541,0,                       0,158539,158539,0,                       0,158541
25193,158542,0,                       0,158538,158538,0,                       0,158542
25194,158541,0,                       0,158539,158539,0,                       0,158541
25195,158540,0,                       0,158540,158540,0,                       0,158540
25196,158539,0,                       0,158541,158541,0,                       0,158539
25197,158540,0,                       0,158540,158540,0,                       0,158540
25198,158539,0,                       0,158541,158541,0,                       0,158539
25199,158538,0,                       0,158542,158542,0,                       0,158538
25200,158539,0,                       0,158541,158541,0,                       0,158539
25201,158538,0,                       0,158542,158542,0,                       0,158538
25202,158539,0,                       0,158541,158541,0,                       0,158539
25203,158538,0,                       0,158542,158542,0,                       0,158538
25204,158539,0,                       0,158541,158541,0,                       0,158539
25205,158538,0,                       0,158542,158542,0,                       0,158538
25206,158539,0,                       0,158541,158541,0,                       0,158539
25207,158538,0,                       0,158542,158542,0,                       0,158538
25208,158539,0,                       0,158541,158541,0,                       0,158539
25209,158540,0,                       0,158540,158540,0,                       0,158540
25210,158539,0,                       0,158541,158541,0,                       0,158539
25211,158540,0,                       0,158540,158540,0,                       0,158540
25212,158541,0,                       0,158539,158539,0,                       0,158541
25213,158540,0,                       0,158540,158540,0,                       0,158540
25214,158541,0,                       0,158539,158539,0,                       0,158541
25215,158540,0,                       0,158540,158540,0,                       0,158540
25216,158539,0,                       0,158541,158541,0,                       0,158539
25217,158540,0,                       0,158540,158540,0,                       0,158540
25218,158541,0,                       0,158539,158539,0,                       0,158541
25219,158542,0,                       0,158538,158538,0,                       0,158542
25220,158541,0,                       0,158539,158539,0,                       0,158541
25221,158540,0,                       0,158540,158540,0,                       0,158540
25222,158539,0,                       0,158541,158541,0,                       0,158539
25223,158540,0,                       0,158540,158540,0,                       0,158540
25224,158541,0,                       0,158539,158539,0,                       0,158541
25225,158542,0,                       0,158538,158538,0,                       0,158542
25226,158541,0,                       0,158539,158539,0,                       0,158541
25227,158542,0,                       0,158538,158538,0,                       0,158542
25228,158541,0,                       0,158539,158539,0,                       0,158541
25229,158540,0,                       0,158540,158540,0,                       0,158540
25230,158541,0,                       0,158539,158539,0,                       0,158541
25231,158542,0,                       0,158538,158538,0,                       0,158542
25232,158541,0,                       0,158539,158539,0,                       0,158541
25233,158540,0,                       0,158540,158540,0,                       0,158540
25234,158539,0,                       0,158541,158541,0,                       0,158539
25235,158538,0,                       0,158542,158542,0,                       0,158538
25236,158537,0,                       0,158543,158543,0,                       0,158537
25237,158536,0,                       0,158544,158544,0,                       0,158536
25238,158535,0,                       0,158545,158545,0,                       0,158535
25239,158536,0,                       0,158544,158544,0,                       0,158536
25240,158537,0,                       0,158543,158543,0,                       0,158537
25241,158538,0,                       0,158542,158542,0,                       0,158538
25242,158537,0,                       0,158543,158543,0,                       0,158537
25243,158536,0,                       0,158544,158544,0,                       0,158536
25244,158537,0,                       0,158543,158543,0,                       0,158537
25245,158538,0,                       0,158542,158542,0,                       0,158538
25246,158537,0,                       0,158543,158543,0,                       0,158537
25247,158538,0,                       0,158542,158542,0,                       0,158538
25248,158539,0,                       0,158541,158541,0,                       0,158539
25249,158540,0,                       0,158540,158540,0,                       0,158540
25250,158539,0,                       0,158541,158541,0,                       0,158539
25251,158538,0,                       0,158542,158542,0,                       0,158538
25252,158539,0,                       0,158541,158541,0,                       0,158539
25253,158538,0,                       0,158542,158542,0,                       0,158538
25254,158537,0,                       0,158543,158543,0,                       0,158537
25255,158538,0,                       0,158542,158542,0,                       0,158538
25256,158539,0,                       0,158541,158541,0,                       0,158539
25257,158540,0,                       0,158540,158540,0,                       0,158540
25258,158539,0,                       0,158541,158541,0,                       0,158539
25259,158538,0,                       0,158542,158542,0,                       0,158538
25260,158539,0,                       0,158541,158541,0,                       0,158539
25261,158538,0,                       0,158542,158542,0,                       0,158538
25262,158537,0,                       0,158543,158543,0,                       0,158537
25263,158538,0,                       0,158542,158542,0,                       0,158538
25264,158539,0,                       0,158541,158541,0,                       0,158539
25265,158538,0,                       0,158542,158542,0,                       0,158538
25266,158539,0,                       0,158541,158541,0,                       0,158539
25267,158540,0,                       0,158540,158540,0,                       0,158540
25268,158541,0,                       0,158539,158539,0,                       0,158541
25269,158540,0,                       0,158540,158540,0,                       0,158540
25270,158539,0,                       0,158541,158541,0,                       0,158539
25271,158540,0,                       0,158540,158540,0,                       0,158540
25272,158541,0,                       0,158539,158539,0,                       0,158541
25273,158542,0,                       0,158538,158538,0,                       0,158542
25274,158543,0,                       0,158537,158537,0,                       0,158543
25275,158542,0,                       0,158538,158538,0,                       0,158542
25276,158541,0,                       0,158539,158539,0,                       0,158541
25277,158540,0,                       0,158540,158540,0,                       0,158540
25278,158541,0,                       0,158539,158539,0,                       0,158541
25279,158540,0,                       0,158540,158540,0,                       0,158540
25280,158541,0,                       0,158539,158539,0,                       0,158541
25281,158540,0,                       0,158540,158540,0,                       0,158540
25282,158541,0,                       0,158539,158539,0,                       0,158541
25283,158540,0,                       0,158540,158540,0,                       0,158540
25284,158541,0,                       0,158539,158539,0,                       0,158541
25285,158542,0,                       0,158538,158538,0,                       0,158542
25286,158543,0,                       0,158537,158537,0,                       0,158543
25287,158542,0,                       0,158538,158538,0,                       0,158542
25288,158541,0,                       0,158539,158539,0,                       0,158541
25289,158540,0,                       0,158540,158540,0,                       0,158540
25290,158539,0,                       0,158541,158541,0,                       0,158539
25291,158540,0,                       0,158540,158540,0,                       0,158540
25292,158539,0,                       0,158541,158541,0,                       0,158539
25293,158538,0,                       0,158542,158542,0,                       0,158538
25294,158539,0,                       0,158541,158541,0,                       0,158539
25295,158538,0,                       0,158542,158542,0,                       0,158538
25296,158539,0,                       0,158541,158541,0,                       0,158539
25297,158540,0,                       0,158540,158540,0,                       0,158540
25298,158539,0,                       0,158541,158541,0,                       0,158539
25299,158540,0,                       0,158540,158540,0,                       0,158540
25300,158541,0,                       0,158539,158539,0,                       0,158541
25301,158542,0,                       0,158538,158538,0,                       0,158542
25302,158541,0,                       0,158539,158539,0,                       0,158541
25303,158540,0,                       0,158540,158540,0,                       0,158540
25304,158539,0,                       0,158541,158541,0,                       0,158539
25305,158540,0,                       0,158540,158540,0,                       0,158540
25306,158539,0,                       0,158541,158541,0,                       0,158539
25307,158540,0,                       0,158540,158540,0,                       0,158540
25308,158541,0,                       0,158539,158539,0,                       0,158541
25309,158542,0,                       0,158538,158538,0,                       0,158542
25310,158541,0,                       0,158539,158539,0,                       0,158541
25311,158540,0,                       0,158540,158540,0,                       0,158540
25312,158539,0,                       0,158541,158541,0,                       0,158539
25313,158538,0,                       0,158542,158542,0,                       0,158538
25314,158537,0,                       0,158543,158543,0,                       0,158537
25315,158538,0,                       0,158542,158542,0,                       0,158538
25316,158539,0,                       0,158541,158541,0,                       0,158539
25317,158540,0,                       0,158540,158540,0,                       0,158540
25318,158541,0,                       0,158539,158539,0,                       0,158541
25319,158540,0,                       0,158540,158540,0,                       0,158540
25320,158539,0,                       0,158541,158541,0,                       0,158539
25321,158540,0,                       0,158540,158540,0,                       0,158540
25322,158541,0,                       0,158539,158539,0,                       0,158541
25323,158540,0,                       0,158540,158540,0,                       0,158540
25324,158541,0,                       0,158539,158539,0,                       0,158541
25325,158540,0,                       0,158540,158540,0,                       0,158540
25326,158539,0,                       0,158541,158541,0,                       0,158539
25327,158540,0,                       0,158540,158540,0,                       0,158540
25328,158539,0,                       0,158541,158541,0,                       0,158539
25329,158540,0,                       0,158540,158540,0,                       0,158540
25330,158541,0,                       0,158539,158539,0,                       0,158541
25331,158540,0,                       0,158540,158540,0,                       0,158540
25332,158539,0,                       0,158541,158541,0,                       0,158539
25333,158538,0,                       0,158542,158542,0,                       0,158538
25334,158537,0,                       0,158543,158543,0,                       0,158537
25335,158538,0,                       0,158542,158542,0,                       0,158538
25336,158539,0,                       0,158541,158541,0,                       0,158539
25337,158540,0,                       0,158540,158540,0,                       0,158540
25338,158541,0,                       0,158539,158539,0,                       0,158541
25339,158540,0,                       0,158540,158540,0,                       0,158540
25340,158539,0,                       0,158541,158541,0,                       0,158539
25341,158540,0,                       0,158540,158540,0,                       0,158540
25342,158541,0,                       0,158539,158539,0,                       0,158541
25343,158542,0,                       0,158538,158538,0,                       0,158542
25344,158541,0,                       0,158539,158539,0,                       0,158541
25345,158540,0,                       0,158540,158540,0,                       0,158540
25346,158539,0,                       0,158541,158541,0,                       0,158539
25347,158538,0,                       0,158542,158542,0,                       0,158538
25348,158539,0,                       0,158541,158541,0,                       0,158539
25349,158540,0,                       0,158540,158540,0,                       0,158540
25350,158541,0,                       0,158539,158539,0,                       0,158541
25351,158542,0,                       0,158538,158538,0,                       0,158542
25352,158543,0,                       0,158537,158537,0,                       0,158543
25353,158542,0,                       0,158538,158538,0,                       0,158542
25354,158543,0,                       0,158537,158537,0,                       0,158543
25355,158542,0,                       0,158538,158538,0,                       0,158542
25356,158541,0,                       0,158539,158539,0,                       0,158541
25357,158540,0,                       0,158540,158540,0,                       0,158540
25358,158541,0,                       0,158539,158539,0,                       0,158541
25359,158540,0,                       0,158540,158540,0,                       0,158540
25360,158539,0,                       0,158541,158541,0,                       0,158539
25361,158538,0,                       0,158542,158542,0,                       0,158538
25362,158539,0,                       0,158541,158541,0,                       0,158539
25363,158538,0,                       0,158542,158542,0,                       0,158538
25364,158539,0,                       0,158541,158541,0,                       0,158539
25365,158540,0,                       0,158540,158540,0,                       0,158540
25366,158539,0,                       0,158541,158541,0,                       0,158539
25367,158540,0,                       0,158540,158540,0,                       0,158540
25368,158539,0,                       0,158541,158541,0,                       0,158539
25369,158540,0,                       0,158540,158540,0,                       0,158540
25370,158539,0,                       0,158541,158541,0,                       0,158539
25371,158540,0,                       0,158540,158540,0,                       0,158540
25372,158541,0,                       0,158539,158539,0,                       0,158541
25373,158540,0,                       0,158540,158540,0,                       0,158540
25374,158541,0,                       0,158539,158539,0,                       0,158541
25375,158540,0,                       0,158540,158540,0,                       0,158540
25376,158539,0,                       0,158541,158541,0,                       0,158539
25377,158538,0,                       0,158542,158542,0,                       0,158538
25378,158539,0,                       0,158541,158541,0,                       0,158539
25379,158540,0,                       0,158540,158540,0,                       0,158540
25380,158541,0,                       0,158539,158539,0,                       0,158541
25381,158542,0,                       0,158538,158538,0,                       0,158542
25382,158541,0,                       0,158539,158539,0,                       0,158541
25383,158542,0,                       0,158538,158538,0,                       0,158542
25384,158541,0,                       0,158539,158539,0,                       0,158541
25385,158542,0,                       0,158538,158538,0,                       0,158542
25386,158541,0,                       0,158539,158539,0,                       0,158541
25387,158540,0,                       0,158540,158540,0,                       0,158540
25388,158539,0,                       0,158541,158541,0,                       0,158539
25389,158538,0,                       0,158542,158542,0,                       0,158538
25390,158539,0,                       0,158541,158541,0,                       0,158539
25391,158540,0,                       0,158540,158540,0,                       0,158540
25392,158539,0,                       0,158541,158541,0,                       0,158539
25393,158538,0,                       0,158542,158542,0,                       0,158538
25394,158539,0,                       0,158541,158541,0,                       0,158539
25395,158540,0,                       0,158540,158540,0,                       0,158540
25396,158541,0,                       0,158539,158539,0,                       0,158541
25397,158542,0,                       0,158538,158538,0,                       0,158542
25398,158541,0,                       0,158539,158539,0,                       0,158541
25399,158540,0,                       0,158540,158540,0,                       0,158540
25400,158539,0,                       0,158541,158541,0,                       0,158539
25401,158538,0,                       0,158542,158542,0,                       0,158538
25402,158539,0,                       0,158541,158541,0,                       0,158539
25403,158540,0,                       0,158540,158540,0,                       0,158540
25404,158539,0,                       0,158541,158541,0,                       0,158539
25405,158540,0,                       0,158540,158540,0,                       0,158540
25406,158541,0,                       0,158539,158539,0,                       0,158541
25407,158542,0,                       0,158538,158538,0,                       0,158542
25408,158541,0,                       0,158539,158539,0,                       0,158541
25409,158540,0,                       0,158540,158540,0,                       0,158540
25410,158541,0,                       0,158539,158539,0,                       0,158541
25411,158540,0,                       0,158540,158540,0,                       0,158540
25412,158541,0,                       0,158539,158539,0,                       0,158541
25413,158542,0,                       0,158538,158538,0,                       0,158542
25414,158541,0,                       0,158539,158539,0,                       0,158541
25415,158540,0,                       0,158540,158540,0,                       0,158540
25416,158541,0,                       0,158539,158539,0,                       0,158541
25417,158540,0,                       0,158540,158540,0,                       0,158540
25418,158539,0,                       0,158541,158541,0,                       0,158539
25419,158538,0,                       0,158542,158542,0,                       0,158538
25420,158539,0,                       0,158541,158541,0,                       0,158539
25421,158538,0,                       0,158542,158542,0,                       0,158538
25422,158539,0,                       0,158541,158541,0,                       0,158539
25423,158540,0,                       0,158540,158540,0,                       0,158540
25424,158541,0,                       0,158539,158539,0,                       0,158541
25425,158542,0,                       0,158538,158538,0,                       0,158542
25426,158541,0,                       0,158539,158539,0,                       0,158541
25427,158540,0,                       0,158540,158540,0,                       0,158540
25428,158539,0,                       0,158541,158541,0,                       0,158539
25429,158538,0,                       0,158542,158542,0,                       0,158538
25430,158537,0,                       0,158543,158543,0,                       0,158537
25431,158536,0,                       0,158544,158544,0,                       0,158536
25432,158537,0,                       0,158543,158543,0,                       0,158537
25433,158538,0,                       0,158542,158542,0,                       0,158538
25434,158539,0,                       0,158541,158541,0,                       0,158539
25435,158540,0,                       0,158540,158540,0,                       0,158540
25436,158541,0,                       0,158539,158539,0,                       0,158541
25437,158540,0,                       0,158540,158540,0,                       0,158540
25438,158539,0,                       0,158541,158541,0,                       0,158539
25439,158540,0,                       0,158540,158540,0,                       0,158540
25440,158541,0,                       0,158539,158539,0,                       0,158541
25441,158540,0,                       0,158540,158540,0,                       0,158540
25442,158541,0,                       0,158539,158539,0,                       0,158541
25443,158542,0,                       0,158538,158538,0,                       0,158542
25444,158541,0,                       0,158539,158539,0,                       0,158541
25445,158542,0,                       0,158538,158538,0,                       0,158542
25446,158541,0,                       0,158539,158539,0,                       0,158541
25447,158542,0,                       0,158538,158538,0,                       0,158542
25448,158541,0,                       0,158539,158539,0,                       0,158541
25449,158540,0,                       0,158540,158540,0,                       0,158540
25450,158539,0,                       0,158541,158541,0,                       0,158539
25451,158540,0,                       0,158540,158540,0,                       0,158540
25452,158541,0,                       0,158539,158539,0,                       0,158541
25453,158542,0,                       0,158538,158538,0,                       0,158542
25454,158541,0,                       0,158539,158539,0,                       0,158541
25455,158542,0,                       0,158538,158538,0,                       0,158542
25456,158541,0,                       0,158539,158539,0,                       0,158541
25457,158540,0,                       0,158540,158540,0,                       0,158540
25458,158541,0,                       0,158539,158539,0,                       0,158541
25459,158542,0,                       0,158538,158538,0,                       0,158542
25460,158543,0,                       0,158537,158537,0,                       0,158543
25461,158542,0,                       0,158538,158538,0,                       0,158542
25462,158541,0,                       0,158539,158539,0,                       0,158541
25463,158540,0,                       0,158540,158540,0,                       0,158540
25464,158541,0,                       0,158539,158539,0,                       0,158541
25465,158542,0,                       0,158538,158538,0,                       0,158542
25466,158541,0,                       0,158539,158539,0,                       0,158541
25467,158540,0,                       0,158540,158540,0,                       0,158540
25468,158539,0,                       0,158541,158541,0,                       0,158539
25469,158540,0,                       0,158540,158540,0,                       0,158540
25470,158541,0,                       0,158539,158539,0,                       0,158541
25471,158540,0,                       0,158540,158540,0,                       0,158540
25472,158539,0,                       0,158541,158541,0,                       0,158539
25473,158540,0,                       0,158540,158540,0,                       0,158540
25474,158541,0,                       0,158539,158539,0,                       0,158541
25475,158540,0,                       0,158540,158540,0,                       0,158540
25476,158539,0,                       0,158541,158541,0,                       0,158539
25477,158540,0,                       0,158540,158540,0,                       0,158540
25478,158539,0,                       0,158541,158541,0,                       0,158539
25479,158540,0,                       0,158540,158540,0,                       0,158540
25480,158539,0,                       0,158541,158541,0,                       0,158539
25481,158540,0,                       0,158540,158540,0,                       0,158540
25482,158539,0,                       0,158541,158541,0,                       0,158539
25483,158540,0,                       0,158540,158540,0,                       0,158540
25484,158539,0,                       0,158541,158541,0,                       0,158539
25485,158538,0,                       0,158542,158542,0,                       0,158538
25486,158537,0,                       0,158543,158543,0,                       0,158537
25487,158538,0,                       0,158542,158542,0,                       0,158538
25488,158539,0,                       0,158541,158541,0,                       0,158539
25489,158540,0,                       0,158540,158540,0,                       0,158540
25490,158539,0,                       0,158541,158541,0,                       0,158539
25491,158540,0,                       0,158540,158540,0,                       0,158540
25492,158541,0,                       0,158539,158539,0,                       0,158541
25493,158540,0,                       0,158540,158540,0,                       0,158540
25494,158539,0,                       0,158541,158541,0,                       0,158539
25495,158538,0,                       0,158542,158542,0,                       0,158538
25496,158539,0,                       0,158541,158541,0,                       0,158539
25497,158540,0,                       0,158540,158540,0,                       0,158540
25498,158541,0,                       0,158539,158539,0,                       0,158541
25499,158542,0,                       0,158538,158538,0,                       0,158542
25500,158541,0,                       0,158539,158539,0,                       0,158541
25501,158540,0,                       0,158540,158540,0,                       0,158540
25502,158539,0,                       0,158541,158541,0,                       0,158539
25503,158538,0,                       0,158542,158542,0,                       0,158538
25504,158539,0,                       0,158541,158541,0,                       0,158539
25505,158540,0,                       0,158540,158540,0,                       0,158540
25506,158541,0,                       0,158539,158539,0,                       0,158541
25507,158540,0,                       0,158540,158540,0,                       0,158540
25508,158541,0,                       0,158539,158539,0,                       0,158541
25509,158540,0,                       0,158540,158540,0,                       0,158540
25510,158541,0,                       0,158539,158539,0,                       0,158541
25511,158540,0,                       0,158540,158540,0,                       0,158540
25512,158541,0,                       0,158539,158539,0,                       0,158541
25513,158540,0,                       0,158540,158540,0,                       0,158540
25514,158541,0,                       0,158539,158539,0,                       0,158541
25515,158542,0,                       0,158538,158538,0,                       0,158542
25516,158543,0,                       0,158537,158537,0,                       0,158543
25517,158542,0,                       0,158538,158538,0,                       0,158542
25518,158541,0,                       0,158539,158539,0,                       0,158541
25519,158540,0,                       0,158540,158540,0,                       0,158540
25520,158541,0,                       0,158539,158539,0,                       0,158541
25521,158540,0,                       0,158540,158540,0,                       0,158540
25522,158541,0,                       0,158539,158539,0,                       0,158541
25523,158540,0,                       0,158540,158540,0,                       0,158540
25524,158541,0,                       0,158539,158539,0,                       0,158541
25525,158540,0,                       0,158540,158540,0,                       0,158540
25526,158541,0,                       0,158539,158539,0,                       0,158541
25527,158540,0,                       0,158540,158540,0,                       0,158540
25528,158539,0,                       0,158541,158541,0,                       0,158539
25529,158538,0,                       0,158542,158542,0,                       0,158538
25530,158539,0,                       0,158541,158541,0,                       0,158539
25531,158540,0,                       0,158540,158540,0,                       0,158540
25532,158539,0,                       0,158541,158541,0,                       0,158539
25533,158540,0,                       0,158540,158540,0,                       0,158540
25534,158539,0,                       0,158541,158541,0,                       0,158539
25535,158538,0,                       0,158542,158542,0,                       0,158538
25536,158539,0,                       0,158541,158541,0,                       0,158539
25537,158538,0,                       0,158542,158542,0,                       0,158538
25538,158537,0,                       0,158543,158543,0,                       0,158537
25539,158538,0,                       0,158542,158542,0,                       0,158538
25540,158539,0,                       0,158541,158541,0,                       0,158539
25541,158538,0,                       0,158542,158542,0,                       0,158538
25542,158539,0,                       0,158541,158541,0,                       0,158539
25543,158540,0,                       0,158540,158540,0,                       0,158540
25544,158539,0,                       0,158541,158541,0,                       0,158539
25545,158538,0,                       0,158542,158542,0,                       0,158538
25546,158539,0,                       0,158541,158541,0,                       0,158539
25547,158538,0,                       0,158542,158542,0,                       0,158538
25548,158537,0,                       0,158543,158543,0,                       0,158537
25549,158538,0,                       0,158542,158542,0,                       0,158538
25550,158539,0,                       0,158541,158541,0,                       0,158539
25551,158538,0,                       0,158542,158542,0,                       0,158538
25552,158537,0,                       0,158543,158543,0,                       0,158537
25553,158536,0,                       0,158544,158544,0,                       0,158536
25554,158537,0,                       0,158543,158543,0,                       0,158537
25555,158538,0,                       0,158542,158542,0,                       0,158538
25556,158539,0,                       0,158541,158541,0,                       0,158539
25557,158540,0,                       0,158540,158540,0,                       0,158540
25558,158539,0,                       0,158541,158541,0,                       0,158539
25559,158540,0,                       0,158540,158540,0,                       0,158540
25560,158541,0,                       0,158539,158539,0,                       0,158541
25561,158540,0,                       0,158540,158540,0,                       0,158540
25562,158539,0,                       0,158541,158541,0,                       0,158539
25563,158540,0,                       0,158540,158540,0,                       0,158540
25564,158541,0,                       0,158539,158539,0,                       0,158541
25565,158540,0,                       0,158540,158540,0,                       0,158540
25566,158541,0,                       0,158539,158539,0,                       0,158541
25567,158540,0,                       0,158540,158540,0,                       0,158540
25568,158541,0,                       0,158539,158539,0,                       0,158541
25569,158542,0,                       0,158538,158538,0,                       0,158542
25570,158541,0,                       0,158539,158539,0,                       0,158541
25571,158540,0,                       0,158540,158540,0,                       0,158540
25572,158539,0,                       0,158541,158541,0,                       0,158539
25573,158540,0,                       0,158540,158540,0,                       0,158540
25574,158541,0,                       0,158539,158539,0,                       0,158541
25575,158542,0,                       0,158538,158538,0,                       0,158542
25576,158541,0,                       0,158539,158539,0,                       0,158541
25577,158540,0,                       0,158540,158540,0,                       0,158540
25578,158541,0,                       0,158539,158539,0,                       0,158541
25579,158542,0,                       0,158538,158538,0,                       0,158542
25580,158541,0,                       0,158539,158539,0,                       0,158541
25581,158540,0,                       0,158540,158540,0,                       0,158540
25582,158539,0,                       0,158541,158541,0,                       0,158539
25583,158540,0,                       0,158540,158540,0,                       0,158540
25584,158539,0,                       0,158541,158541,0,                       0,158539
25585,158538,0,                       0,158542,158542,0,                       0,158538
25586,158539,0,                       0,158541,158541,0,                       0,158539
25587,158540,0,                       0,158540,158540,0,                       0,158540
25588,158541,0,                       0,158539,158539,0,                       0,158541
25589,158540,0,                       0,158540,158540,0,                       0,158540
25590,158541,0,                       0,158539,158539,0,                       0,158541
25591,158540,0,                       0,158540,158540,0,                       0,158540
25592,158541,0,                       0,158539,158539,0,                       0,158541
25593,158542,0,                       0,158538,158538,0,                       0,158542
25594,158541,0,                       0,158539,158539,0,                       0,158541
25595,158542,0,                       0,158538,158538,0,                       0,158542
25596,158541,0,                       0,158539,158539,0,                       0,158541
25597,158542,0,                       0,158538,158538,0,                       0,158542
25598,158541,0,                       0,158539,158539,0,                       0,158541
25599,158540,0,                       0,158540,158540,0,                       0,158540
25600,158539,0,                       0,158541,158541,0,                       0,158539
25601,158540,0,                       0,158540,158540,0,                       0,158540
25602,158541,0,                       0,158539,158539,0,                       0,158541
25603,158542,0,                       0,158538,158538,0,                       0,158542
25604,158541,0,                       0,158539,158539,0,                       0,158541
25605,158540,0,                       0,158540,158540,0,                       0,158540
25606,158539,0,                       0,158541,158541,0,                       0,158539
25607,158540,0,                       0,158540,158540,0,                       0,158540
25608,158541,0,                       0,158539,158539,0,                       0,158541
25609,158540,0,                       0,158540,158540,0,                       0,158540
25610,158541,0,                       0,158539,158539,0,                       0,158541
25611,158540,0,                       0,158540,158540,0,                       0,158540
25612,158541,0,                       0,158539,158539,0,                       0,158541
25613,158540,0,                       0,158540,158540,0,                       0,158540
25614,158539,0,                       0,158541,158541,0,                       0,158539
25615,158540,0,                       0,158540,158540,0,                       0,158540
25616,158541,0,                       0,158539,158539,0,                       0,158541
25617,158540,0,                       0,158540,158540,0,                       0,158540
25618,158539,0,                       0,158541,158541,0,                       0,158539
25619,158540,0,                       0,158540,158540,0,                       0,158540
25620,158539,0,                       0,158541,158541,0,                       0,158539
25621,158540,0,                       0,158540,158540,0,                       0,158540
25622,158541,0,                       0,158539,158539,0,                       0,158541
25623,158540,0,                       0,158540,158540,0,                       0,158540
25624,158539,0,                       0,158541,158541,0,                       0,158539
25625,158540,0,                       0,158540,158540,0,                       0,158540
25626,158539,0,                       0,158541,158541,0,                       0,158539
25627,158540,0,                       0,158540,158540,0,                       0,158540
25628,158539,0,                       0,158541,158541,0,                       0,158539
25629,158538,0,                       0,158542,158542,0,                       0,158538
25630,158539,0,                       0,158541,158541,0,                       0,158539
25631,158538,0,                       0,158542,158542,0,                       0,158538
25632,158537,0,                       0,158543,158543,0,                       0,158537
25633,158538,0,                       0,158542,158542,0,                       0,158538
25634,158539,0,                       0,158541,158541,0,                       0,158539
25635,158540,0,                       0,158540,158540,0,                       0,158540
25636,158541,0,                       0,158539,158539,0,                       0,158541
25637,158540,0,                       0,158540,158540,0,                       0,158540
25638,158539,0,                       0,158541,158541,0,                       0,158539
25639,158538,0,                       0,158542,158542,0,                       0,158538
25640,158539,0,                       0,158541,158541,0,                       0,158539
25641,158540,0,                       0,158540,158540,0,                       0,158540
25642,158541,0,                       0,158539,158539,0,                       0,158541
25643,158542,0,                       0,158538,158538,0,                       0,158542
25644,158543,0,                       0,158537,158537,0,                       0,158543
25645,158542,0,                       0,158538,158538,0,                       0,158542
25646,158541,0,                       0,158539,158539,0,                       0,158541
25647,158540,0,                       0,158540,158540,0,                       0,158540
25648,158539,0,                       0,158541,158541,0,                       0,158539
25649,158538,0,                       0,158542,158542,0,                       0,158538
25650,158539,0,                       0,158541,158541,0,                       0,158539
25651,158538,0,                       0,158542,158542,0,                       0,158538
25652,158539,0,                       0,158541,158541,0,                       0,158539
25653,158540,0,                       0,158540,158540,0,                       0,158540
25654,158539,0,                       0,158541,158541,0,                       0,158539
25655,158540,0,                       0,158540,158540,0,                       0,158540
25656,158541,0,                       0,158539,158539,0,                       0,158541
25657,158540,0,                       0,158540,158540,0,                       0,158540
25658,158541,0,                       0,158539,158539,0,                       0,158541
25659,158540,0,                       0,158540,158540,0,                       0,158540
25660,158539,0,                       0,158541,158541,0,                       0,158539
25661,158538,0,                       0,158542,158542,0,                       0,158538
25662,158539,0,                       0,158541,158541,0,                       0,158539
25663,158540,0,                       0,158540,158540,0,                       0,158540
25664,158541,0,                       0,158539,158539,0,                       0,158541
25665,158540,0,                       0,158540,158540,0,                       0,158540
25666,158539,0,                       0,158541,158541,0,                       0,158539
25667,158540,0,                       0,158540,158540,0,                       0,158540
25668,158541,0,                       0,158539,158539,0,                       0,158541
25669,158540,0,                       0,158540,158540,0,                       0,158540
25670,158541,0,                       0,158539,158539,0,                       0,158541
25671,158542,0,                       0,158538,158538,0,                       0,158542
25672,158541,0,                       0,158539,158539,0,                       0,158541
25673,158540,0,                       0,158540,158540,0,                       0,158540
25674,158541,0,                       0,158539,158539,0,                       0,158541
25675,158542,0,                       0,158538,158538,0,                       0,158542
25676,158541,0,                       0,158539,158539,0,                       0,158541
25677,158540,0,                       0,158540,158540,0,                       0,158540
25678,158539,0,                       0,158541,158541,0,                       0,158539
25679,158540,0,                       0,158540,158540,0,                       0,158540
25680,158541,0,                       0,158539,158539,0,                       0,158541
25681,158540,0,                       0,158540,158540,0,                       0,158540
25682,158539,0,                       0,158541,158541,0,                       0,158539
25683,158540,0,                       0,158540,158540,0,                       0,158540
25684,158541,0,                       0,158539,158539,0,                       0,158541
25685,158540,0,                       0,158540,158540,0,                       0,158540
25686,158541,0,                       0,158539,158539,0,                       0,158541
25687,158540,0,                       0,158540,158540,0,                       0,158540
25688,158539,0,                       0,158541,158541,0,                       0,158539
25689,158538,0,                       0,158542,158542,0,                       0,158538
25690,158537,0,                       0,158543,158543,0,                       0,158537
25691,158538,0,                       0,158542,158542,0,                       0,158538
25692,158539,0,                       0,158541,158541,0,                       0,158539
25693,158540,0,                       0,158540,158540,0,                       0,158540
25694,158539,0,                       0,158541,158541,0,                       0,158539
25695,158540,0,                       0,158540,158540,0,                       0,158540
25696,158541,0,                       0,158539,158539,0,                       0,158541
25697,158540,0,                       0,158540,158540,0,                       0,158540
25698,158539,0,                       0,158541,158541,0,                       0,158539
25699,158538,0,                       0,158542,158542,0,                       0,158538
25700,158539,0,                       0,158541,158541,0,                       0,158539
25701,158540,0,                       0,158540,158540,0,                       0,158540
25702,158541,0,                       0,158539,158539,0,                       0,158541
25703,158542,0,                       0,158538,158538,0,                       0,158542
25704,158543,0,                       0,158537,158537,0,                       0,158543
25705,158542,0,                       0,158538,158538,0,                       0,158542
25706,158541,0,                       0,158539,158539,0,                       0,158541
25707,158542,0,                       0,158538,158538,0,                       0,158542
25708,158543,0,                       0,158537,158537,0,                       0,158543
25709,158542,0,                       0,158538,158538,0,                       0,158542
25710,158541,0,                       0,158539,158539,0,                       0,158541
25711,158542,0,                       0,158538,158538,0,                       0,158542
25712,158541,0,                       0,158539,158539,0,                       0,158541
25713,158540,0,                       0,158540,158540,0,                       0,158540
25714,158541,0,                       0,158539,158539,0,                       0,158541
25715,158542,0,                       0,158538,158538,0,                       0,158542
25716,158543,0,                       0,158537,158537,0,                       0,158543
25717,158542,0,                       0,158538,158538,0,                       0,158542
25718,158541,0,                       0,158539,158539,0,                       0,158541
25719,158540,0,                       0,158540,158540,0,                       0,158540
25720,158541,0,                       0,158539,158539,0,                       0,158541
25721,158540,0,                       0,158540,158540,0,                       0,158540
25722,158539,0,                       0,158541,158541,0,                       0,158539
25723,158538,0,                       0,158542,158542,0,                       0,158538
25724,158539,0,                       0,158541,158541,0,                       0,158539
25725,158540,0,                       0,158540,158540,0,                       0,158540
25726,158541,0,                       0,158539,158539,0,                       0,158541
25727,158540,0,                       0,158540,158540,0,                       0,158540
25728,158541,0,                       0,158539,158539,0,                       0,158541
25729,158540,0,                       0,158540,158540,0,                       0,158540
25730,158541,0,                       0,158539,158539,0,                       0,158541
25731,158540,0,                       0,158540,158540,0,                       0,158540
25732,158539,0,                       0,158541,158541,0,                       0,158539
25733,158540,0,                       0,158540,158540,0,                       0,158540
25734,158541,0,                       0,158539,158539,0,                       0,158541
25735,158540,0,                       0,158540,158540,0,                       0,158540
25736,158539,0,                       0,158541,158541,0,                       0,158539
25737,158540,0,                       0,158540,158540,0,                       0,158540
25738,158539,0,                       0,158541,158541,0,                       0,158539
25739,158540,0,                       0,158540,158540,0,                       0,158540
25740,158541,0,                       0,158539,158539,0,                       0,158541
25741,158540,0,                       0,158540,158540,0,                       0,158540
25742,158541,0,                       0,158539,158539,0,                       0,158541
25743,158540,0,                       0,158540,158540,0,                       0,158540
25744,158541,0,                       0,158539,158539,0,                       0,158541
25745,158542,0,                       0,158538,158538,0,                       0,158542
25746,158541,0,                       0,158539,158539,0,                       0,158541
25747,158540,0,                       0,158540,158540,0,                       0,158540
25748,158539,0,                       0,158541,158541,0,                       0,158539
25749,158540,0,                       0,158540,158540,0,                       0,158540
25750,158539,0,                       0,158541,158541,0,                       0,158539
25751,158540,0,                       0,158540,158540,0,                       0,158540
25752,158541,0,                       0,158539,158539,0,                       0,158541
25753,158540,0,                       0,158540,158540,0,                       0,158540
25754,158541,0,                       0,158539,158539,0,                       0,158541
25755,158540,0,                       0,158540,158540,0,                       0,158540
25756,158539,0,                       0,158541,158541,0,                       0,158539
25757,158540,0,                       0,158540,158540,0,                       0,158540
25758,158539,0,                       0,158541,158541,0,                       0,158539
25759,158540,0,                       0,158540,158540,0,                       0,158540
25760,158539,0,                       0,158541,158541,0,                       0,158539
25761,158540,0,                       0,158540,158540,0,                       0,158540
25762,158539,0,                       0,158541,158541,0,                       0,158539
25763,158540,0,                       0,158540,158540,0,                       0,158540
25764,158539,0,                       0,158541,158541,0,                       0,158539
25765,158540,0,                       0,158540,158540,0,                       0,158540
25766,158539,0,                       0,158541,158541,0,                       0,158539
25767,158540,0,                       0,158540,158540,0,                       0,158540
25768,158541,0,                       0,158539,158539,0,                       0,158541
25769,158540,0,                       0,158540,158540,0,                       0,158540
25770,158541,0,                       0,158539,158539,0,                       0,158541
25771,158542,0,                       0,158538,158538,0,                       0,158542
25772,158543,0,                       0,158537,158537,0,                       0,158543
25773,158542,0,                       0,158538,158538,0,                       0,158542
25774,158541,0,                       0,158539,158539,0,                       0,158541
25775,158540,0,                       0,158540,158540,0,                       0,158540
25776,158541,0,                       0,158539,158539,0,                       0,158541
25777,158542,0,                       0,158538,158538,0,                       0,158542
25778,158541,0,                       0,158539,158539,0,                       0,158541
25779,158542,0,                       0,158538,158538,0,                       0,158542
25780,158541,0,                       0,158539,158539,0,                       0,158541
25781,158540,0,                       0,158540,158540,0,                       0,158540
25782,158539,0,                       0,158541,158541,0,                       0,158539
25783,158538,0,                       0,158542,158542,0,                       0,158538
25784,158539,0,                       0,158541,158541,0,                       0,158539
25785,158540,0,                       0,158540,158540,0,                       0,158540
25786,158541,0,                       0,158539,158539,0,                       0,158541
25787,158542,0,                       0,158538,158538,0,                       0,158542
25788,158541,0,                       0,158539,158539,0,                       0,158541
25789,158542,0,                       0,158538,158538,0,                       0,158542
25790,158541,0,                       0,158539,158539,0,                       0,158541
25791,158540,0,                       0,158540,158540,0,                       0,158540
25792,158541,0,                       0,158539,158539,0,                       0,158541
25793,158540,0,                       0,158540,158540,0,                       0,158540
25794,158539,0,                       0,158541,158541,0,                       0,158539
25795,158540,0,                       0,158540,158540,0,                       0,158540
25796,158541,0,                       0,158539,158539,0,                       0,158541
25797,158540,0,                       0,158540,158540,0,                       0,158540
25798,158541,0,                       0,158539,158539,0,                       0,158541
25799,158542,0,                       0,158538,158538,0,                       0,158542
25800,158541,0,                       0,158539,158539,0,                       0,158541
25801,158542,0,                       0,158538,158538,0,                       0,158542
25802,158541,0,                       0,158539,158539,0,                       0,158541
25803,158542,0,                       0,158538,158538,0,                       0,158542
25804,158541,0,                       0,158539,158539,0,                       0,158541
25805,158542,0,                       0,158538,158538,0,                       0,158542
25806,158541,0,                       0,158539,158539,0,                       0,158541
25807,158542,0,                       0,158538,158538,0,                       0,158542
25808,158541,0,                       0,158539,158539,0,                       0,158541
25809,158542,0,                       0,158538,158538,0,                       0,158542
25810,158541,0,                       0,158539,158539,0,                       0,158541
25811,158540,0,                       0,158540,158540,0,                       0,158540
25812,158541,0,                       0,158539,158539,0,                       0,158541
25813,158540,0,                       0,158540,158540,0,                       0,158540
25814,158541,0,                       0,158539,158539,0,                       0,158541
25815,158540,0,                       0,158540,158540,0,                       0,158540
25816,158541,0,                       0,158539,158539,0,                       0,158541
25817,158542,0,                       0,158538,158538,0,                       0,158542
25818,158541,0,                       0,158539,158539,0,                       0,158541
25819,158540,0,                       0,158540,158540,0,                       0,158540
25820,158541,0,                       0,158539,158539,0,                       0,158541
25821,158542,0,                       0,158538,158538,0,                       0,158542
25822,158541,0,                       0,158539,158539,0,                       0,158541
25823,158540,0,                       0,158540,158540,0,                       0,158540
25824,158539,0,                       0,158541,158541,0,                       0,158539
25825,158540,0,                       0,158540,158540,0,                       0,158540
25826,158539,0,                       0,158541,158541,0,                       0,158539
25827,158540,0,                       0,158540,158540,0,                       0,158540
25828,158541,0,                       0,158539,158539,0,                       0,158541
25829,158540,0,                       0,158540,158540,0,                       0,158540
25830,158541,0,                       0,158539,158539,0,                       0,158541
25831,158540,0,                       0,158540,158540,0,                       0,158540
25832,158539,0,                       0,158541,158541,0,                       0,158539
25833,158540,0,                       0,158540,158540,0,                       0,158540
25834,158539,0,                       0,158541,158541,0,                       0,158539
25835,158540,0,                       0,158540,158540,0,                       0,158540
25836,158541,0,                       0,158539,158539,0,                       0,158541
25837,158542,0,                       0,158538,158538,0,                       0,158542
25838,158543,0,                       0,158537,158537,0,                       0,158543
25839,158542,0,                       0,158538,158538,0,                       0,158542
25840,158543,0,                       0,158537,158537,0,                       0,158543
25841,158542,0,                       0,158538,158538,0,                       0,158542
25842,158541,0,                       0,158539,158539,0,                       0,158541
25843,158540,0,                       0,158540,158540,0,                       0,158540
25844,158541,0,                       0,158539,158539,0,                       0,158541
25845,158542,0,                       0,158538,158538,0,                       0,158542
25846,158541,0,                       0,158539,158539,0,                       0,158541
25847,158542,0,                       0,158538,158538,0,                       0,158542
25848,158541,0,                       0,158539,158539,0,                       0,158541
25849,158540,0,                       0,158540,158540,0,                       0,158540
25850,158539,0,                       0,158541,158541,0,                       0,158539
25851,158538,0,                       0,158542,158542,0,                       0,158538
25852,158539,0,                       0,158541,158541,0,                       0,158539
25853,158540,0,                       0,158540,158540,0,                       0,158540
25854,158541,0,                       0,158539,158539,0,                       0,158541
25855,158542,0,                       0,158538,158538,0,                       0,158542
25856,158541,0,                       0,158539,158539,0,                       0,158541
25857,158542,0,                       0,158538,158538,0,                       0,158542
25858,158541,0,                       0,158539,158539,0,                       0,158541
25859,158540,0,                       0,158540,158540,0,                       0,158540
25860,158539,0,                       0,158541,158541,0,                       0,158539
25861,158540,0,                       0,158540,158540,0,                       0,158540
25862,158539,0,                       0,158541,158541,0,                       0,158539
25863,158540,0,                       0,158540,158540,0,                       0,158540
25864,158539,0,                       0,158541,158541,0,                       0,158539
25865,158540,0,                       0,158540,158540,0,                       0,158540
25866,158541,0,                       0,158539,158539,0,                       0,158541
25867,158542,0,                       0,158538,158538,0,                       0,158542
25868,158541,0,                       0,158539,158539,0,                       0,158541
25869,158540,0,                       0,158540,158540,0,                       0,158540
25870,158541,0,                       0,158539,158539,0,                       0,158541
25871,158540,0,                       0,158540,158540,0,                       0,158540
25872,158539,0,                       0,158541,158541,0,                       0,158539
25873,158540,0,                       0,158540,158540,0,                       0,158540
25874,158541,0,                       0,158539,158539,0,                       0,158541
25875,158540,0,                       0,158540,158540,0,                       0,158540
25876,158539,0,                       0,158541,158541,0,                       0,158539
25877,158538,0,                       0,158542,158542,0,                       0,158538
25878,158539,0,                       0,158541,158541,0,                       0,158539
25879,158540,0,                       0,158540,158540,0,                       0,158540
25880,158539,0,                       0,158541,158541,0,                       0,158539
25881,158538,0,                       0,158542,158542,0,                       0,158538
25882,158539,0,                       0,158541,158541,0,                       0,158539
25883,158540,0,                       0,158540,158540,0,                       0,158540
25884,158539,0,                       0,158541,158541,0,                       0,158539
25885,158540,0,                       0,158540,158540,0,                       0,158540
25886,158539,0,                       0,158541,158541,0,                       0,158539
25887,158540,0,                       0,158540,158540,0,                       0,158540
25888,158541,0,                       0,158539,158539,0,                       0,158541
25889,158540,0,                       0,158540,158540,0,                       0,158540
25890,158539,0,                       0,158541,158541,0,                       0,158539
25891,158540,0,                       0,158540,158540,0,                       0,158540
25892,158541,0,                       0,158539,158539,0,                       0,158541
25893,158542,0,                       0,158538,158538,0,                       0,158542
25894,158541,0,                       0,158539,158539,0,                       0,158541
25895,158540,0,                       0,158540,158540,0,                       0,158540
25896,158541,0,                       0,158539,158539,0,                       0,158541
25897,158542,0,                       0,158538,158538,0,                       0,158542
25898,158541,0,                       0,158539,158539,0,                       0,158541
25899,158540,0,                       0,158540,158540,0,                       0,158540
25900,158541,0,                       0,158539,158539,0,                       0,158541
25901,158542,0,                       0,158538,158538,0,                       0,158542
25902,158541,0,                       0,158539,158539,0,                       0,158541
25903,158540,0,                       0,158540,158540,0,                       0,158540
25904,158539,0,                       0,158541,158541,0,                       0,158539
25905,158538,0,                       0,158542,158542,0,                       0,158538
25906,158539,0,                       0,158541,158541,0,                       0,158539
25907,158538,0,                       0,158542,158542,0,                       0,158538
25908,158539,0,                       0,158541,158541,0,                       0,158539
25909,158540,0,                       0,158540,158540,0,                       0,158540
25910,158541,0,                       0,158539,158539,0,                       0,158541
25911,158542,0,                       0,158538,158538,0,                       0,158542
25912,158541,0,                       0,158539,158539,0,                       0,158541
25913,158540,0,                       0,158540,158540,0,                       0,158540
25914,158539,0,                       0,158541,158541,0,                       0,158539
25915,158538,0,                       0,158542,158542,0,                       0,158538
25916,158537,0,                       0,158543,158543,0,                       0,158537
25917,158538,0,                       0,158542,158542,0,                       0,158538
25918,158539,0,                       0,158541,158541,0,                       0,158539
25919,158538,0,                       0,158542,158542,0,                       0,158538
25920,158539,0,                       0,158541,158541,0,                       0,158539
25921,158538,0,                       0,158542,158542,0,                       0,158538
25922,158539,0,                       0,158541,158541,0,                       0,158539
25923,158540,0,                       0,158540,158540,0,                       0,158540
25924,158539,0,                       0,158541,158541,0,                       0,158539
25925,158538,0,                       0,158542,158542,0,                       0,158538
25926,158539,0,                       0,158541,158541,0,                       0,158539
25927,158540,0,                       0,158540,158540,0,                       0,158540
25928,158539,0,                       0,158541,158541,0,                       0,158539
25929,158538,0,                       0,158542,158542,0,                       0,158538
25930,158537,0,                       0,158543,158543,0,                       0,158537
25931,158538,0,                       0,158542,158542,0,                       0,158538
25932,158539,0,                       0,158541,158541,0,                       0,158539
25933,158538,0,                       0,158542,158542,0,                       0,158538
25934,158539,0,                       0,158541,158541,0,                       0,158539
25935,158540,0,                       0,158540,158540,0,                       0,158540
25936,158539,0,                       0,158541,158541,0,                       0,158539
25937,158540,0,                       0,158540,158540,0,                       0,158540
25938,158539,0,                       0,158541,158541,0,                       0,158539
25939,158540,0,                       0,158540,158540,0,                       0,158540
25940,158539,0,                       0,158541,158541,0,                       0,158539
25941,158540,0,                       0,158540,158540,0,                       0,158540
25942,158541,0,                       0,158539,158539,0,                       0,158541
25943,158542,0,                       0,158538,158538,0,                       0,158542
25944,158541,0,                       0,158539,158539,0,                       0,158541
25945,158540,0,                       0,158540,158540,0,                       0,158540
25946,158539,0,                       0,158541,158541,0,                       0,158539
25947,158540,0,                       0,158540,158540,0,                       0,158540
25948,158539,0,                       0,158541,158541,0,                       0,158539
25949,158540,0,                       0,158540,158540,0,                       0,158540
25950,158541,0,                       0,158539,158539,0,                       0,158541
25951,158542,0,                       0,158538,158538,0,                       0,158542
25952,158541,0,                       0,158539,158539,0,                       0,158541
25953,158540,0,                       0,158540,158540,0,                       0,158540
25954,158539,0,                       0,158541,158541,0,                       0,158539
25955,158538,0,                       0,158542,158542,0,                       0,158538
25956,158539,0,                       0,158541,158541,0,                       0,158539
25957,158540,0,                       0,158540,158540,0,                       0,158540
25958,158541,0,                       0,158539,158539,0,                       0,158541
25959,158540,0,                       0,158540,158540,0,                       0,158540
25960,158539,0,                       0,158541,158541,0,                       0,158539
25961,158540,0,                       0,158540,158540,0,                       0,158540
25962,158539,0,                       0,158541,158541,0,                       0,158539
25963,158540,0,                       0,158540,158540,0,                       0,158540
25964,158539,0,                       0,158541,158541,0,                       0,158539
25965,158540,0,                       0,158540,158540,0,                       0,158540
25966,158541,0,                       0,158539,158539,0,                       0,158541
25967,158542,0,                       0,158538,158538,0,                       0,158542
25968,158541,0,                       0,158539,158539,0,                       0,158541
25969,158540,0,                       0,158540,158540,0,                       0,158540
25970,158541,0,                       0,158539,158539,0,                       0,158541
25971,158542,0,                       0,158538,158538,0,                       0,158542
25972,158543,0,                       0,158537,158537,0,                       0,158543
25973,158542,0,                       0,158538,158538,0,                       0,158542
25974,158541,0,                       0,158539,158539,0,                       0,158541
25975,158540,0,                       0,158540,158540,0,                       0,158540
25976,158539,0,                       0,158541,158541,0,                       0,158539
25977,158538,0,                       0,158542,158542,0,                       0,158538
25978,158537,0,                       0,158543,158543,0,                       0,158537
25979,158538,0,                       0,158542,158542,0,                       0,158538
25980,158539,0,                       0,158541,158541,0,                       0,158539
25981,158540,0,                       0,158540,158540,0,                       0,158540
25982,158539,0,                       0,158541,158541,0,                       0,158539
25983,158540,0,                       0,158540,158540,0,                       0,158540
25984,158541,0,                       0,158539,158539,0,                       0,158541
25985,158540,0,                       0,158540,158540,0,                       0,158540
25986,158539,0,                       0,158541,158541,0,                       0,158539
25987,158540,0,                       0,158540,158540,0,                       0,158540
25988,158541,0,                       0,158539,158539,0,                       0,158541
25989,158540,0,                       0,158540,158540,0,                       0,158540
25990,158541,0,                       0,158539,158539,0,                       0,158541
25991,158542,0,                       0,158538,158538,0,                       0,158542
25992,158541,0,                       0,158539,158539,0,                       0,158541
25993,158540,0,                       0,158540,158540,0,                       0,158540
25994,158539,0,                       0,158541,158541,0,                       0,158539
25995,158540,0,                       0,158540,158540,0,                       0,158540
25996,158539,0,                       0,158541,158541,0,                       0,158539
25997,158540,0,                       0,158540,158540,0,                       0,158540
25998,158539,0,                       0,158541,158541,0,                       0,158539
25999,158540,0,                       0,158540,158540,0,                       0,158540
26000,158541,0,                       0,158539,158539,0,                       0,158541
26001,158542,0,                       0,158538,158538,0,                       0,158542
26002,158543,0,                       0,158537,158537,0,                       0,158543
26003,158542,0,                       0,158538,158538,0,                       0,158542
26004,158541,0,                       0,158539,158539,0,                       0,158541
26005,158540,0,                       0,158540,158540,0,                       0,158540
26006,158539,0,                       0,158541,158541,0,                       0,158539
26007,158538,0,                       0,158542,158542,0,                       0,158538
26008,158539,0,                       0,158541,158541,0,                       0,158539
26009,158540,0,                       0,158540,158540,0,                       0,158540
26010,158539,0,                       0,158541,158541,0,                       0,158539
26011,158538,0,                       0,158542,158542,0,                       0,158538
26012,158539,0,                       0,158541,158541,0,                       0,158539
26013,158540,0,                       0,158540,158540,0,                       0,158540
26014,158541,0,                       0,158539,158539,0,                       0,158541
26015,158540,0,                       0,158540,158540,0,                       0,158540
26016,158541,0,                       0,158539,158539,0,                       0,158541
26017,158542,0,                       0,158538,158538,0,                       0,158542
26018,158541,0,                       0,158539,158539,0,                       0,158541
26019,158540,0,                       0,158540,158540,0,                       0,158540
26020,158541,0,                       0,158539,158539,0,                       0,158541
26021,158540,0,                       0,158540,158540,0,                       0,158540
26022,158541,0,                       0,158539,158539,0,                       0,158541
26023,158540,0,                       0,158540,158540,0,                       0,158540
26024,158539,0,                       0,158541,158541,0,                       0,158539
26025,158538,0,                       0,158542,158542,0,                       0,158538
26026,158539,0,                       0,158541,158541,0,                       0,158539
26027,158540,0,                       0,158540,158540,0,                       0,158540
26028,158541,0,                       0,158539,158539,0,                       0,158541
26029,158542,0,                       0,158538,158538,0,                       0,158542
26030,158543,0,                       0,158537,158537,0,                       0,158543
26031,158542,0,                       0,158538,158538,0,                       0,158542
26032,158541,0,                       0,158539,158539,0,                       0,158541
26033,158540,0,                       0,158540,158540,0,                       0,158540
26034,158539,0,                       0,158541,158541,0,                       0,158539
26035,158540,0,                       0,158540,158540,0,                       0,158540
26036,158541,0,                       0,158539,158539,0,                       0,158541
26037,158542,0,                       0,158538,158538,0,                       0,158542
26038,158541,0,                       0,158539,158539,0,                       0,158541
26039,158540,0,                       0,158540,158540,0,                       0,158540
26040,158541,0,                       0,158539,158539,0,                       0,158541
26041,158542,0,                       0,158538,158538,0,                       0,158542
26042,158543,0,                       0,158537,158537,0,                       0,158543
26043,158542,0,                       0,158538,158538,0,                       0,158542
26044,158541,0,                       0,158539,158539,0,                       0,158541
26045,158542,0,                       0,158538,158538,0,                       0,158542
26046,158541,0,                       0,158539,158539,0,                       0,158541
26047,158542,0,                       0,158538,158538,0,                       0,158542
26048,158541,0,                       0,158539,158539,0,                       0,158541
26049,158542,0,                       0,158538,158538,0,                       0,158542
26050,158541,0,                       0,158539,158539,0,                       0,158541
26051,158540,0,                       0,158540,158540,0,                       0,158540
26052,158541,0,                       0,158539,158539,0,                       0,158541
26053,158542,0,                       0,158538,158538,0,                       0,158542
26054,158543,0,                       0,158537,158537,0,                       0,158543
26055,158542,0,                       0,158538,158538,0,                       0,158542
26056,158541,0,                       0,158539,158539,0,                       0,158541
26057,158540,0,                       0,158540,158540,0,                       0,158540
26058,158539,0,                       0,158541,158541,0,                       0,158539
26059,158540,0,                       0,158540,158540,0,                       0,158540
26060,158539,0,                       0,158541,158541,0,                       0,158539
26061,158540,0,                       0,158540,158540,0,                       0,158540
26062,158539,0,                       0,158541,158541,0,                       0,158539
26063,158540,0,                       0,158540,158540,0,                       0,158540
26064,158539,0,                       0,158541,158541,0,                       0,158539
26065,158538,0,                       0,158542,158542,0,                       0,158538
26066,158539,0,                       0,158541,158541,0,                       0,158539
26067,158540,0,                       0,158540,158540,0,                       0,158540
26068,158541,0,                       0,158539,158539,0,                       0,158541
26069,158540,0,                       0,158540,158540,0,                       0,158540
26070,158539,0,                       0,158541,158541,0,                       0,158539
26071,158540,0,                       0,158540,158540,0,                       0,158540
26072,158539,0,                       0,158541,158541,0,                       0,158539
26073,158540,0,                       0,158540,158540,0,                       0,158540
26074,158539,0,                       0,158541,158541,0,                       0,158539
26075,158540,0,                       0,158540,158540,0,                       0,158540
26076,158541,0,                       0,158539,158539,0,                       0,158541
26077,158540,0,                       0,158540,158540,0,                       0,158540
26078,158539,0,                       0,158541,158541,0,                       0,158539
26079,158538,0,                       0,158542,158542,0,                       0,158538
26080,158539,0,                       0,158541,158541,0,                       0,158539
26081,158540,0,                       0,158540,158540,0,                       0,158540
26082,158541,0,                       0,158539,158539,0,                       0,158541
26083,158542,0,                       0,158538,158538,0,                       0,158542
26084,158541,0,                       0,158539,158539,0,                       0,158541
26085,158542,0,                       0,158538,158538,0,                       0,158542
26086,158541,0,                       0,158539,158539,0,                       0,158541
26087,158540,0,                       0,158540,158540,0,                       0,158540
26088,158541,0,                       0,158539,158539,0,                       0,158541
26089,158540,0,                       0,158540,158540,0,                       0,158540
26090,158539,0,                       0,158541,158541,0,                       0,158539
26091,158538,0,                       0,158542,158542,0,                       0,158538
26092,158539,0,                       0,158541,158541,0,                       0,158539
26093,158540,0,                       0,158540,158540,0,                       0,158540
26094,158539,0,                       0,158541,158541,0,                       0,158539
26095,158540,0,                       0,158540,158540,0,                       0,158540
26096,158541,0,                       0,158539,158539,0,                       0,158541
26097,158540,0,                       0,158540,158540,0,                       0,158540
26098,158541,0,                       0,158539,158539,0,                       0,158541
26099,158540,0,                       0,158540,158540,0,                       0,158540
26100,158541,0,                       0,158539,158539,0,                       0,158541
26101,158542,0,                       0,158538,158538,0,                       0,158542
26102,158541,0,                       0,158539,158539,0,                       0,158541
26103,158542,0,                       0,158538,158538,0,                       0,158542
26104,158541,0,                       0,158539,158539,0,                       0,158541
26105,158542,0,                       0,158538,158538,0,                       0,158542
26106,158541,0,                       0,158539,158539,0,                       0,158541
26107,158542,0,                       0,158538,158538,0,                       0,158542
26108,158543,0,                       0,158537,158537,0,                       0,158543
26109,158544,0,                       0,158536,158536,0,                       0,158544
26110,158543,0,                       0,158537,158537,0,                       0,158543
26111,158542,0,                       0,158538,158538,0,                       0,158542
26112,158541,0,                       0,158539,158539,0,                       0,158541
26113,158540,0,                       0,158540,158540,0,                       0,158540
26114,158541,0,                       0,158539,158539,0,                       0,158541
26115,158540,0,                       0,158540,158540,0,                       0,158540
26116,158539,0,                       0,158541,158541,0,                       0,158539
26117,158540,0,                       0,158540,158540,0,                       0,158540
26118,158541,0,                       0,158539,158539,0,                       0,158541
26119,158542,0,                       0,158538,158538,0,                       0,158542
26120,158541,0,                       0,158539,158539,0,                       0,158541
26121,158542,0,                       0,158538,158538,0,                       0,158542
26122,158541,0,                       0,158539,158539,0,                       0,158541
26123,158540,0,                       0,158540,158540,0,                       0,158540
26124,158539,0,                       0,158541,158541,0,                       0,158539
26125,158540,0,                       0,158540,158540,0,                       0,158540
26126,158539,0,                       0,158541,158541,0,                       0,158539
26127,158538,0,                       0,158542,158542,0,                       0,158538
26128,158539,0,                       0,158541,158541,0,                       0,158539
26129,158540,0,                       0,158540,158540,0,                       0,158540
26130,158541,0,                       0,158539,158539,0,                       0,158541
26131,158540,0,                       0,158540,158540,0,                       0,158540
26132,158541,0,                       0,158539,158539,0,                       0,158541
26133,158540,0,                       0,158540,158540,0,                       0,158540
26134,158539,0,                       0,158541,158541,0,                       0,158539
26135,158540,0,                       0,158540,158540,0,                       0,158540
26136,158541,0,                       0,158539,158539,0,                       0,158541
26137,158540,0,                       0,158540,158540,0,                       0,158540
26138,158539,0,                       0,158541,158541,0,                       0,158539
26139,158540,0,                       0,158540,158540,0,                       0,158540
26140,158541,0,                       0,158539,158539,0,                       0,158541
26141,158540,0,                       0,158540,158540,0,                       0,158540
26142,158539,0,                       0,158541,158541,0,                       0,158539
26143,158540,0,                       0,158540,158540,0,                       0,158540
26144,158539,0,                       0,158541,158541,0,                       0,158539
26145,158540,0,                       0,158540,158540,0,                       0,158540
26146,158539,0,                       0,158541,158541,0,                       0,158539
26147,158540,0,                       0,158540,158540,0,                       0,158540
26148,158539,0,                       0,158541,158541,0,                       0,158539
26149,158538,0,                       0,158542,158542,0,                       0,158538
26150,158539,0,                       0,158541,158541,0,                       0,158539
26151,158538,0,                       0,158542,158542,0,                       0,158538
26152,158539,0,                       0,158541,158541,0,                       0,158539
26153,158538,0,                       0,158542,158542,0,                       0,158538
26154,158539,0,                       0,158541,158541,0,                       0,158539
26155,158540,0,                       0,158540,158540,0,                       0,158540
26156,158539,0,                       0,158541,158541,0,                       0,158539
26157,158538,0,                       0,158542,158542,0,                       0,158538
26158,158539,0,                       0,158541,158541,0,                       0,158539
26159,158540,0,                       0,158540,158540,0,                       0,158540
26160,158541,0,                       0,158539,158539,0,                       0,158541
26161,158540,0,                       0,158540,158540,0,                       0,158540
26162,158539,0,                       0,158541,158541,0,                       0,158539
26163,158540,0,                       0,158540,158540,0,                       0,158540
26164,158539,0,                       0,158541,158541,0,                       0,158539
26165,158540,0,                       0,158540,158540,0,                       0,158540
26166,158541,0,                       0,158539,158539,0,                       0,158541
26167,158540,0,                       0,158540,158540,0,                       0,158540
26168,158539,0,                       0,158541,158541,0,                       0,158539
26169,158540,0,                       0,158540,158540,0,                       0,158540
26170,158541,0,                       0,158539,158539,0,                       0,158541
26171,158540,0,                       0,158540,158540,0,                       0,158540
26172,158539,0,                       0,158541,158541,0,                       0,158539
26173,158538,0,                       0,158542,158542,0,                       0,158538
26174,158539,0,                       0,158541,158541,0,                       0,158539
26175,158540,0,                       0,158540,158540,0,                       0,158540
26176,158539,0,                       0,158541,158541,0,                       0,158539
26177,158538,0,                       0,158542,158542,0,                       0,158538
26178,158537,0,                       0,158543,158543,0,                       0,158537
26179,158536,0,                       0,158544,158544,0,                       0,158536
26180,158535,0,                       0,158545,158545,0,                       0,158535
26181,158534,0,                       0,158546,158546,0,                       0,158534
26182,158535,0,                       0,158545,158545,0,                       0,158535
26183,158536,0,                       0,158544,158544,0,                       0,158536
26184,158535,0,                       0,158545,158545,0,                       0,158535
26185,158534,0,                       0,158546,158546,0,                       0,158534
26186,158535,0,                       0,158545,158545,0,                       0,158535
26187,158536,0,                       0,158544,158544,0,                       0,158536
26188,158537,0,                       0,158543,158543,0,                       0,158537
26189,158538,0,                       0,158542,158542,0,                       0,158538
26190,158539,0,                       0,158541,158541,0,                       0,158539
26191,158540,0,                       0,158540,158540,0,                       0,158540
26192,158541,0,                       0,158539,158539,0,                       0,158541
26193,158542,0,                       0,158538,158538,0,                       0,158542
26194,158543,0,                       0,158537,158537,0,                       0,158543
26195,158542,0,                       0,158538,158538,0,                       0,158542
26196,158541,0,                       0,158539,158539,0,                       0,158541
26197,158540,0,                       0,158540,158540,0,                       0,158540
26198,158539,0,                       0,158541,158541,0,                       0,158539
26199,158538,0,                       0,158542,158542,0,                       0,158538
26200,158537,0,                       0,158543,158543,0,                       0,158537
26201,158538,0,                       0,158542,158542,0,                       0,158538
26202,158539,0,                       0,158541,158541,0,                       0,158539
26203,158540,0,                       0,158540,158540,0,                       0,158540
26204,158541,0,                       0,158539,158539,0,                       0,158541
26205,158540,0,                       0,158540,158540,0,                       0,158540
26206,158539,0,                       0,158541,158541,0,                       0,158539
26207,158538,0,                       0,158542,158542,0,                       0,158538
26208,158537,0,                       0,158543,158543,0,                       0,158537
26209,158538,0,                       0,158542,158542,0,                       0,158538
26210,158539,0,                       0,158541,158541,0,                       0,158539
26211,158540,0,                       0,158540,158540,0,                       0,158540
26212,158541,0,                       0,158539,158539,0,                       0,158541
26213,158542,0,                       0,158538,158538,0,                       0,158542
26214,158541,0,                       0,158539,158539,0,                       0,158541
26215,158540,0,                       0,158540,158540,0,                       0,158540
26216,158541,0,                       0,158539,158539,0,                       0,158541
26217,158542,0,                       0,158538,158538,0,                       0,158542
26218,158541,0,                       0,158539,158539,0,                       0,158541
26219,158540,0,                       0,158540,158540,0,                       0,158540
26220,158541,0,                       0,158539,158539,0,                       0,158541
26221,158540,0,                       0,158540,158540,0,                       0,158540
26222,158541,0,                       0,158539,158539,0,                       0,158541
26223,158540,0,                       0,158540,158540,0,                       0,158540
26224,158541,0,                       0,158539,158539,0,                       0,158541
26225,158540,0,                       0,158540,158540,0,                       0,158540
26226,158541,0,                       0,158539,158539,0,                       0,158541
26227,158540,0,                       0,158540,158540,0,                       0,158540
26228,158539,0,                       0,158541,158541,0,                       0,158539
26229,158538,0,                       0,158542,158542,0,                       0,158538
26230,158537,0,                       0,158543,158543,0,                       0,158537
26231,158538,0,                       0,158542,158542,0,                       0,158538
26232,158537,0,                       0,158543,158543,0,                       0,158537
26233,158538,0,                       0,158542,158542,0,                       0,158538
26234,158539,0,                       0,158541,158541,0,                       0,158539
26235,158540,0,                       0,158540,158540,0,                       0,158540
26236,158541,0,                       0,158539,158539,0,                       0,158541
26237,158540,0,                       0,158540,158540,0,                       0,158540
26238,158541,0,                       0,158539,158539,0,                       0,158541
26239,158540,0,                       0,158540,158540,0,                       0,158540
26240,158539,0,                       0,158541,158541,0,                       0,158539
26241,158538,0,                       0,158542,158542,0,                       0,158538
26242,158539,0,                       0,158541,158541,0,                       0,158539
26243,158540,0,                       0,158540,158540,0,                       0,158540
26244,158541,0,                       0,158539,158539,0,                       0,158541
26245,158540,0,                       0,158540,158540,0,                       0,158540
26246,158541,0,                       0,158539,158539,0,                       0,158541
26247,158542,0,                       0,158538,158538,0,                       0,158542
26248,158541,0,                       0,158539,158539,0,                       0,158541
26249,158542,0,                       0,158538,158538,0,                       0,158542
26250,158541,0,                       0,158539,158539,0,                       0,158541
26251,158542,0,                       0,158538,158538,0,                       0,158542
26252,158541,0,                       0,158539,158539,0,                       0,158541
26253,158542,0,                       0,158538,158538,0,                       0,158542
26254,158541,0,                       0,158539,158539,0,                       0,158541
26255,158540,0,                       0,158540,158540,0,                       0,158540
26256,158539,0,                       0,158541,158541,0,                       0,158539
26257,158540,0,                       0,158540,158540,0,                       0,158540
26258,158541,0,                       0,158539,158539,0,                       0,158541
26259,158542,0,                       0,158538,158538,0,                       0,158542
26260,158541,0,                       0,158539,158539,0,                       0,158541
26261,158540,0,                       0,158540,158540,0,                       0,158540
26262,158541,0,                       0,158539,158539,0,                       0,158541
26263,158542,0,                       0,158538,158538,0,                       0,158542
26264,158541,0,                       0,158539,158539,0,                       0,158541
26265,158542,0,                       0,158538,158538,0,                       0,158542
26266,158541,0,                       0,158539,158539,0,                       0,158541
26267,158542,0,                       0,158538,158538,0,                       0,158542
26268,158541,0,                       0,158539,158539,0,                       0,158541
26269,158540,0,                       0,158540,158540,0,                       0,158540
26270,158539,0,                       0,158541,158541,0,                       0,158539
26271,158540,0,                       0,158540,158540,0,                       0,158540
26272,158539,0,                       0,158541,158541,0,                       0,158539
26273,158538,0,                       0,158542,158542,0,                       0,158538
26274,158539,0,                       0,158541,158541,0,                       0,158539
26275,158538,0,                       0,158542,158542,0,                       0,158538
26276,158539,0,                       0,158541,158541,0,                       0,158539
26277,158538,0,                       0,158542,158542,0,                       0,158538
26278,158539,0,                       0,158541,158541,0,                       0,158539
26279,158540,0,                       0,158540,158540,0,                       0,158540
26280,158541,0,                       0,158539,158539,0,                       0,158541
26281,158542,0,                       0,158538,158538,0,                       0,158542
26282,158541,0,                       0,158539,158539,0,                       0,158541
26283,158540,0,                       0,158540,158540,0,                       0,158540
26284,158539,0,                       0,158541,158541,0,                       0,158539
26285,158540,0,                       0,158540,158540,0,                       0,158540
26286,158541,0,                       0,158539,158539,0,                       0,158541
26287,158540,0,                       0,158540,158540,0,                       0,158540
26288,158539,0,                       0,158541,158541,0,                       0,158539
26289,158538,0,                       0,158542,158542,0,                       0,158538
26290,158539,0,                       0,158541,158541,0,                       0,158539
26291,158540,0,                       0,158540,158540,0,                       0,158540
26292,158541,0,                       0,158539,158539,0,                       0,158541
26293,158540,0,                       0,158540,158540,0,                       0,158540
26294,158539,0,                       0,158541,158541,0,                       0,158539
26295,158540,0,                       0,158540,158540,0,                       0,158540
26296,158539,0,                       0,158541,158541,0,                       0,158539
26297,158540,0,                       0,158540,158540,0,                       0,158540
26298,158541,0,                       0,158539,158539,0,                       0,158541
26299,158540,0,                       0,158540,158540,0,                       0,158540
26300,158539,0,                       0,158541,158541,0,                       0,158539
26301,158540,0,                       0,158540,158540,0,                       0,158540
26302,158541,0,                       0,158539,158539,0,                       0,158541
26303,158540,0,                       0,158540,158540,0,                       0,158540
26304,158541,0,                       0,158539,158539,0,                       0,158541
26305,158540,0,                       0,158540,158540,0,                       0,158540
26306,158541,0,                       0,158539,158539,0,                       0,158541
26307,158542,0,                       0,158538,158538,0,                       0,158542
26308,158541,0,                       0,158539,158539,0,                       0,158541
26309,158540,0,                       0,158540,158540,0,                       0,158540
26310,158541,0,                       0,158539,158539,0,                       0,158541
26311,158540,0,                       0,158540,158540,0,                       0,158540
26312,158541,0,                       0,158539,158539,0,                       0,158541
26313,158542,0,                       0,158538,158538,0,                       0,158542
26314,158543,0,                       0,158537,158537,0,                       0,158543
26315,158544,0,                       0,158536,158536,0,                       0,158544
26316,158543,0,                       0,158537,158537,0,                       0,158543
26317,158542,0,                       0,158538,158538,0,                       0,158542
26318,158541,0,                       0,158539,158539,0,                       0,158541
26319,158542,0,                       0,158538,158538,0,                       0,158542
26320,158543,0,                       0,158537,158537,0,                       0,158543
26321,158542,0,                       0,158538,158538,0,                       0,158542
26322,158543,0,                       0,158537,158537,0,                       0,158543
26323,158542,0,                       0,158538,158538,0,                       0,158542
26324,158541,0,                       0,158539,158539,0,                       0,158541
26325,158540,0,                       0,158540,158540,0,                       0,158540
26326,158539,0,                       0,158541,158541,0,                       0,158539
26327,158538,0,                       0,158542,158542,0,                       0,158538
26328,158539,0,                       0,158541,158541,0,                       0,158539
26329,158540,0,                       0,158540,158540,0,                       0,158540
26330,158539,0,                       0,158541,158541,0,                       0,158539
26331,158540,0,                       0,158540,158540,0,                       0,158540
26332,158539,0,                       0,158541,158541,0,                       0,158539
26333,158540,0,                       0,158540,158540,0,                       0,158540
26334,158541,0,                       0,158539,158539,0,                       0,158541
26335,158542,0,                       0,158538,158538,0,                       0,158542
26336,158543,0,                       0,158537,158537,0,                       0,158543
26337,158544,0,                       0,158536,158536,0,                       0,158544
26338,158543,0,                       0,158537,158537,0,                       0,158543
26339,158542,0,                       0,158538,158538,0,                       0,158542
26340,158541,0,                       0,158539,158539,0,                       0,158541
26341,158540,0,                       0,158540,158540,0,                       0,158540
26342,158541,0,                       0,158539,158539,0,                       0,158541
26343,158540,0,                       0,158540,158540,0,                       0,158540
26344,158539,0,                       0,158541,158541,0,                       0,158539
26345,158540,0,                       0,158540,158540,0,                       0,158540
26346,158539,0,                       0,158541,158541,0,                       0,158539
26347,158540,0,                       0,158540,158540,0,                       0,158540
26348,158539,0,                       0,158541,158541,0,                       0,158539
26349,158538,0,                       0,158542,158542,0,                       0,158538
26350,158537,0,                       0,158543,158543,0,                       0,158537
26351,158538,0,                       0,158542,158542,0,                       0,158538
26352,158539,0,                       0,158541,158541,0,                       0,158539
26353,158538,0,                       0,158542,158542,0,                       0,158538
26354,158539,0,                       0,158541,158541,0,                       0,158539
26355,158538,0,                       0,158542,158542,0,                       0,158538
26356,158537,0,                       0,158543,158543,0,                       0,158537
26357,158538,0,                       0,158542,158542,0,                       0,158538
26358,158539,0,                       0,158541,158541,0,                       0,158539
26359,158538,0,                       0,158542,158542,0,                       0,158538
26360,158539,0,                       0,158541,158541,0,                       0,158539
26361,158540,0,                       0,158540,158540,0,                       0,158540
26362,158539,0,                       0,158541,158541,0,                       0,158539
26363,158538,0,                       0,158542,158542,0,                       0,158538
26364,158539,0,                       0,158541,158541,0,                       0,158539
26365,158540,0,                       0,158540,158540,0,                       0,158540
26366,158539,0,                       0,158541,158541,0,                       0,158539
26367,158540,0,                       0,158540,158540,0,                       0,158540
26368,158541,0,                       0,158539,158539,0,                       0,158541
26369,158542,0,                       0,158538,158538,0,                       0,158542
26370,158543,0,                       0,158537,158537,0,                       0,158543
26371,158542,0,                       0,158538,158538,0,                       0,158542
26372,158541,0,                       0,158539,158539,0,                       0,158541
26373,158542,0,                       0,158538,158538,0,                       0,158542
26374,158543,0,                       0,158537,158537,0,                       0,158543
26375,158542,0,                       0,158538,158538,0,                       0,158542
26376,158541,0,                       0,158539,158539,0,                       0,158541
26377,158540,0,                       0,158540,158540,0,                       0,158540
26378,158541,0,                       0,158539,158539,0,                       0,158541
26379,158542,0,                       0,158538,158538,0,                       0,158542
26380,158541,0,                       0,158539,158539,0,                       0,158541
26381,158542,0,                       0,158538,158538,0,                       0,158542
26382,158541,0,                       0,158539,158539,0,                       0,158541
26383,158540,0,                       0,158540,158540,0,                       0,158540
26384,158539,0,                       0,158541,158541,0,                       0,158539
26385,158540,0,                       0,158540,158540,0,                       0,158540
26386,158541,0,                       0,158539,158539,0,                       0,158541
26387,158540,0,                       0,158540,158540,0,                       0,158540
26388,158539,0,                       0,158541,158541,0,                       0,158539
26389,158538,0,                       0,158542,158542,0,                       0,158538
26390,158539,0,                       0,158541,158541,0,                       0,158539
26391,158540,0,                       0,158540,158540,0,                       0,158540
26392,158539,0,                       0,158541,158541,0,                       0,158539
26393,158540,0,                       0,158540,158540,0,                       0,158540
26394,158541,0,                       0,158539,158539,0,                       0,158541
26395,158540,0,                       0,158540,158540,0,                       0,158540
26396,158539,0,                       0,158541,158541,0,                       0,158539
26397,158538,0,                       0,158542,158542,0,                       0,158538
26398,158539,0,                       0,158541,158541,0,                       0,158539
26399,158540,0,                       0,158540,158540,0,                       0,158540
26400,158541,0,                       0,158539,158539,0,                       0,158541
26401,158542,0,                       0,158538,158538,0,                       0,158542
26402,158541,0,                       0,158539,158539,0,                       0,158541
26403,158540,0,                       0,158540,158540,0,                       0,158540
26404,158541,0,                       0,158539,158539,0,                       0,158541
26405,158542,0,                       0,158538,158538,0,                       0,158542
26406,158541,0,                       0,158539,158539,0,                       0,158541
26407,158540,0,                       0,158540,158540,0,                       0,158540
26408,158541,0,                       0,158539,158539,0,                       0,158541
26409,158540,0,                       0,158540,158540,0,                       0,158540
26410,158539,0,                       0,158541,158541,0,                       0,158539
26411,158538,0,                       0,158542,158542,0,                       0,158538
26412,158539,0,                       0,158541,158541,0,                       0,158539
26413,158540,0,                       0,158540,158540,0,                       0,158540
26414,158541,0,                       0,158539,158539,0,                       0,158541
26415,158540,0,                       0,158540,158540,0,                       0,158540
26416,158541,0,                       0,158539,158539,0,                       0,158541
26417,158540,0,                       0,158540,158540,0,                       0,158540
26418,158539,0,                       0,158541,158541,0,                       0,158539
26419,158540,0,                       0,158540,158540,0,                       0,158540
26420,158541,0,                       0,158539,158539,0,                       0,158541
26421,158540,0,                       0,158540,158540,0,                       0,158540
26422,158541,0,                       0,158539,158539,0,                       0,158541
26423,158542,0,                       0,158538,158538,0,                       0,158542
26424,158541,0,                       0,158539,158539,0,                       0,158541
26425,158540,0,                       0,158540,158540,0,                       0,158540
26426,158539,0,                       0,158541,158541,0,                       0,158539
26427,158540,0,                       0,158540,158540,0,                       0,158540
26428,158539,0,                       0,158541,158541,0,                       0,158539
26429,158540,0,                       0,158540,158540,0,                       0,158540
26430,158541,0,                       0,158539,158539,0,                       0,158541
26431,158540,0,                       0,158540,158540,0,                       0,158540
26432,158539,0,                       0,158541,158541,0,                       0,158539
26433,158538,0,                       0,158542,158542,0,                       0,158538
26434,158539,0,                       0,158541,158541,0,                       0,158539
26435,158540,0,                       0,158540,158540,0,                       0,158540
26436,158541,0,                       0,158539,158539,0,                       0,158541
26437,158542,0,                       0,158538,158538,0,                       0,158542
26438,158541,0,                       0,158539,158539,0,                       0,158541
26439,158540,0,                       0,158540,158540,0,                       0,158540
26440,158541,0,                       0,158539,158539,0,                       0,158541
26441,158542,0,                       0,158538,158538,0,                       0,158542
26442,158543,0,                       0,158537,158537,0,                       0,158543
26443,158542,0,                       0,158538,158538,0,                       0,158542
26444,158541,0,                       0,158539,158539,0,                       0,158541
26445,158540,0,                       0,158540,158540,0,                       0,158540
26446,158539,0,                       0,158541,158541,0,                       0,158539
26447,158540,0,                       0,158540,158540,0,                       0,158540
26448,158539,0,                       0,158541,158541,0,                       0,158539
26449,158540,0,                       0,158540,158540,0,                       0,158540
26450,158539,0,                       0,158541,158541,0,                       0,158539
26451,158540,0,                       0,158540,158540,0,                       0,158540
26452,158541,0,                       0,158539,158539,0,                       0,158541
26453,158542,0,                       0,158538,158538,0,                       0,158542
26454,158543,0,                       0,158537,158537,0,                       0,158543
26455,158542,0,                       0,158538,158538,0,                       0,158542
26456,158541,0,                       0,158539,158539,0,                       0,158541
26457,158540,0,                       0,158540,158540,0,                       0,158540
26458,158541,0,                       0,158539,158539,0,                       0,158541
26459,158540,0,                       0,158540,158540,0,                       0,158540
26460,158541,0,                       0,158539,158539,0,                       0,158541
26461,158540,0,                       0,158540,158540,0,                       0,158540
26462,158539,0,                       0,158541,158541,0,                       0,158539
26463,158538,0,                       0,158542,158542,0,                       0,158538
26464,158539,0,                       0,158541,158541,0,                       0,158539
26465,158538,0,                       0,158542,158542,0,                       0,158538
26466,158539,0,                       0,158541,158541,0,                       0,158539
26467,158538,0,                       0,158542,158542,0,                       0,158538
26468,158539,0,                       0,158541,158541,0,                       0,158539
26469,158538,0,                       0,158542,158542,0,                       0,158538
26470,158539,0,                       0,158541,158541,0,                       0,158539
26471,158540,0,                       0,158540,158540,0,                       0,158540
26472,158539,0,                       0,158541,158541,0,                       0,158539
26473,158540,0,                       0,158540,158540,0,                       0,158540
26474,158539,0,                       0,158541,158541,0,                       0,158539
26475,158540,0,                       0,158540,158540,0,                       0,158540
26476,158539,0,                       0,158541,158541,0,                       0,158539
26477,158538,0,                       0,158542,158542,0,                       0,158538
26478,158539,0,                       0,158541,158541,0,                       0,158539
26479,158540,0,                       0,158540,158540,0,                       0,158540
26480,158539,0,                       0,158541,158541,0,                       0,158539
26481,158540,0,                       0,158540,158540,0,                       0,158540
26482,158541,0,                       0,158539,158539,0,                       0,158541
26483,158542,0,                       0,158538,158538,0,                       0,158542
26484,158541,0,                       0,158539,158539,0,                       0,158541
26485,158540,0,                       0,158540,158540,0,                       0,158540
26486,158541,0,                       0,158539,158539,0,                       0,158541
26487,158540,0,                       0,158540,158540,0,                       0,158540
26488,158541,0,                       0,158539,158539,0,                       0,158541
26489,158542,0,                       0,158538,158538,0,                       0,158542
26490,158541,0,                       0,158539,158539,0,                       0,158541
26491,158540,0,                       0,158540,158540,0,                       0,158540
26492,158539,0,                       0,158541,158541,0,                       0,158539
26493,158540,0,                       0,158540,158540,0,                       0,158540
26494,158541,0,                       0,158539,158539,0,                       0,158541
26495,158540,0,                       0,158540,158540,0,                       0,158540
26496,158541,0,                       0,158539,158539,0,                       0,158541
26497,158540,0,                       0,158540,158540,0,                       0,158540
26498,158541,0,                       0,158539,158539,0,                       0,158541
26499,158540,0,                       0,158540,158540,0,                       0,158540
26500,158539,0,                       0,158541,158541,0,                       0,158539
26501,158540,0,                       0,158540,158540,0,                       0,158540
26502,158539,0,                       0,158541,158541,0,                       0,158539
26503,158540,0,                       0,158540,158540,0,                       0,158540
26504,158541,0,                       0,158539,158539,0,                       0,158541
26505,158540,0,                       0,158540,158540,0,                       0,158540
26506,158539,0,                       0,158541,158541,0,                       0,158539
26507,158540,0,                       0,158540,158540,0,                       0,158540
26508,158541,0,                       0,158539,158539,0,                       0,158541
26509,158542,0,                       0,158538,158538,0,                       0,158542
26510,158541,0,                       0,158539,158539,0,                       0,158541
26511,158540,0,                       0,158540,158540,0,                       0,158540
26512,158539,0,                       0,158541,158541,0,                       0,158539
26513,158540,0,                       0,158540,158540,0,                       0,158540
26514,158541,0,                       0,158539,158539,0,                       0,158541
26515,158542,0,                       0,158538,158538,0,                       0,158542
26516,158541,0,                       0,158539,158539,0,                       0,158541
26517,158540,0,                       0,158540,158540,0,                       0,158540
26518,158539,0,                       0,158541,158541,0,                       0,158539
26519,158540,0,                       0,158540,158540,0,                       0,158540
26520,158539,0,                       0,158541,158541,0,                       0,158539
26521,158540,0,                       0,158540,158540,0,                       0,158540
26522,158541,0,                       0,158539,158539,0,                       0,158541
26523,158540,0,                       0,158540,158540,0,                       0,158540
26524,158539,0,                       0,158541,158541,0,                       0,158539
26525,158540,0,                       0,158540,158540,0,                       0,158540
26526,158539,0,                       0,158541,158541,0,                       0,158539
26527,158540,0,                       0,158540,158540,0,                       0,158540
26528,158541,0,                       0,158539,158539,0,                       0,158541
26529,158540,0,                       0,158540,158540,0,                       0,158540
26530,158541,0,                       0,158539,158539,0,                       0,158541
26531,158540,0,                       0,158540,158540,0,                       0,158540
26532,158539,0,                       0,158541,158541,0,                       0,158539
26533,158540,0,                       0,158540,158540,0,                       0,158540
26534,158539,0,                       0,158541,158541,0,                       0,158539
26535,158538,0,                       0,158542,158542,0,                       0,158538
26536,158539,0,                       0,158541,158541,0,                       0,158539
26537,158540,0,                       0,158540,158540,0,                       0,158540
26538,158541,0,                       0,158539,158539,0,                       0,158541
26539,158542,0,                       0,158538,158538,0,                       0,158542
26540,158541,0,                       0,158539,158539,0,                       0,158541
26541,158542,0,                       0,158538,158538,0,                       0,158542
26542,158541,0,                       0,158539,158539,0,                       0,158541
26543,158542,0,                       0,158538,158538,0,                       0,158542
26544,158541,0,                       0,158539,158539,0,                       0,158541
26545,158540,0,                       0,158540,158540,0,                       0,158540
26546,158539,0,                       0,158541,158541,0,                       0,158539
26547,158538,0,                       0,158542,158542,0,                       0,158538
26548,158537,0,                       0,158543,158543,0,                       0,158537
26549,158538,0,                       0,158542,158542,0,                       0,158538
26550,158539,0,                       0,158541,158541,0,                       0,158539
26551,158538,0,                       0,158542,158542,0,                       0,158538
26552,158537,0,                       0,158543,158543,0,                       0,158537
26553,158536,0,                       0,158544,158544,0,                       0,158536
26554,158535,0,                       0,158545,158545,0,                       0,158535
26555,158534,0,                       0,158546,158546,0,                       0,158534
26556,158533,0,                       0,158547,158547,0,                       0,158533
26557,158532,0,                       0,158548,158548,0,                       0,158532
26558,158533,0,                       0,158547,158547,0,                       0,158533
26559,158534,0,                       0,158546,158546,0,                       0,158534
26560,158535,0,                       0,158545,158545,0,                       0,158535
26561,158536,0,                       0,158544,158544,0,                       0,158536
26562,158537,0,                       0,158543,158543,0,                       0,158537
26563,158538,0,                       0,158542,158542,0,                       0,158538
26564,158539,0,                       0,158541,158541,0,                       0,158539
26565,158540,0,                       0,158540,158540,0,                       0,158540
26566,158541,0,                       0,158539,158539,0,                       0,158541
26567,158542,0,                       0,158538,158538,0,                       0,158542
26568,158541,0,                       0,158539,158539,0,                       0,158541
26569,158540,0,                       0,158540,158540,0,                       0,158540
26570,158539,0,                       0,158541,158541,0,                       0,158539
26571,158540,0,                       0,158540,158540,0,                       0,158540
26572,158539,0,                       0,158541,158541,0,                       0,158539
26573,158538,0,                       0,158542,158542,0,                       0,158538
26574,158539,0,                       0,158541,158541,0,                       0,158539
26575,158540,0,                       0,158540,158540,0,                       0,158540
26576,158541,0,                       0,158539,158539,0,                       0,158541
26577,158540,0,                       0,158540,158540,0,                       0,158540
26578,158539,0,                       0,158541,158541,0,                       0,158539
26579,158540,0,                       0,158540,158540,0,                       0,158540
26580,158539,0,                       0,158541,158541,0,                       0,158539
26581,158538,0,                       0,158542,158542,0,                       0,158538
26582,158539,0,                       0,158541,158541,0,                       0,158539
26583,158540,0,                       0,158540,158540,0,                       0,158540
26584,158539,0,                       0,158541,158541,0,                       0,158539
26585,158538,0,                       0,158542,158542,0,                       0,158538
26586,158537,0,                       0,158543,158543,0,                       0,158537
26587,158536,0,                       0,158544,158544,0,                       0,158536
26588,158535,0,                       0,158545,158545,0,                       0,158535
26589,158534,0,                       0,158546,158546,0,                       0,158534
26590,158535,0,                       0,158545,158545,0,                       0,158535
26591,158536,0,                       0,158544,158544,0,                       0,158536
26592,158535,0,                       0,158545,158545,0,                       0,158535
26593,158536,0,                       0,158544,158544,0,                       0,158536
26594,158537,0,                       0,158543,158543,0,                       0,158537
26595,158538,0,                       0,158542,158542,0,                       0,158538
26596,158539,0,                       0,158541,158541,0,                       0,158539
26597,158540,0,                       0,158540,158540,0,                       0,158540
26598,158539,0,                       0,158541,158541,0,                       0,158539
26599,158540,0,                       0,158540,158540,0,                       0,158540
26600,158539,0,                       0,158541,158541,0,                       0,158539
26601,158538,0,                       0,158542,158542,0,                       0,158538
26602,158539,0,                       0,158541,158541,0,                       0,158539
26603,158540,0,                       0,158540,158540,0,                       0,158540
26604,158539,0,                       0,158541,158541,0,                       0,158539
26605,158540,0,                       0,158540,158540,0,                       0,158540
26606,158541,0,                       0,158539,158539,0,                       0,158541
26607,158540,0,                       0,158540,158540,0,                       0,158540
26608,158539,0,                       0,158541,158541,0,                       0,158539
26609,158540,0,                       0,158540,158540,0,                       0,158540
26610,158541,0,                       0,158539,158539,0,                       0,158541
26611,158540,0,                       0,158540,158540,0,                       0,158540
26612,158539,0,                       0,158541,158541,0,                       0,158539
26613,158538,0,                       0,158542,158542,0,                       0,158538
26614,158539,0,                       0,158541,158541,0,                       0,158539
26615,158540,0,                       0,158540,158540,0,                       0,158540
26616,158541,0,                       0,158539,158539,0,                       0,158541
26617,158542,0,                       0,158538,158538,0,                       0,158542
26618,158543,0,                       0,158537,158537,0,                       0,158543
26619,158544,0,                       0,158536,158536,0,                       0,158544
26620,158543,0,                       0,158537,158537,0,                       0,158543
26621,158542,0,                       0,158538,158538,0,                       0,158542
26622,158543,0,                       0,158537,158537,0,                       0,158543
26623,158542,0,                       0,158538,158538,0,                       0,158542
26624,158541,0,                       0,158539,158539,0,                       0,158541
26625,158540,0,                       0,158540,158540,0,                       0,158540
26626,158539,0,                       0,158541,158541,0,                       0,158539
26627,158538,0,                       0,158542,158542,0,                       0,158538
26628,158539,0,                       0,158541,158541,0,                       0,158539
26629,158540,0,                       0,158540,158540,0,                       0,158540
26630,158541,0,                       0,158539,158539,0,                       0,158541
26631,158542,0,                       0,158538,158538,0,                       0,158542
26632,158541,0,                       0,158539,158539,0,                       0,158541
26633,158540,0,                       0,158540,158540,0,                       0,158540
26634,158541,0,                       0,158539,158539,0,                       0,158541
26635,158540,0,                       0,158540,158540,0,                       0,158540
26636,158539,0,                       0,158541,158541,0,                       0,158539
26637,158540,0,                       0,158540,158540,0,                       0,158540
26638,158541,0,                       0,158539,158539,0,                       0,158541
26639,158542,0,                       0,158538,158538,0,                       0,158542
26640,158541,0,                       0,158539,158539,0,                       0,158541
26641,158540,0,                       0,158540,158540,0,                       0,158540
26642,158539,0,                       0,158541,158541,0,                       0,158539
26643,158540,0,                       0,158540,158540,0,                       0,158540
26644,158541,0,                       0,158539,158539,0,                       0,158541
26645,158540,0,                       0,158540,158540,0,                       0,158540
26646,158541,0,                       0,158539,158539,0,                       0,158541
26647,158540,0,                       0,158540,158540,0,                       0,158540
26648,158539,0,                       0,158541,158541,0,                       0,158539
26649,158540,0,                       0,158540,158540,0,                       0,158540
26650,158541,0,                       0,158539,158539,0,                       0,158541
26651,158542,0,                       0,158538,158538,0,                       0,158542
26652,158543,0,                       0,158537,158537,0,                       0,158543
26653,158542,0,                       0,158538,158538,0,                       0,158542
26654,158541,0,                       0,158539,158539,0,                       0,158541
26655,158540,0,                       0,158540,158540,0,                       0,158540
26656,158539,0,                       0,158541,158541,0,                       0,158539
26657,158540,0,                       0,158540,158540,0,                       0,158540
26658,158539,0,                       0,158541,158541,0,                       0,158539
26659,158538,0,                       0,158542,158542,0,                       0,158538
26660,158539,0,                       0,158541,158541,0,                       0,158539
26661,158538,0,                       0,158542,158542,0,                       0,158538
26662,158539,0,                       0,158541,158541,0,                       0,158539
26663,158538,0,                       0,158542,158542,0,                       0,158538
26664,158539,0,                       0,158541,158541,0,                       0,158539
26665,158540,0,                       0,158540,158540,0,                       0,158540
26666,158539,0,                       0,158541,158541,0,                       0,158539
26667,158538,0,                       0,158542,158542,0,                       0,158538
26668,158537,0,                       0,158543,158543,0,                       0,158537
26669,158538,0,                       0,158542,158542,0,                       0,158538
26670,158539,0,                       0,158541,158541,0,                       0,158539
26671,158538,0,                       0,158542,158542,0,                       0,158538
26672,158539,0,                       0,158541,158541,0,                       0,158539
26673,158538,0,                       0,158542,158542,0,                       0,158538
26674,158539,0,                       0,158541,158541,0,                       0,158539
26675,158540,0,                       0,158540,158540,0,                       0,158540
26676,158541,0,                       0,158539,158539,0,                       0,158541
26677,158540,0,                       0,158540,158540,0,                       0,158540
26678,158539,0,                       0,158541,158541,0,                       0,158539
26679,158538,0,                       0,158542,158542,0,                       0,158538
26680,158539,0,                       0,158541,158541,0,                       0,158539
26681,158540,0,                       0,158540,158540,0,                       0,158540
26682,158539,0,                       0,158541,158541,0,                       0,158539
26683,158540,0,                       0,158540,158540,0,                       0,158540
26684,158539,0,                       0,158541,158541,0,                       0,158539
26685,158540,0,                       0,158540,158540,0,                       0,158540
26686,158541,0,                       0,158539,158539,0,                       0,158541
26687,158542,0,                       0,158538,158538,0,                       0,158542
26688,158541,0,                       0,158539,158539,0,                       0,158541
26689,158540,0,                       0,158540,158540,0,                       0,158540
26690,158539,0,                       0,158541,158541,0,                       0,158539
26691,158540,0,                       0,158540,158540,0,                       0,158540
26692,158541,0,                       0,158539,158539,0,                       0,158541
26693,158542,0,                       0,158538,158538,0,                       0,158542
26694,158541,0,                       0,158539,158539,0,                       0,158541
26695,158540,0,                       0,158540,158540,0,                       0,158540
26696,158539,0,                       0,158541,158541,0,                       0,158539
26697,158540,0,                       0,158540,158540,0,                       0,158540
26698,158541,0,                       0,158539,158539,0,                       0,158541
26699,158542,0,                       0,158538,158538,0,                       0,158542
26700,158541,0,                       0,158539,158539,0,                       0,158541
26701,158542,0,                       0,158538,158538,0,                       0,158542
26702,158541,0,                       0,158539,158539,0,                       0,158541
26703,158540,0,                       0,158540,158540,0,                       0,158540
26704,158539,0,                       0,158541,158541,0,                       0,158539
26705,158538,0,                       0,158542,158542,0,                       0,158538
26706,158539,0,                       0,158541,158541,0,                       0,158539
26707,158540,0,                       0,158540,158540,0,                       0,158540
26708,158541,0,                       0,158539,158539,0,                       0,158541
26709,158542,0,                       0,158538,158538,0,                       0,158542
26710,158543,0,                       0,158537,158537,0,                       0,158543
26711,158542,0,                       0,158538,158538,0,                       0,158542
26712,158541,0,                       0,158539,158539,0,                       0,158541
26713,158542,0,                       0,158538,158538,0,                       0,158542
26714,158541,0,                       0,158539,158539,0,                       0,158541
26715,158540,0,                       0,158540,158540,0,                       0,158540
26716,158539,0,                       0,158541,158541,0,                       0,158539
26717,158540,0,                       0,158540,158540,0,                       0,158540
26718,158541,0,                       0,158539,158539,0,                       0,158541
26719,158542,0,                       0,158538,158538,0,                       0,158542
26720,158541,0,                       0,158539,158539,0,                       0,158541
26721,158540,0,                       0,158540,158540,0,                       0,158540
26722,158539,0,                       0,158541,158541,0,                       0,158539
26723,158540,0,                       0,158540,158540,0,                       0,158540
26724,158539,0,                       0,158541,158541,0,                       0,158539
26725,158540,0,                       0,158540,158540,0,                       0,158540
26726,158541,0,                       0,158539,158539,0,                       0,158541
26727,158540,0,                       0,158540,158540,0,                       0,158540
26728,158541,0,                       0,158539,158539,0,                       0,158541
26729,158542,0,                       0,158538,158538,0,                       0,158542
26730,158543,0,                       0,158537,158537,0,                       0,158543
26731,158542,0,                       0,158538,158538,0,                       0,158542
26732,158541,0,                       0,158539,158539,0,                       0,158541
26733,158540,0,                       0,158540,158540,0,                       0,158540
26734,158541,0,                       0,158539,158539,0,                       0,158541
26735,158540,0,                       0,158540,158540,0,                       0,158540
26736,158539,0,                       0,158541,158541,0,                       0,158539
26737,158540,0,                       0,158540,158540,0,                       0,158540
26738,158539,0,                       0,158541,158541,0,                       0,158539
26739,158538,0,                       0,158542,158542,0,                       0,158538
26740,158539,0,                       0,158541,158541,0,                       0,158539
26741,158540,0,                       0,158540,158540,0,                       0,158540
26742,158541,0,                       0,158539,158539,0,                       0,158541
26743,158542,0,                       0,158538,158538,0,                       0,158542
26744,158541,0,                       0,158539,158539,0,                       0,158541
26745,158540,0,                       0,158540,158540,0,                       0,158540
26746,158539,0,                       0,158541,158541,0,                       0,158539
26747,158538,0,                       0,158542,158542,0,                       0,158538
26748,158539,0,                       0,158541,158541,0,                       0,158539
26749,158538,0,                       0,158542,158542,0,                       0,158538
26750,158539,0,                       0,158541,158541,0,                       0,158539
26751,158540,0,                       0,158540,158540,0,                       0,158540
26752,158541,0,                       0,158539,158539,0,                       0,158541
26753,158540,0,                       0,158540,158540,0,                       0,158540
26754,158539,0,                       0,158541,158541,0,                       0,158539
26755,158540,0,                       0,158540,158540,0,                       0,158540
26756,158541,0,                       0,158539,158539,0,                       0,158541
26757,158540,0,                       0,158540,158540,0,                       0,158540
26758,158539,0,                       0,158541,158541,0,                       0,158539
26759,158540,0,                       0,158540,158540,0,                       0,158540
26760,158541,0,                       0,158539,158539,0,                       0,158541
26761,158540,0,                       0,158540,158540,0,                       0,158540
26762,158539,0,                       0,158541,158541,0,                       0,158539
26763,158540,0,                       0,158540,158540,0,                       0,158540
26764,158541,0,                       0,158539,158539,0,                       0,158541
26765,158542,0,                       0,158538,158538,0,                       0,158542
26766,158541,0,                       0,158539,158539,0,                       0,158541
26767,158542,0,                       0,158538,158538,0,                       0,158542
26768,158541,0,                       0,158539,158539,0,                       0,158541
26769,158540,0,                       0,158540,158540,0,                       0,158540
26770,158541,0,                       0,158539,158539,0,                       0,158541
26771,158540,0,                       0,158540,158540,0,                       0,158540
26772,158541,0,                       0,158539,158539,0,                       0,158541
26773,158540,0,                       0,158540,158540,0,                       0,158540
26774,158541,0,                       0,158539,158539,0,                       0,158541
26775,158542,0,                       0,158538,158538,0,                       0,158542
26776,158541,0,                       0,158539,158539,0,                       0,158541
26777,158540,0,                       0,158540,158540,0,                       0,158540
26778,158539,0,                       0,158541,158541,0,                       0,158539
26779,158540,0,                       0,158540,158540,0,                       0,158540
26780,158539,0,                       0,158541,158541,0,                       0,158539
26781,158540,0,                       0,158540,158540,0,                       0,158540
26782,158541,0,                       0,158539,158539,0,                       0,158541
26783,158540,0,                       0,158540,158540,0,                       0,158540
26784,158541,0,                       0,158539,158539,0,                       0,158541
26785,158540,0,                       0,158540,158540,0,                       0,158540
26786,158539,0,                       0,158541,158541,0,                       0,158539
26787,158540,0,                       0,158540,158540,0,                       0,158540
26788,158541,0,                       0,158539,158539,0,                       0,158541
26789,158540,0,                       0,158540,158540,0,                       0,158540
26790,158539,0,                       0,158541,158541,0,                       0,158539
26791,158538,0,                       0,158542,158542,0,                       0,158538
26792,158539,0,                       0,158541,158541,0,                       0,158539
26793,158540,0,                       0,158540,158540,0,                       0,158540
26794,158539,0,                       0,158541,158541,0,                       0,158539
26795,158538,0,                       0,158542,158542,0,                       0,158538
26796,158539,0,                       0,158541,158541,0,                       0,158539
26797,158538,0,                       0,158542,158542,0,                       0,158538
26798,158539,0,                       0,158541,158541,0,                       0,158539
26799,158538,0,                       0,158542,158542,0,                       0,158538
26800,158539,0,                       0,158541,158541,0,                       0,158539
26801,158540,0,                       0,158540,158540,0,                       0,158540
26802,158539,0,                       0,158541,158541,0,                       0,158539
26803,158538,0,                       0,158542,158542,0,                       0,158538
26804,158537,0,                       0,158543,158543,0,                       0,158537
26805,158538,0,                       0,158542,158542,0,                       0,158538
26806,158539,0,                       0,158541,158541,0,                       0,158539
26807,158540,0,                       0,158540,158540,0,                       0,158540
26808,158539,0,                       0,158541,158541,0,                       0,158539
26809,158540,0,                       0,158540,158540,0,                       0,158540
26810,158539,0,                       0,158541,158541,0,                       0,158539
26811,158540,0,                       0,158540,158540,0,                       0,158540
26812,158541,0,                       0,158539,158539,0,                       0,158541
26813,158540,0,                       0,158540,158540,0,                       0,158540
26814,158541,0,                       0,158539,158539,0,                       0,158541
26815,158542,0,                       0,158538,158538,0,                       0,158542
26816,158543,0,                       0,158537,158537,0,                       0,158543
26817,158544,0,                       0,158536,158536,0,                       0,158544
26818,158545,0,                       0,158535,158535,0,                       0,158545
26819,158544,0,                       0,158536,158536,0,                       0,158544
26820,158545,0,                       0,158535,158535,0,                       0,158545
26821,158544,0,                       0,158536,158536,0,                       0,158544
26822,158543,0,                       0,158537,158537,0,                       0,158543
26823,158542,0,                       0,158538,158538,0,                       0,158542
26824,158541,0,                       0,158539,158539,0,                       0,158541
26825,158540,0,                       0,158540,158540,0,                       0,158540
26826,158539,0,                       0,158541,158541,0,                       0,158539
26827,158538,0,                       0,158542,158542,0,                       0,158538
26828,158539,0,                       0,158541,158541,0,                       0,158539
26829,158540,0,                       0,158540,158540,0,                       0,158540
26830,158541,0,                       0,158539,158539,0,                       0,158541
26831,158540,0,                       0,158540,158540,0,                       0,158540
26832,158539,0,                       0,158541,158541,0,                       0,158539
26833,158540,0,                       0,158540,158540,0,                       0,158540
26834,158541,0,                       0,158539,158539,0,                       0,158541
26835,158540,0,                       0,158540,158540,0,                       0,158540
26836,158541,0,                       0,158539,158539,0,                       0,158541
26837,158540,0,                       0,158540,158540,0,                       0,158540
26838,158541,0,                       0,158539,158539,0,                       0,158541
26839,158542,0,                       0,158538,158538,0,                       0,158542
26840,158541,0,                       0,158539,158539,0,                       0,158541
26841,158540,0,                       0,158540,158540,0,                       0,158540
26842,158539,0,                       0,158541,158541,0,                       0,158539
26843,158540,0,                       0,158540,158540,0,                       0,158540
26844,158541,0,                       0,158539,158539,0,                       0,158541
26845,158540,0,                       0,158540,158540,0,                       0,158540
26846,158541,0,                       0,158539,158539,0,                       0,158541
26847,158540,0,                       0,158540,158540,0,                       0,158540
26848,158541,0,                       0,158539,158539,0,                       0,158541
26849,158542,0,                       0,158538,158538,0,                       0,158542
26850,158541,0,                       0,158539,158539,0,                       0,158541
26851,158542,0,                       0,158538,158538,0,                       0,158542
26852,158541,0,                       0,158539,158539,0,                       0,158541
26853,158540,0,                       0,158540,158540,0,                       0,158540
26854,158541,0,                       0,158539,158539,0,                       0,158541
26855,158540,0,                       0,158540,158540,0,                       0,158540
26856,158539,0,                       0,158541,158541,0,                       0,158539
26857,158538,0,                       0,158542,158542,0,                       0,158538
26858,158539,0,                       0,158541,158541,0,                       0,158539
26859,158540,0,                       0,158540,158540,0,                       0,158540
26860,158541,0,                       0,158539,158539,0,                       0,158541
26861,158542,0,                       0,158538,158538,0,                       0,158542
26862,158541,0,                       0,158539,158539,0,                       0,158541
26863,158540,0,                       0,158540,158540,0,                       0,158540
26864,158539,0,                       0,158541,158541,0,                       0,158539
26865,158540,0,                       0,158540,158540,0,                       0,158540
26866,158541,0,                       0,158539,158539,0,                       0,158541
26867,158540,0,                       0,158540,158540,0,                       0,158540
26868,158541,0,                       0,158539,158539,0,                       0,158541
26869,158540,0,                       0,158540,158540,0,                       0,158540
26870,158541,0,                       0,158539,158539,0,                       0,158541
26871,158540,0,                       0,158540,158540,0,                       0,158540
26872,158541,0,                       0,158539,158539,0,                       0,158541
26873,158540,0,                       0,158540,158540,0,                       0,158540
26874,158539,0,                       0,158541,158541,0,                       0,158539
26875,158538,0,                       0,158542,158542,0,                       0,158538
26876,158539,0,                       0,158541,158541,0,                       0,158539
26877,158538,0,                       0,158542,158542,0,                       0,158538
26878,158539,0,                       0,158541,158541,0,                       0,158539
26879,158540,0,                       0,158540,158540,0,                       0,158540
26880,158541,0,                       0,158539,158539,0,                       0,158541
26881,158540,0,                       0,158540,158540,0,                       0,158540
26882,158541,0,                       0,158539,158539,0,                       0,158541
26883,158542,0,                       0,158538,158538,0,                       0,158542
26884,158541,0,                       0,158539,158539,0,                       0,158541
26885,158542,0,                       0,158538,158538,0,                       0,158542
26886,158541,0,                       0,158539,158539,0,                       0,158541
26887,158542,0,                       0,158538,158538,0,                       0,158542
26888,158543,0,                       0,158537,158537,0,                       0,158543
26889,158542,0,                       0,158538,158538,0,                       0,158542
26890,158541,0,                       0,158539,158539,0,                       0,158541
26891,158542,0,                       0,158538,158538,0,                       0,158542
26892,158541,0,                       0,158539,158539,0,                       0,158541
26893,158540,0,                       0,158540,158540,0,                       0,158540
26894,158539,0,                       0,158541,158541,0,                       0,158539
26895,158540,0,                       0,158540,158540,0,                       0,158540
26896,158541,0,                       0,158539,158539,0,                       0,158541
26897,158542,0,                       0,158538,158538,0,                       0,158542
26898,158543,0,                       0,158537,158537,0,                       0,158543
26899,158544,0,                       0,158536,158536,0,                       0,158544
26900,158543,0,                       0,158537,158537,0,                       0,158543
26901,158542,0,                       0,158538,158538,0,                       0,158542
26902,158541,0,                       0,158539,158539,0,                       0,158541
26903,158540,0,                       0,158540,158540,0,                       0,158540
26904,158541,0,                       0,158539,158539,0,                       0,158541
26905,158540,0,                       0,158540,158540,0,                       0,158540
26906,158539,0,                       0,158541,158541,0,                       0,158539
26907,158540,0,                       0,158540,158540,0,                       0,158540
26908,158541,0,                       0,158539,158539,0,                       0,158541
26909,158542,0,                       0,158538,158538,0,                       0,158542
26910,158541,0,                       0,158539,158539,0,                       0,158541
26911,158540,0,                       0,158540,158540,0,                       0,158540
26912,158541,0,                       0,158539,158539,0,                       0,158541
26913,158540,0,                       0,158540,158540,0,                       0,158540
26914,158539,0,                       0,158541,158541,0,                       0,158539
26915,158540,0,                       0,158540,158540,0,                       0,158540
26916,158539,0,                       0,158541,158541,0,                       0,158539
26917,158540,0,                       0,158540,158540,0,                       0,158540
26918,158539,0,                       0,158541,158541,0,                       0,158539
26919,158540,0,                       0,158540,158540,0,                       0,158540
26920,158539,0,                       0,158541,158541,0,                       0,158539
26921,158540,0,                       0,158540,158540,0,                       0,158540
26922,158541,0,                       0,158539,158539,0,                       0,158541
26923,158540,0,                       0,158540,158540,0,                       0,158540
26924,158541,0,                       0,158539,158539,0,                       0,158541
26925,158542,0,                       0,158538,158538,0,                       0,158542
26926,158541,0,                       0,158539,158539,0,                       0,158541
26927,158540,0,                       0,158540,158540,0,                       0,158540
26928,158539,0,                       0,158541,158541,0,                       0,158539
26929,158540,0,                       0,158540,158540,0,                       0,158540
26930,158541,0,                       0,158539,158539,0,                       0,158541
26931,158540,0,                       0,158540,158540,0,                       0,158540
26932,158541,0,                       0,158539,158539,0,                       0,158541
26933,158540,0,                       0,158540,158540,0,                       0,158540
26934,158541,0,                       0,158539,158539,0,                       0,158541
26935,158540,0,                       0,158540,158540,0,                       0,158540
26936,158539,0,                       0,158541,158541,0,                       0,158539
26937,158538,0,                       0,158542,158542,0,                       0,158538
26938,158539,0,                       0,158541,158541,0,                       0,158539
26939,158540,0,                       0,158540,158540,0,                       0,158540
26940,158539,0,                       0,158541,158541,0,                       0,158539
26941,158540,0,                       0,158540,158540,0,                       0,158540
26942,158539,0,                       0,158541,158541,0,                       0,158539
26943,158538,0,                       0,158542,158542,0,                       0,158538
26944,158539,0,                       0,158541,158541,0,                       0,158539
26945,158538,0,                       0,158542,158542,0,                       0,158538
26946,158539,0,                       0,158541,158541,0,                       0,158539
26947,158538,0,                       0,158542,158542,0,                       0,158538
26948,158539,0,                       0,158541,158541,0,                       0,158539
26949,158540,0,                       0,158540,158540,0,                       0,158540
26950,158539,0,                       0,158541,158541,0,                       0,158539
26951,158538,0,                       0,158542,158542,0,                       0,158538
26952,158539,0,                       0,158541,158541,0,                       0,158539
26953,158538,0,                       0,158542,158542,0,                       0,158538
26954,158539,0,                       0,158541,158541,0,                       0,158539
26955,158540,0,                       0,158540,158540,0,                       0,158540
26956,158541,0,                       0,158539,158539,0,                       0,158541
26957,158540,0,                       0,158540,158540,0,                       0,158540
26958,158539,0,                       0,158541,158541,0,                       0,158539
26959,158538,0,                       0,158542,158542,0,                       0,158538
26960,158537,0,                       0,158543,158543,0,                       0,158537
26961,158538,0,                       0,158542,158542,0,                       0,158538
26962,158539,0,                       0,158541,158541,0,                       0,158539
26963,158540,0,                       0,158540,158540,0,                       0,158540
26964,158539,0,                       0,158541,158541,0,                       0,158539
26965,158538,0,                       0,158542,158542,0,                       0,158538
26966,158539,0,                       0,158541,158541,0,                       0,158539
26967,158540,0,                       0,158540,158540,0,                       0,158540
26968,158541,0,                       0,158539,158539,0,                       0,158541
26969,158540,0,                       0,158540,158540,0,                       0,158540
26970,158539,0,                       0,158541,158541,0,                       0,158539
26971,158540,0,                       0,158540,158540,0,                       0,158540
26972,158539,0,                       0,158541,158541,0,                       0,158539
26973,158538,0,                       0,158542,158542,0,                       0,158538
26974,158539,0,                       0,158541,158541,0,                       0,158539
26975,158538,0,                       0,158542,158542,0,                       0,158538
26976,158539,0,                       0,158541,158541,0,                       0,158539
26977,158540,0,                       0,158540,158540,0,                       0,158540
26978,158541,0,                       0,158539,158539,0,                       0,158541
26979,158542,0,                       0,158538,158538,0,                       0,158542
26980,158541,0,                       0,158539,158539,0,                       0,158541
26981,158542,0,                       0,158538,158538,0,                       0,158542
26982,158541,0,                       0,158539,158539,0,                       0,158541
26983,158542,0,                       0,158538,158538,0,                       0,158542
26984,158541,0,                       0,158539,158539,0,                       0,158541
26985,158540,0,                       0,158540,158540,0,                       0,158540
26986,158541,0,                       0,158539,158539,0,                       0,158541
26987,158540,0,                       0,158540,158540,0,                       0,158540
26988,158541,0,                       0,158539,158539,0,                       0,158541
26989,158540,0,                       0,158540,158540,0,                       0,158540
26990,158539,0,                       0,158541,158541,0,                       0,158539
26991,158540,0,                       0,158540,158540,0,                       0,158540
26992,158539,0,                       0,158541,158541,0,                       0,158539
26993,158540,0,                       0,158540,158540,0,                       0,158540
26994,158541,0,                       0,158539,158539,0,                       0,158541
26995,158540,0,                       0,158540,158540,0,                       0,158540
26996,158541,0,                       0,158539,158539,0,                       0,158541
26997,158540,0,                       0,158540,158540,0,                       0,158540
26998,158539,0,                       0,158541,158541,0,                       0,158539
26999,158538,0,                       0,158542,158542,0,                       0,158538
27000,158539,0,                       0,158541,158541,0,                       0,158539
27001,158538,0,                       0,158542,158542,0,                       0,158538
27002,158539,0,                       0,158541,158541,0,                       0,158539
27003,158540,0,                       0,158540,158540,0,                       0,158540
27004,158539,0,                       0,158541,158541,0,                       0,158539
27005,158540,0,                       0,158540,158540,0,                       0,158540
27006,158539,0,                       0,158541,158541,0,                       0,158539
27007,158538,0,                       0,158542,158542,0,                       0,158538
27008,158537,0,                       0,158543,158543,0,                       0,158537
27009,158538,0,                       0,158542,158542,0,                       0,158538
27010,158539,0,                       0,158541,158541,0,                       0,158539
27011,158540,0,                       0,158540,158540,0,                       0,158540
27012,158541,0,                       0,158539,158539,0,                       0,158541
27013,158542,0,                       0,158538,158538,0,                       0,158542
27014,158541,0,                       0,158539,158539,0,                       0,158541
27015,158540,0,                       0,158540,158540,0,                       0,158540
27016,158539,0,                       0,158541,158541,0,                       0,158539
27017,158538,0,                       0,158542,158542,0,                       0,158538
27018,158539,0,                       0,158541,158541,0,                       0,158539
27019,158540,0,                       0,158540,158540,0,                       0,158540
27020,158541,0,                       0,158539,158539,0,                       0,158541
27021,158540,0,                       0,158540,158540,0,                       0,158540
27022,158541,0,                       0,158539,158539,0,                       0,158541
27023,158540,0,                       0,158540,158540,0,                       0,158540
27024,158541,0,                       0,158539,158539,0,                       0,158541
27025,158540,0,                       0,158540,158540,0,                       0,158540
27026,158541,0,                       0,158539,158539,0,                       0,158541
27027,158542,0,                       0,158538,158538,0,                       0,158542
27028,158543,0,                       0,158537,158537,0,                       0,158543
27029,158542,0,                       0,158538,158538,0,                       0,158542
27030,158541,0,                       0,158539,158539,0,                       0,158541
27031,158542,0,                       0,158538,158538,0,                       0,158542
27032,158541,0,                       0,158539,158539,0,                       0,158541
27033,158540,0,                       0,158540,158540,0,                       0,158540
27034,158539,0,                       0,158541,158541,0,                       0,158539
27035,158540,0,                       0,158540,158540,0,                       0,158540
27036,158539,0,                       0,158541,158541,0,                       0,158539
27037,158538,0,                       0,158542,158542,0,                       0,158538
27038,158537,0,                       0,158543,158543,0,                       0,158537
27039,158538,0,                       0,158542,158542,0,                       0,158538
27040,158539,0,                       0,158541,158541,0,                       0,158539
27041,158540,0,                       0,158540,158540,0,                       0,158540
27042,158541,0,                       0,158539,158539,0,                       0,158541
27043,158540,0,                       0,158540,158540,0,                       0,158540
27044,158541,0,                       0,158539,158539,0,                       0,158541
27045,158540,0,                       0,158540,158540,0,                       0,158540
27046,158539,0,                       0,158541,158541,0,                       0,158539
27047,158540,0,                       0,158540,158540,0,                       0,158540
27048,158539,0,                       0,158541,158541,0,                       0,158539
27049,158540,0,                       0,158540,158540,0,                       0,158540
27050,158541,0,                       0,158539,158539,0,                       0,158541
27051,158542,0,                       0,158538,158538,0,                       0,158542
27052,158543,0,                       0,158537,158537,0,                       0,158543
27053,158542,0,                       0,158538,158538,0,                       0,158542
27054,158541,0,                       0,158539,158539,0,                       0,158541
27055,158540,0,                       0,158540,158540,0,                       0,158540
27056,158539,0,                       0,158541,158541,0,                       0,158539
27057,158538,0,                       0,158542,158542,0,                       0,158538
27058,158539,0,                       0,158541,158541,0,                       0,158539
27059,158538,0,                       0,158542,158542,0,                       0,158538
27060,158539,0,                       0,158541,158541,0,                       0,158539
27061,158540,0,                       0,158540,158540,0,                       0,158540
27062,158539,0,                       0,158541,158541,0,                       0,158539
27063,158538,0,                       0,158542,158542,0,                       0,158538
27064,158539,0,                       0,158541,158541,0,                       0,158539
27065,158540,0,                       0,158540,158540,0,                       0,158540
27066,158541,0,                       0,158539,158539,0,                       0,158541
27067,158540,0,                       0,158540,158540,0,                       0,158540
27068,158539,0,                       0,158541,158541,0,                       0,158539
27069,158540,0,                       0,158540,158540,0,                       0,158540
27070,158541,0,                       0,158539,158539,0,                       0,158541
27071,158540,0,                       0,158540,158540,0,                       0,158540
27072,158539,0,                       0,158541,158541,0,                       0,158539
27073,158540,0,                       0,158540,158540,0,                       0,158540
27074,158539,0,                       0,158541,158541,0,                       0,158539
27075,158540,0,                       0,158540,158540,0,                       0,158540
27076,158541,0,                       0,158539,158539,0,                       0,158541
27077,158542,0,                       0,158538,158538,0,                       0,158542
27078,158541,0,                       0,158539,158539,0,                       0,158541
27079,158542,0,                       0,158538,158538,0,                       0,158542
27080,158541,0,                       0,158539,158539,0,                       0,158541
27081,158540,0,                       0,158540,158540,0,                       0,158540
27082,158541,0,                       0,158539,158539,0,                       0,158541
27083,158540,0,                       0,158540,158540,0,                       0,158540
27084,158541,0,                       0,158539,158539,0,                       0,158541
27085,158542,0,                       0,158538,158538,0,                       0,158542
27086,158541,0,                       0,158539,158539,0,                       0,158541
27087,158542,0,                       0,158538,158538,0,                       0,158542
27088,158543,0,                       0,158537,158537,0,                       0,158543
27089,158544,0,                       0,158536,158536,0,                       0,158544
27090,158543,0,                       0,158537,158537,0,                       0,158543
27091,158542,0,                       0,158538,158538,0,                       0,158542
27092,158543,0,                       0,158537,158537,0,                       0,158543
27093,158544,0,                       0,158536,158536,0,                       0,158544
27094,158543,0,                       0,158537,158537,0,                       0,158543
27095,158542,0,                       0,158538,158538,0,                       0,158542
27096,158541,0,                       0,158539,158539,0,                       0,158541
27097,158540,0,                       0,158540,158540,0,                       0,158540
27098,158541,0,                       0,158539,158539,0,                       0,158541
27099,158540,0,                       0,158540,158540,0,                       0,158540
27100,158541,0,                       0,158539,158539,0,                       0,158541
27101,158540,0,                       0,158540,158540,0,                       0,158540
27102,158541,0,                       0,158539,158539,0,                       0,158541
27103,158540,0,                       0,158540,158540,0,                       0,158540
27104,158541,0,                       0,158539,158539,0,                       0,158541
27105,158540,0,                       0,158540,158540,0,                       0,158540
27106,158541,0,                       0,158539,158539,0,                       0,158541
27107,158542,0,                       0,158538,158538,0,                       0,158542
27108,158541,0,                       0,158539,158539,0,                       0,158541
27109,158542,0,                       0,158538,158538,0,                       0,158542
27110,158543,0,                       0,158537,158537,0,                       0,158543
27111,158542,0,                       0,158538,158538,0,                       0,158542
27112,158541,0,                       0,158539,158539,0,                       0,158541
27113,158540,0,                       0,158540,158540,0,                       0,158540
27114,158541,0,                       0,158539,158539,0,                       0,158541
27115,158540,0,                       0,158540,158540,0,                       0,158540
27116,158539,0,                       0,158541,158541,0,                       0,158539
27117,158540,0,                       0,158540,158540,0,                       0,158540
27118,158539,0,                       0,158541,158541,0,                       0,158539
27119,158540,0,                       0,158540,158540,0,                       0,158540
27120,158541,0,                       0,158539,158539,0,                       0,158541
27121,158540,0,                       0,158540,158540,0,                       0,158540
27122,158539,0,                       0,158541,158541,0,                       0,158539
27123,158540,0,                       0,158540,158540,0,                       0,158540
27124,158541,0,                       0,158539,158539,0,                       0,158541
27125,158540,0,                       0,158540,158540,0,                       0,158540
27126,158541,0,                       0,158539,158539,0,                       0,158541
27127,158540,0,                       0,158540,158540,0,                       0,158540
27128,158541,0,                       0,158539,158539,0,                       0,158541
27129,158540,0,                       0,158540,158540,0,                       0,158540
27130,158539,0,                       0,158541,158541,0,                       0,158539
27131,158540,0,                       0,158540,158540,0,                       0,158540
27132,158541,0,                       0,158539,158539,0,                       0,158541
27133,158542,0,                       0,158538,158538,0,                       0,158542
27134,158541,0,                       0,158539,158539,0,                       0,158541
27135,158542,0,                       0,158538,158538,0,                       0,158542
27136,158543,0,                       0,158537,158537,0,                       0,158543
27137,158542,0,                       0,158538,158538,0,                       0,158542
27138,158541,0,                       0,158539,158539,0,                       0,158541
27139,158540,0,                       0,158540,158540,0,                       0,158540
27140,158539,0,                       0,158541,158541,0,                       0,158539
27141,158540,0,                       0,158540,158540,0,                       0,158540
27142,158541,0,                       0,158539,158539,0,                       0,158541
27143,158542,0,                       0,158538,158538,0,                       0,158542
27144,158541,0,                       0,158539,158539,0,                       0,158541
27145,158540,0,                       0,158540,158540,0,                       0,158540
27146,158541,0,                       0,158539,158539,0,                       0,158541
27147,158542,0,                       0,158538,158538,0,                       0,158542
27148,158541,0,                       0,158539,158539,0,                       0,158541
27149,158540,0,                       0,158540,158540,0,                       0,158540
27150,158539,0,                       0,158541,158541,0,                       0,158539
27151,158538,0,                       0,158542,158542,0,                       0,158538
27152,158539,0,                       0,158541,158541,0,                       0,158539
27153,158538,0,                       0,158542,158542,0,                       0,158538
27154,158539,0,                       0,158541,158541,0,                       0,158539
27155,158538,0,                       0,158542,158542,0,                       0,158538
27156,158539,0,                       0,158541,158541,0,                       0,158539
27157,158540,0,                       0,158540,158540,0,                       0,158540
27158,158539,0,                       0,158541,158541,0,                       0,158539
27159,158540,0,                       0,158540,158540,0,                       0,158540
27160,158539,0,                       0,158541,158541,0,                       0,158539
27161,158538,0,                       0,158542,158542,0,                       0,158538
27162,158537,0,                       0,158543,158543,0,                       0,158537
27163,158538,0,                       0,158542,158542,0,                       0,158538
27164,158539,0,                       0,158541,158541,0,                       0,158539
27165,158540,0,                       0,158540,158540,0,                       0,158540
27166,158541,0,                       0,158539,158539,0,                       0,158541
27167,158542,0,                       0,158538,158538,0,                       0,158542
27168,158541,0,                       0,158539,158539,0,                       0,158541
27169,158542,0,                       0,158538,158538,0,                       0,158542
27170,158541,0,                       0,158539,158539,0,                       0,158541
27171,158540,0,                       0,158540,158540,0,                       0,158540
27172,158541,0,                       0,158539,158539,0,                       0,158541
27173,158540,0,                       0,158540,158540,0,                       0,158540
27174,158541,0,                       0,158539,158539,0,                       0,158541
27175,158540,0,                       0,158540,158540,0,                       0,158540
27176,158539,0,                       0,158541,158541,0,                       0,158539
27177,158540,0,                       0,158540,158540,0,                       0,158540
27178,158541,0,                       0,158539,158539,0,                       0,158541
27179,158540,0,                       0,158540,158540,0,                       0,158540
27180,158541,0,                       0,158539,158539,0,                       0,158541
27181,158542,0,                       0,158538,158538,0,                       0,158542
27182,158541,0,                       0,158539,158539,0,                       0,158541
27183,158540,0,                       0,158540,158540,0,                       0,158540
27184,158541,0,                       0,158539,158539,0,                       0,158541
27185,158540,0,                       0,158540,158540,0,                       0,158540
27186,158541,0,                       0,158539,158539,0,                       0,158541
27187,158542,0,                       0,158538,158538,0,                       0,158542
27188,158541,0,                       0,158539,158539,0,                       0,158541
27189,158540,0,                       0,158540,158540,0,                       0,158540
27190,158541,0,                       0,158539,158539,0,                       0,158541
27191,158542,0,                       0,158538,158538,0,                       0,158542
27192,158541,0,                       0,158539,158539,0,                       0,158541
27193,158540,0,                       0,158540,158540,0,                       0,158540
27194,158539,0,                       0,158541,158541,0,                       0,158539
27195,158538,0,                       0,158542,158542,0,                       0,158538
27196,158539,0,                       0,158541,158541,0,                       0,158539
27197,158540,0,                       0,158540,158540,0,                       0,158540
27198,158541,0,                       0,158539,158539,0,                       0,158541
27199,158540,0,                       0,158540,158540,0,                       0,158540
27200,158541,0,                       0,158539,158539,0,                       0,158541
27201,158542,0,                       0,158538,158538,0,                       0,158542
27202,158541,0,                       0,158539,158539,0,                       0,158541
27203,158540,0,                       0,158540,158540,0,                       0,158540
27204,158539,0,                       0,158541,158541,0,                       0,158539
27205,158540,0,                       0,158540,158540,0,                       0,158540
27206,158541,0,                       0,158539,158539,0,                       0,158541
27207,158540,0,                       0,158540,158540,0,                       0,158540
27208,158539,0,                       0,158541,158541,0,                       0,158539
27209,158540,0,                       0,158540,158540,0,                       0,158540
27210,158541,0,                       0,158539,158539,0,                       0,158541
27211,158542,0,                       0,158538,158538,0,                       0,158542
27212,158541,0,                       0,158539,158539,0,                       0,158541
27213,158540,0,                       0,158540,158540,0,                       0,158540
27214,158539,0,                       0,158541,158541,0,                       0,158539
27215,158538,0,                       0,158542,158542,0,                       0,158538
27216,158537,0,                       0,158543,158543,0,                       0,158537
27217,158538,0,                       0,158542,158542,0,                       0,158538
27218,158539,0,                       0,158541,158541,0,                       0,158539
27219,158540,0,                       0,158540,158540,0,                       0,158540
27220,158539,0,                       0,158541,158541,0,                       0,158539
27221,158540,0,                       0,158540,158540,0,                       0,158540
27222,158541,0,                       0,158539,158539,0,                       0,158541
27223,158542,0,                       0,158538,158538,0,                       0,158542
27224,158541,0,                       0,158539,158539,0,                       0,158541
27225,158540,0,                       0,158540,158540,0,                       0,158540
27226,158541,0,                       0,158539,158539,0,                       0,158541
27227,158540,0,                       0,158540,158540,0,                       0,158540
27228,158541,0,                       0,158539,158539,0,                       0,158541
27229,158540,0,                       0,158540,158540,0,                       0,158540
27230,158541,0,                       0,158539,158539,0,                       0,158541
27231,158540,0,                       0,158540,158540,0,                       0,158540
27232,158539,0,                       0,158541,158541,0,                       0,158539
27233,158538,0,                       0,158542,158542,0,                       0,158538
27234,158537,0,                       0,158543,158543,0,                       0,158537
27235,158538,0,                       0,158542,158542,0,                       0,158538
27236,158537,0,                       0,158543,158543,0,                       0,158537
27237,158538,0,                       0,158542,158542,0,                       0,158538
27238,158539,0,                       0,158541,158541,0,                       0,158539
27239,158540,0,                       0,158540,158540,0,                       0,158540
27240,158541,0,                       0,158539,158539,0,                       0,158541
27241,158542,0,                       0,158538,158538,0,                       0,158542
27242,158541,0,                       0,158539,158539,0,                       0,158541
27243,158542,0,                       0,158538,158538,0,                       0,158542
27244,158541,0,                       0,158539,158539,0,                       0,158541
27245,158542,0,                       0,158538,158538,0,                       0,158542
27246,158541,0,                       0,158539,158539,0,                       0,158541
27247,158542,0,                       0,158538,158538,0,                       0,158542
27248,158541,0,                       0,158539,158539,0,                       0,158541
27249,158540,0,                       0,158540,158540,0,                       0,158540
27250,158541,0,                       0,158539,158539,0,                       0,158541
27251,158540,0,                       0,158540,158540,0,                       0,158540
27252,158541,0,                       0,158539,158539,0,                       0,158541
27253,158540,0,                       0,158540,158540,0,                       0,158540
27254,158541,0,                       0,158539,158539,0,                       0,158541
27255,158540,0,                       0,158540,158540,0,                       0,158540
27256,158541,0,                       0,158539,158539,0,                       0,158541
27257,158540,0,                       0,158540,158540,0,                       0,158540
27258,158541,0,                       0,158539,158539,0,                       0,158541
27259,158542,0,                       0,158538,158538,0,                       0,158542
27260,158541,0,                       0,158539,158539,0,                       0,158541
27261,158542,0,                       0,158538,158538,0,                       0,158542
27262,158543,0,                       0,158537,158537,0,                       0,158543
27263,158542,0,                       0,158538,158538,0,                       0,158542
27264,158541,0,                       0,158539,158539,0,                       0,158541
27265,158542,0,                       0,158538,158538,0,                       0,158542
27266,158541,0,                       0,158539,158539,0,                       0,158541
27267,158540,0,                       0,158540,158540,0,                       0,158540
27268,158541,0,                       0,158539,158539,0,                       0,158541
27269,158542,0,                       0,158538,158538,0,                       0,158542
27270,158541,0,                       0,158539,158539,0,                       0,158541
27271,158540,0,                       0,158540,158540,0,                       0,158540
27272,158541,0,                       0,158539,158539,0,                       0,158541
27273,158542,0,                       0,158538,158538,0,                       0,158542
27274,158541,0,                       0,158539,158539,0,                       0,158541
27275,158540,0,                       0,158540,158540,0,                       0,158540
27276,158539,0,                       0,158541,158541,0,                       0,158539
27277,158540,0,                       0,158540,158540,0,                       0,158540
27278,158541,0,                       0,158539,158539,0,                       0,158541
27279,158540,0,                       0,158540,158540,0,                       0,158540
27280,158541,0,                       0,158539,158539,0,                       0,158541
27281,158542,0,                       0,158538,158538,0,                       0,158542
27282,158543,0,                       0,158537,158537,0,                       0,158543
27283,158542,0,                       0,158538,158538,0,                       0,158542
27284,158543,0,                       0,158537,158537,0,                       0,158543
27285,158542,0,                       0,158538,158538,0,                       0,158542
27286,158541,0,                       0,158539,158539,0,                       0,158541
27287,158540,0,                       0,158540,158540,0,                       0,158540
27288,158539,0,                       0,158541,158541,0,                       0,158539
27289,158540,0,                       0,158540,158540,0,                       0,158540
27290,158539,0,                       0,158541,158541,0,                       0,158539
27291,158538,0,                       0,158542,158542,0,                       0,158538
27292,158539,0,                       0,158541,158541,0,                       0,158539
27293,158540,0,                       0,158540,158540,0,                       0,158540
27294,158539,0,                       0,158541,158541,0,                       0,158539
27295,158540,0,                       0,158540,158540,0,                       0,158540
27296,158539,0,                       0,158541,158541,0,                       0,158539
27297,158538,0,                       0,158542,158542,0,                       0,158538
27298,158539,0,                       0,158541,158541,0,                       0,158539
27299,158540,0,                       0,158540,158540,0,                       0,158540
27300,158541,0,                       0,158539,158539,0,                       0,158541
27301,158542,0,                       0,158538,158538,0,                       0,158542
27302,158541,0,                       0,158539,158539,0,                       0,158541
27303,158542,0,                       0,158538,158538,0,                       0,158542
27304,158541,0,                       0,158539,158539,0,                       0,158541
27305,158540,0,                       0,158540,158540,0,                       0,158540
27306,158539,0,                       0,158541,158541,0,                       0,158539
27307,158540,0,                       0,158540,158540,0,                       0,158540
27308,158539,0,                       0,158541,158541,0,                       0,158539
27309,158540,0,                       0,158540,158540,0,                       0,158540
27310,158539,0,                       0,158541,158541,0,                       0,158539
27311,158538,0,                       0,158542,158542,0,                       0,158538
27312,158537,0,                       0,158543,158543,0,                       0,158537
27313,158538,0,                       0,158542,158542,0,                       0,158538
27314,158537,0,                       0,158543,158543,0,                       0,158537
27315,158538,0,                       0,158542,158542,0,                       0,158538
27316,158539,0,                       0,158541,158541,0,                       0,158539
27317,158540,0,                       0,158540,158540,0,                       0,158540
27318,158541,0,                       0,158539,158539,0,                       0,158541
27319,158542,0,                       0,158538,158538,0,                       0,158542
27320,158541,0,                       0,158539,158539,0,                       0,158541
27321,158540,0,                       0,158540,158540,0,                       0,158540
27322,158539,0,                       0,158541,158541,0,                       0,158539
27323,158540,0,                       0,158540,158540,0,                       0,158540
27324,158539,0,                       0,158541,158541,0,                       0,158539
27325,158540,0,                       0,158540,158540,0,                       0,158540
27326,158541,0,                       0,158539,158539,0,                       0,158541
27327,158542,0,                       0,158538,158538,0,                       0,158542
27328,158543,0,                       0,158537,158537,0,                       0,158543
27329,158542,0,                       0,158538,158538,0,                       0,158542
27330,158541,0,                       0,158539,158539,0,                       0,158541
27331,158540,0,                       0,158540,158540,0,                       0,158540
27332,158541,0,                       0,158539,158539,0,                       0,158541
27333,158540,0,                       0,158540,158540,0,                       0,158540
27334,158541,0,                       0,158539,158539,0,                       0,158541
27335,158540,0,                       0,158540,158540,0,                       0,158540
27336,158541,0,                       0,158539,158539,0,                       0,158541
27337,158540,0,                       0,158540,158540,0,                       0,158540
27338,158539,0,                       0,158541,158541,0,                       0,158539
27339,158538,0,                       0,158542,158542,0,                       0,158538
27340,158539,0,                       0,158541,158541,0,                       0,158539
27341,158540,0,                       0,158540,158540,0,                       0,158540
27342,158539,0,                       0,158541,158541,0,                       0,158539
27343,158540,0,                       0,158540,158540,0,                       0,158540
27344,158541,0,                       0,158539,158539,0,                       0,158541
27345,158542,0,                       0,158538,158538,0,                       0,158542
27346,158541,0,                       0,158539,158539,0,                       0,158541
27347,158540,0,                       0,158540,158540,0,                       0,158540
27348,158541,0,                       0,158539,158539,0,                       0,158541
27349,158542,0,                       0,158538,158538,0,                       0,158542
27350,158541,0,                       0,158539,158539,0,                       0,158541
27351,158540,0,                       0,158540,158540,0,                       0,158540
27352,158541,0,                       0,158539,158539,0,                       0,158541
27353,158542,0,                       0,158538,158538,0,                       0,158542
27354,158541,0,                       0,158539,158539,0,                       0,158541
27355,158540,0,                       0,158540,158540,0,                       0,158540
27356,158539,0,                       0,158541,158541,0,                       0,158539
27357,158540,0,                       0,158540,158540,0,                       0,158540
27358,158541,0,                       0,158539,158539,0,                       0,158541
27359,158540,0,                       0,158540,158540,0,                       0,158540
27360,158539,0,                       0,158541,158541,0,                       0,158539
27361,158540,0,                       0,158540,158540,0,                       0,158540
27362,158541,0,                       0,158539,158539,0,                       0,158541
27363,158542,0,                       0,158538,158538,0,                       0,158542
27364,158541,0,                       0,158539,158539,0,                       0,158541
27365,158542,0,                       0,158538,158538,0,                       0,158542
27366,158541,0,                       0,158539,158539,0,                       0,158541
27367,158542,0,                       0,158538,158538,0,                       0,158542
27368,158541,0,                       0,158539,158539,0,                       0,158541
27369,158540,0,                       0,158540,158540,0,                       0,158540
27370,158541,0,                       0,158539,158539,0,                       0,158541
27371,158542,0,                       0,158538,158538,0,                       0,158542
27372,158541,0,                       0,158539,158539,0,                       0,158541
27373,158540,0,                       0,158540,158540,0,                       0,158540
27374,158539,0,                       0,158541,158541,0,                       0,158539
27375,158538,0,                       0,158542,158542,0,                       0,158538
27376,158537,0,                       0,158543,158543,0,                       0,158537
27377,158538,0,                       0,158542,158542,0,                       0,158538
27378,158539,0,                       0,158541,158541,0,                       0,158539
27379,158540,0,                       0,158540,158540,0,                       0,158540
27380,158539,0,                       0,158541,158541,0,                       0,158539
27381,158540,0,                       0,158540,158540,0,                       0,158540
27382,158541,0,                       0,158539,158539,0,                       0,158541
27383,158542,0,                       0,158538,158538,0,                       0,158542
27384,158541,0,                       0,158539,158539,0,                       0,158541
27385,158540,0,                       0,158540,158540,0,                       0,158540
27386,158539,0,                       0,158541,158541,0,                       0,158539
27387,158540,0,                       0,158540,158540,0,                       0,158540
27388,158541,0,                       0,158539,158539,0,                       0,158541
27389,158540,0,                       0,158540,158540,0,                       0,158540
27390,158539,0,                       0,158541,158541,0,                       0,158539
27391,158538,0,                       0,158542,158542,0,                       0,158538
27392,158539,0,                       0,158541,158541,0,                       0,158539
27393,158540,0,                       0,158540,158540,0,                       0,158540
27394,158541,0,                       0,158539,158539,0,                       0,158541
27395,158540,0,                       0,158540,158540,0,                       0,158540
27396,158539,0,                       0,158541,158541,0,                       0,158539
27397,158540,0,                       0,158540,158540,0,                       0,158540
27398,158539,0,                       0,158541,158541,0,                       0,158539
27399,158540,0,                       0,158540,158540,0,                       0,158540
27400,158541,0,                       0,158539,158539,0,                       0,158541
27401,158542,0,                       0,158538,158538,0,                       0,158542
27402,158541,0,                       0,158539,158539,0,                       0,158541
27403,158540,0,                       0,158540,158540,0,                       0,158540
27404,158539,0,                       0,158541,158541,0,                       0,158539
27405,158538,0,                       0,158542,158542,0,                       0,158538
27406,158539,0,                       0,158541,158541,0,                       0,158539
27407,158538,0,                       0,158542,158542,0,                       0,158538
27408,158539,0,                       0,158541,158541,0,                       0,158539
27409,158540,0,                       0,158540,158540,0,                       0,158540
27410,158539,0,                       0,158541,158541,0,                       0,158539
27411,158540,0,                       0,158540,158540,0,                       0,158540
27412,158539,0,                       0,158541,158541,0,                       0,158539
27413,158540,0,                       0,158540,158540,0,                       0,158540
27414,158541,0,                       0,158539,158539,0,                       0,158541
27415,158540,0,                       0,158540,158540,0,                       0,158540
27416,158541,0,                       0,158539,158539,0,                       0,158541
27417,158542,0,                       0,158538,158538,0,                       0,158542
27418,158541,0,                       0,158539,158539,0,                       0,158541
27419,158542,0,                       0,158538,158538,0,                       0,158542
27420,158541,0,                       0,158539,158539,0,                       0,158541
27421,158542,0,                       0,158538,158538,0,                       0,158542
27422,158541,0,                       0,158539,158539,0,                       0,158541
27423,158542,0,                       0,158538,158538,0,                       0,158542
27424,158541,0,                       0,158539,158539,0,                       0,158541
27425,158540,0,                       0,158540,158540,0,                       0,158540
27426,158541,0,                       0,158539,158539,0,                       0,158541
27427,158540,0,                       0,158540,158540,0,                       0,158540
27428,158541,0,                       0,158539,158539,0,                       0,158541
27429,158542,0,                       0,158538,158538,0,                       0,158542
27430,158541,0,                       0,158539,158539,0,                       0,158541
27431,158542,0,                       0,158538,158538,0,                       0,158542
27432,158541,0,                       0,158539,158539,0,                       0,158541
27433,158540,0,                       0,158540,158540,0,                       0,158540
27434,158541,0,                       0,158539,158539,0,                       0,158541
27435,158540,0,                       0,158540,158540,0,                       0,158540
27436,158541,0,                       0,158539,158539,0,                       0,158541
27437,158542,0,                       0,158538,158538,0,                       0,158542
27438,158541,0,                       0,158539,158539,0,                       0,158541
27439,158542,0,                       0,158538,158538,0,                       0,158542
27440,158541,0,                       0,158539,158539,0,                       0,158541
27441,158542,0,                       0,158538,158538,0,                       0,158542
27442,158543,0,                       0,158537,158537,0,                       0,158543
27443,158544,0,                       0,158536,158536,0,                       0,158544
27444,158543,0,                       0,158537,158537,0,                       0,158543
27445,158542,0,                       0,158538,158538,0,                       0,158542
27446,158541,0,                       0,158539,158539,0,                       0,158541
27447,158540,0,                       0,158540,158540,0,                       0,158540
27448,158541,0,                       0,158539,158539,0,                       0,158541
27449,158540,0,                       0,158540,158540,0,                       0,158540
27450,158541,0,                       0,158539,158539,0,                       0,158541
27451,158542,0,                       0,158538,158538,0,                       0,158542
27452,158541,0,                       0,158539,158539,0,                       0,158541
27453,158540,0,                       0,158540,158540,0,                       0,158540
27454,158541,0,                       0,158539,158539,0,                       0,158541
27455,158540,0,                       0,158540,158540,0,                       0,158540
27456,158541,0,                       0,158539,158539,0,                       0,158541
27457,158542,0,                       0,158538,158538,0,                       0,158542
27458,158541,0,                       0,158539,158539,0,                       0,158541
27459,158540,0,                       0,158540,158540,0,                       0,158540
27460,158541,0,                       0,158539,158539,0,                       0,158541
27461,158540,0,                       0,158540,158540,0,                       0,158540
27462,158541,0,                       0,158539,158539,0,                       0,158541
27463,158542,0,                       0,158538,158538,0,                       0,158542
27464,158541,0,                       0,158539,158539,0,                       0,158541
27465,158542,0,                       0,158538,158538,0,                       0,158542
27466,158541,0,                       0,158539,158539,0,                       0,158541
27467,158542,0,                       0,158538,158538,0,                       0,158542
27468,158541,0,                       0,158539,158539,0,                       0,158541
27469,158540,0,                       0,158540,158540,0,                       0,158540
27470,158541,0,                       0,158539,158539,0,                       0,158541
27471,158542,0,                       0,158538,158538,0,                       0,158542
27472,158541,0,                       0,158539,158539,0,                       0,158541
27473,158542,0,                       0,158538,158538,0,                       0,158542
27474,158543,0,                       0,158537,158537,0,                       0,158543
27475,158542,0,                       0,158538,158538,0,                       0,158542
27476,158541,0,                       0,158539,158539,0,                       0,158541
27477,158542,0,                       0,158538,158538,0,                       0,158542
27478,158541,0,                       0,158539,158539,0,                       0,158541
27479,158542,0,                       0,158538,158538,0,                       0,158542
27480,158541,0,                       0,158539,158539,0,                       0,158541
27481,158540,0,                       0,158540,158540,0,                       0,158540
27482,158539,0,                       0,158541,158541,0,                       0,158539
27483,158540,0,                       0,158540,158540,0,                       0,158540
27484,158539,0,                       0,158541,158541,0,                       0,158539
27485,158540,0,                       0,158540,158540,0,                       0,158540
27486,158539,0,                       0,158541,158541,0,                       0,158539
27487,158538,0,                       0,158542,158542,0,                       0,158538
27488,158539,0,                       0,158541,158541,0,                       0,158539
27489,158538,0,                       0,158542,158542,0,                       0,158538
27490,158539,0,                       0,158541,158541,0,                       0,158539
27491,158540,0,                       0,158540,158540,0,                       0,158540
27492,158539,0,                       0,158541,158541,0,                       0,158539
27493,158540,0,                       0,158540,158540,0,                       0,158540
27494,158539,0,                       0,158541,158541,0,                       0,158539
27495,158540,0,                       0,158540,158540,0,                       0,158540
27496,158539,0,                       0,158541,158541,0,                       0,158539
27497,158540,0,                       0,158540,158540,0,                       0,158540
27498,158541,0,                       0,158539,158539,0,                       0,158541
27499,158542,0,                       0,158538,158538,0,                       0,158542
27500,158541,0,                       0,158539,158539,0,                       0,158541
27501,158540,0,                       0,158540,158540,0,                       0,158540
27502,158539,0,                       0,158541,158541,0,                       0,158539
27503,158540,0,                       0,158540,158540,0,                       0,158540
27504,158541,0,                       0,158539,158539,0,                       0,158541
27505,158540,0,                       0,158540,158540,0,                       0,158540
27506,158541,0,                       0,158539,158539,0,                       0,158541
27507,158540,0,                       0,158540,158540,0,                       0,158540
27508,158539,0,                       0,158541,158541,0,                       0,158539
27509,158538,0,                       0,158542,158542,0,                       0,158538
27510,158539,0,                       0,158541,158541,0,                       0,158539
27511,158538,0,                       0,158542,158542,0,                       0,158538
27512,158539,0,                       0,158541,158541,0,                       0,158539
27513,158538,0,                       0,158542,158542,0,                       0,158538
27514,158539,0,                       0,158541,158541,0,                       0,158539
27515,158538,0,                       0,158542,158542,0,                       0,158538
27516,158539,0,                       0,158541,158541,0,                       0,158539
27517,158540,0,                       0,158540,158540,0,                       0,158540
27518,158539,0,                       0,158541,158541,0,                       0,158539
27519,158540,0,                       0,158540,158540,0,                       0,158540
27520,158539,0,                       0,158541,158541,0,                       0,158539
27521,158540,0,                       0,158540,158540,0,                       0,158540
27522,158539,0,                       0,158541,158541,0,                       0,158539
27523,158540,0,                       0,158540,158540,0,                       0,158540
27524,158539,0,                       0,158541,158541,0,                       0,158539
27525,158540,0,                       0,158540,158540,0,                       0,158540
27526,158539,0,                       0,158541,158541,0,                       0,158539
27527,158540,0,                       0,158540,158540,0,                       0,158540
27528,158541,0,                       0,158539,158539,0,                       0,158541
27529,158540,0,                       0,158540,158540,0,                       0,158540
27530,158539,0,                       0,158541,158541,0,                       0,158539
27531,158540,0,                       0,158540,158540,0,                       0,158540
27532,158541,0,                       0,158539,158539,0,                       0,158541
27533,158540,0,                       0,158540,158540,0,                       0,158540
27534,158539,0,                       0,158541,158541,0,                       0,158539
27535,158540,0,                       0,158540,158540,0,                       0,158540
27536,158539,0,                       0,158541,158541,0,                       0,158539
27537,158540,0,                       0,158540,158540,0,                       0,158540
27538,158541,0,                       0,158539,158539,0,                       0,158541
27539,158542,0,                       0,158538,158538,0,                       0,158542
27540,158541,0,                       0,158539,158539,0,                       0,158541
27541,158540,0,                       0,158540,158540,0,                       0,158540
27542,158541,0,                       0,158539,158539,0,                       0,158541
27543,158542,0,                       0,158538,158538,0,                       0,158542
27544,158543,0,                       0,158537,158537,0,                       0,158543
27545,158542,0,                       0,158538,158538,0,                       0,158542
27546,158541,0,                       0,158539,158539,0,                       0,158541
27547,158542,0,                       0,158538,158538,0,                       0,158542
27548,158543,0,                       0,158537,158537,0,                       0,158543
27549,158542,0,                       0,158538,158538,0,                       0,158542
27550,158541,0,                       0,158539,158539,0,                       0,158541
27551,158542,0,                       0,158538,158538,0,                       0,158542
27552,158541,0,                       0,158539,158539,0,                       0,158541
27553,158542,0,                       0,158538,158538,0,                       0,158542
27554,158541,0,                       0,158539,158539,0,                       0,158541
27555,158542,0,                       0,158538,158538,0,                       0,158542
27556,158541,0,                       0,158539,158539,0,                       0,158541
27557,158540,0,                       0,158540,158540,0,                       0,158540
27558,158539,0,                       0,158541,158541,0,                       0,158539
27559,158538,0,                       0,158542,158542,0,                       0,158538
27560,158539,0,                       0,158541,158541,0,                       0,158539
27561,158538,0,                       0,158542,158542,0,                       0,158538
27562,158539,0,                       0,158541,158541,0,                       0,158539
27563,158540,0,                       0,158540,158540,0,                       0,158540
27564,158541,0,                       0,158539,158539,0,                       0,158541
27565,158540,0,                       0,158540,158540,0,                       0,158540
27566,158539,0,                       0,158541,158541,0,                       0,158539
27567,158538,0,                       0,158542,158542,0,                       0,158538
27568,158539,0,                       0,158541,158541,0,                       0,158539
27569,158540,0,                       0,158540,158540,0,                       0,158540
27570,158541,0,                       0,158539,158539,0,                       0,158541
27571,158542,0,                       0,158538,158538,0,                       0,158542
27572,158543,0,                       0,158537,158537,0,                       0,158543
27573,158542,0,                       0,158538,158538,0,                       0,158542
27574,158541,0,                       0,158539,158539,0,                       0,158541
27575,158542,0,                       0,158538,158538,0,                       0,158542
27576,158541,0,                       0,158539,158539,0,                       0,158541
27577,158540,0,                       0,158540,158540,0,                       0,158540
27578,158539,0,                       0,158541,158541,0,                       0,158539
27579,158538,0,                       0,158542,158542,0,                       0,158538
27580,158539,0,                       0,158541,158541,0,                       0,158539
27581,158538,0,                       0,158542,158542,0,                       0,158538
27582,158539,0,                       0,158541,158541,0,                       0,158539
27583,158538,0,                       0,158542,158542,0,                       0,158538
27584,158539,0,                       0,158541,158541,0,                       0,158539
27585,158540,0,                       0,158540,158540,0,                       0,158540
27586,158539,0,                       0,158541,158541,0,                       0,158539
27587,158538,0,                       0,158542,158542,0,                       0,158538
27588,158539,0,                       0,158541,158541,0,                       0,158539
27589,158540,0,                       0,158540,158540,0,                       0,158540
27590,158541,0,                       0,158539,158539,0,                       0,158541
27591,158540,0,                       0,158540,158540,0,                       0,158540
27592,158539,0,                       0,158541,158541,0,                       0,158539
27593,158540,0,                       0,158540,158540,0,                       0,158540
27594,158539,0,                       0,158541,158541,0,                       0,158539
27595,158540,0,                       0,158540,158540,0,                       0,158540
27596,158541,0,                       0,158539,158539,0,                       0,158541
27597,158540,0,                       0,158540,158540,0,                       0,158540
27598,158541,0,                       0,158539,158539,0,                       0,158541
27599,158540,0,                       0,158540,158540,0,                       0,158540
27600,158541,0,                       0,158539,158539,0,                       0,158541
27601,158540,0,                       0,158540,158540,0,                       0,158540
27602,158541,0,                       0,158539,158539,0,                       0,158541
27603,158542,0,                       0,158538,158538,0,                       0,158542
27604,158541,0,                       0,158539,158539,0,                       0,158541
27605,158540,0,                       0,158540,158540,0,                       0,158540
27606,158541,0,                       0,158539,158539,0,                       0,158541
27607,158540,0,                       0,158540,158540,0,                       0,158540
27608,158541,0,                       0,158539,158539,0,                       0,158541
27609,158540,0,                       0,158540,158540,0,                       0,158540
27610,158541,0,                       0,158539,158539,0,                       0,158541
27611,158540,0,                       0,158540,158540,0,                       0,158540
27612,158539,0,                       0,158541,158541,0,                       0,158539
27613,158538,0,                       0,158542,158542,0,                       0,158538
27614,158539,0,                       0,158541,158541,0,                       0,158539
27615,158540,0,                       0,158540,158540,0,                       0,158540
27616,158541,0,                       0,158539,158539,0,                       0,158541
27617,158540,0,                       0,158540,158540,0,                       0,158540
27618,158539,0,                       0,158541,158541,0,                       0,158539
27619,158540,0,                       0,158540,158540,0,                       0,158540
27620,158541,0,                       0,158539,158539,0,                       0,158541
27621,158540,0,                       0,158540,158540,0,                       0,158540
27622,158539,0,                       0,158541,158541,0,                       0,158539
27623,158540,0,                       0,158540,158540,0,                       0,158540
27624,158541,0,                       0,158539,158539,0,                       0,158541
27625,158542,0,                       0,158538,158538,0,                       0,158542
27626,158541,0,                       0,158539,158539,0,                       0,158541
27627,158540,0,                       0,158540,158540,0,                       0,158540
27628,158541,0,                       0,158539,158539,0,                       0,158541
27629,158540,0,                       0,158540,158540,0,                       0,158540
27630,158541,0,                       0,158539,158539,0,                       0,158541
27631,158542,0,                       0,158538,158538,0,                       0,158542
27632,158541,0,                       0,158539,158539,0,                       0,158541
27633,158540,0,                       0,158540,158540,0,                       0,158540
27634,158539,0,                       0,158541,158541,0,                       0,158539
27635,158540,0,                       0,158540,158540,0,                       0,158540
27636,158541,0,                       0,158539,158539,0,                       0,158541
27637,158542,0,                       0,158538,158538,0,                       0,158542
27638,158541,0,                       0,158539,158539,0,                       0,158541
27639,158540,0,                       0,158540,158540,0,                       0,158540
27640,158541,0,                       0,158539,158539,0,                       0,158541
27641,158542,0,                       0,158538,158538,0,                       0,158542
27642,158543,0,                       0,158537,158537,0,                       0,158543
27643,158542,0,                       0,158538,158538,0,                       0,158542
27644,158541,0,                       0,158539,158539,0,                       0,158541
27645,158540,0,                       0,158540,158540,0,                       0,158540
27646,158539,0,                       0,158541,158541,0,                       0,158539
27647,158540,0,                       0,158540,158540,0,                       0,158540
27648,158539,0,                       0,158541,158541,0,                       0,158539
27649,158540,0,                       0,158540,158540,0,                       0,158540
27650,158541,0,                       0,158539,158539,0,                       0,158541
27651,158542,0,                       0,158538,158538,0,                       0,158542
27652,158541,0,                       0,158539,158539,0,                       0,158541
27653,158542,0,                       0,158538,158538,0,                       0,158542
27654,158541,0,                       0,158539,158539,0,                       0,158541
27655,158542,0,                       0,158538,158538,0,                       0,158542
27656,158541,0,                       0,158539,158539,0,                       0,158541
27657,158542,0,                       0,158538,158538,0,                       0,158542
27658,158541,0,                       0,158539,158539,0,                       0,158541
27659,158540,0,                       0,158540,158540,0,                       0,158540
27660,158539,0,                       0,158541,158541,0,                       0,158539
27661,158540,0,                       0,158540,158540,0,                       0,158540
27662,158539,0,                       0,158541,158541,0,                       0,158539
27663,158538,0,                       0,158542,158542,0,                       0,158538
27664,158539,0,                       0,158541,158541,0,                       0,158539
27665,158540,0,                       0,158540,158540,0,                       0,158540
27666,158541,0,                       0,158539,158539,0,                       0,158541
27667,158542,0,                       0,158538,158538,0,                       0,158542
27668,158541,0,                       0,158539,158539,0,                       0,158541
27669,158540,0,                       0,158540,158540,0,                       0,158540
27670,158539,0,                       0,158541,158541,0,                       0,158539
27671,158540,0,                       0,158540,158540,0,                       0,158540
27672,158541,0,                       0,158539,158539,0,                       0,158541
27673,158540,0,                       0,158540,158540,0,                       0,158540
27674,158541,0,                       0,158539,158539,0,                       0,158541
27675,158542,0,                       0,158538,158538,0,                       0,158542
27676,158541,0,                       0,158539,158539,0,                       0,158541
27677,158542,0,                       0,158538,158538,0,                       0,158542
27678,158543,0,                       0,158537,158537,0,                       0,158543
27679,158544,0,                       0,158536,158536,0,                       0,158544
27680,158543,0,                       0,158537,158537,0,                       0,158543
27681,158544,0,                       0,158536,158536,0,                       0,158544
27682,158543,0,                       0,158537,158537,0,                       0,158543
27683,158542,0,                       0,158538,158538,0,                       0,158542
27684,158541,0,                       0,158539,158539,0,                       0,158541
27685,158540,0,                       0,158540,158540,0,                       0,158540
27686,158539,0,                       0,158541,158541,0,                       0,158539
27687,158538,0,                       0,158542,158542,0,                       0,158538
27688,158539,0,                       0,158541,158541,0,                       0,158539
27689,158540,0,                       0,158540,158540,0,                       0,158540
27690,158541,0,                       0,158539,158539,0,                       0,158541
27691,158542,0,                       0,158538,158538,0,                       0,158542
27692,158541,0,                       0,158539,158539,0,                       0,158541
27693,158542,0,                       0,158538,158538,0,                       0,158542
27694,158541,0,                       0,158539,158539,0,                       0,158541
27695,158542,0,                       0,158538,158538,0,                       0,158542
27696,158541,0,                       0,158539,158539,0,                       0,158541
27697,158542,0,                       0,158538,158538,0,                       0,158542
27698,158541,0,                       0,158539,158539,0,                       0,158541
27699,158542,0,                       0,158538,158538,0,                       0,158542
27700,158543,0,                       0,158537,158537,0,                       0,158543
27701,158542,0,                       0,158538,158538,0,                       0,158542
27702,158541,0,                       0,158539,158539,0,                       0,158541
27703,158542,0,                       0,158538,158538,0,                       0,158542
27704,158541,0,                       0,158539,158539,0,                       0,158541
27705,158540,0,                       0,158540,158540,0,                       0,158540
27706,158541,0,                       0,158539,158539,0,                       0,158541
27707,158540,0,                       0,158540,158540,0,                       0,158540
27708,158541,0,                       0,158539,158539,0,                       0,158541
27709,158540,0,                       0,158540,158540,0,                       0,158540
27710,158539,0,                       0,158541,158541,0,                       0,158539
27711,158540,0,                       0,158540,158540,0,                       0,158540
27712,158541,0,                       0,158539,158539,0,                       0,158541
27713,158542,0,                       0,158538,158538,0,                       0,158542
27714,158541,0,                       0,158539,158539,0,                       0,158541
27715,158542,0,                       0,158538,158538,0,                       0,158542
27716,158541,0,                       0,158539,158539,0,                       0,158541
27717,158540,0,                       0,158540,158540,0,                       0,158540
27718,158541,0,                       0,158539,158539,0,                       0,158541
27719,158540,0,                       0,158540,158540,0,                       0,158540
27720,158539,0,                       0,158541,158541,0,                       0,158539
27721,158540,0,                       0,158540,158540,0,                       0,158540
27722,158539,0,                       0,158541,158541,0,                       0,158539
27723,158540,0,                       0,158540,158540,0,                       0,158540
27724,158541,0,                       0,158539,158539,0,                       0,158541
27725,158540,0,                       0,158540,158540,0,                       0,158540
27726,158539,0,                       0,158541,158541,0,                       0,158539
27727,158540,0,                       0,158540,158540,0,                       0,158540
27728,158541,0,                       0,158539,158539,0,                       0,158541
27729,158540,0,                       0,158540,158540,0,                       0,158540
27730,158539,0,                       0,158541,158541,0,                       0,158539
27731,158540,0,                       0,158540,158540,0,                       0,158540
27732,158541,0,                       0,158539,158539,0,                       0,158541
27733,158540,0,                       0,158540,158540,0,                       0,158540
27734,158541,0,                       0,158539,158539,0,                       0,158541
27735,158542,0,                       0,158538,158538,0,                       0,158542
27736,158541,0,                       0,158539,158539,0,                       0,158541
27737,158540,0,                       0,158540,158540,0,                       0,158540
27738,158539,0,                       0,158541,158541,0,                       0,158539
27739,158540,0,                       0,158540,158540,0,                       0,158540
27740,158541,0,                       0,158539,158539,0,                       0,158541
27741,158542,0,                       0,158538,158538,0,                       0,158542
27742,158541,0,                       0,158539,158539,0,                       0,158541
27743,158540,0,                       0,158540,158540,0,                       0,158540
27744,158541,0,                       0,158539,158539,0,                       0,158541
27745,158540,0,                       0,158540,158540,0,                       0,158540
27746,158539,0,                       0,158541,158541,0,                       0,158539
27747,158540,0,                       0,158540,158540,0,                       0,158540
27748,158539,0,                       0,158541,158541,0,                       0,158539
27749,158538,0,                       0,158542,158542,0,                       0,158538
27750,158539,0,                       0,158541,158541,0,                       0,158539
27751,158540,0,                       0,158540,158540,0,                       0,158540
27752,158539,0,                       0,158541,158541,0,                       0,158539
27753,158538,0,                       0,158542,158542,0,                       0,158538
27754,158539,0,                       0,158541,158541,0,                       0,158539
27755,158540,0,                       0,158540,158540,0,                       0,158540
27756,158541,0,                       0,158539,158539,0,                       0,158541
27757,158542,0,                       0,158538,158538,0,                       0,158542
27758,158541,0,                       0,158539,158539,0,                       0,158541
27759,158540,0,                       0,158540,158540,0,                       0,158540
27760,158541,0,                       0,158539,158539,0,                       0,158541
27761,158540,0,                       0,158540,158540,0,                       0,158540
27762,158539,0,                       0,158541,158541,0,                       0,158539
27763,158540,0,                       0,158540,158540,0,                       0,158540
27764,158541,0,                       0,158539,158539,0,                       0,158541
27765,158540,0,                       0,158540,158540,0,                       0,158540
27766,158541,0,                       0,158539,158539,0,                       0,158541
27767,158540,0,                       0,158540,158540,0,                       0,158540
27768,158541,0,                       0,158539,158539,0,                       0,158541
27769,158540,0,                       0,158540,158540,0,                       0,158540
27770,158539,0,                       0,158541,158541,0,                       0,158539
27771,158538,0,                       0,158542,158542,0,                       0,158538
27772,158539,0,                       0,158541,158541,0,                       0,158539
27773,158538,0,                       0,158542,158542,0,                       0,158538
27774,158539,0,                       0,158541,158541,0,                       0,158539
27775,158538,0,                       0,158542,158542,0,                       0,158538
27776,158539,0,                       0,158541,158541,0,                       0,158539
27777,158538,0,                       0,158542,158542,0,                       0,158538
27778,158539,0,                       0,158541,158541,0,                       0,158539
27779,158540,0,                       0,158540,158540,0,                       0,158540
27780,158541,0,                       0,158539,158539,0,                       0,158541
27781,158540,0,                       0,158540,158540,0,                       0,158540
27782,158539,0,                       0,158541,158541,0,                       0,158539
27783,158540,0,                       0,158540,158540,0,                       0,158540
27784,158541,0,                       0,158539,158539,0,                       0,158541
27785,158540,0,                       0,158540,158540,0,                       0,158540
27786,158539,0,                       0,158541,158541,0,                       0,158539
27787,158538,0,                       0,158542,158542,0,                       0,158538
27788,158539,0,                       0,158541,158541,0,                       0,158539
27789,158538,0,                       0,158542,158542,0,                       0,158538
27790,158537,0,                       0,158543,158543,0,                       0,158537
27791,158538,0,                       0,158542,158542,0,                       0,158538
27792,158539,0,                       0,158541,158541,0,                       0,158539
27793,158540,0,                       0,158540,158540,0,                       0,158540
27794,158539,0,                       0,158541,158541,0,                       0,158539
27795,158540,0,                       0,158540,158540,0,                       0,158540
27796,158541,0,                       0,158539,158539,0,                       0,158541
27797,158540,0,                       0,158540,158540,0,                       0,158540
27798,158541,0,                       0,158539,158539,0,                       0,158541
27799,158540,0,                       0,158540,158540,0,                       0,158540
27800,158539,0,                       0,158541,158541,0,                       0,158539
27801,158540,0,                       0,158540,158540,0,                       0,158540
27802,158541,0,                       0,158539,158539,0,                       0,158541
27803,158542,0,                       0,158538,158538,0,                       0,158542
27804,158541,0,                       0,158539,158539,0,                       0,158541
27805,158540,0,                       0,158540,158540,0,                       0,158540
27806,158539,0,                       0,158541,158541,0,                       0,158539
27807,158538,0,                       0,158542,158542,0,                       0,158538
27808,158537,0,                       0,158543,158543,0,                       0,158537
27809,158538,0,                       0,158542,158542,0,                       0,158538
27810,158539,0,                       0,158541,158541,0,                       0,158539
27811,158540,0,                       0,158540,158540,0,                       0,158540
27812,158539,0,                       0,158541,158541,0,                       0,158539
27813,158540,0,                       0,158540,158540,0,                       0,158540
27814,158539,0,                       0,158541,158541,0,                       0,158539
27815,158538,0,                       0,158542,158542,0,                       0,158538
27816,158539,0,                       0,158541,158541,0,                       0,158539
27817,158540,0,                       0,158540,158540,0,                       0,158540
27818,158539,0,                       0,158541,158541,0,                       0,158539
27819,158540,0,                       0,158540,158540,0,                       0,158540
27820,158541,0,                       0,158539,158539,0,                       0,158541
27821,158542,0,                       0,158538,158538,0,                       0,158542
27822,158541,0,                       0,158539,158539,0,                       0,158541
27823,158540,0,                       0,158540,158540,0,                       0,158540
27824,158541,0,                       0,158539,158539,0,                       0,158541
27825,158542,0,                       0,158538,158538,0,                       0,158542
27826,158541,0,                       0,158539,158539,0,                       0,158541
27827,158542,0,                       0,158538,158538,0,                       0,158542
27828,158541,0,                       0,158539,158539,0,                       0,158541
27829,158542,0,                       0,158538,158538,0,                       0,158542
27830,158541,0,                       0,158539,158539,0,                       0,158541
27831,158540,0,                       0,158540,158540,0,                       0,158540
27832,158539,0,                       0,158541,158541,0,                       0,158539
27833,158538,0,                       0,158542,158542,0,                       0,158538
27834,158539,0,                       0,158541,158541,0,                       0,158539
27835,158538,0,                       0,158542,158542,0,                       0,158538
27836,158537,0,                       0,158543,158543,0,                       0,158537
27837,158538,0,                       0,158542,158542,0,                       0,158538
27838,158539,0,                       0,158541,158541,0,                       0,158539
27839,158540,0,                       0,158540,158540,0,                       0,158540
27840,158539,0,                       0,158541,158541,0,                       0,158539
27841,158538,0,                       0,158542,158542,0,                       0,158538
27842,158539,0,                       0,158541,158541,0,                       0,158539
27843,158538,0,                       0,158542,158542,0,                       0,158538
27844,158539,0,                       0,158541,158541,0,                       0,158539
27845,158540,0,                       0,158540,158540,0,                       0,158540
27846,158539,0,                       0,158541,158541,0,                       0,158539
27847,158538,0,                       0,158542,158542,0,                       0,158538
27848,158539,0,                       0,158541,158541,0,                       0,158539
27849,158540,0,                       0,158540,158540,0,                       0,158540
27850,158541,0,                       0,158539,158539,0,                       0,158541
27851,158540,0,                       0,158540,158540,0,                       0,158540
27852,158541,0,                       0,158539,158539,0,                       0,158541
27853,158540,0,                       0,158540,158540,0,                       0,158540
27854,158539,0,                       0,158541,158541,0,                       0,158539
27855,158540,0,                       0,158540,158540,0,                       0,158540
27856,158539,0,                       0,158541,158541,0,                       0,158539
27857,158540,0,                       0,158540,158540,0,                       0,158540
27858,158539,0,                       0,158541,158541,0,                       0,158539
27859,158540,0,                       0,158540,158540,0,                       0,158540
27860,158539,0,                       0,158541,158541,0,                       0,158539
27861,158540,0,                       0,158540,158540,0,                       0,158540
27862,158539,0,                       0,158541,158541,0,                       0,158539
27863,158540,0,                       0,158540,158540,0,                       0,158540
27864,158539,0,                       0,158541,158541,0,                       0,158539
27865,158540,0,                       0,158540,158540,0,                       0,158540
27866,158539,0,                       0,158541,158541,0,                       0,158539
27867,158538,0,                       0,158542,158542,0,                       0,158538
27868,158539,0,                       0,158541,158541,0,                       0,158539
27869,158540,0,                       0,158540,158540,0,                       0,158540
27870,158541,0,                       0,158539,158539,0,                       0,158541
27871,158540,0,                       0,158540,158540,0,                       0,158540
27872,158539,0,                       0,158541,158541,0,                       0,158539
27873,158540,0,                       0,158540,158540,0,                       0,158540
27874,158539,0,                       0,158541,158541,0,                       0,158539
27875,158538,0,                       0,158542,158542,0,                       0,158538
27876,158539,0,                       0,158541,158541,0,                       0,158539
27877,158538,0,                       0,158542,158542,0,                       0,158538
27878,158539,0,                       0,158541,158541,0,                       0,158539
27879,158540,0,                       0,158540,158540,0,                       0,158540
27880,158541,0,                       0,158539,158539,0,                       0,158541
27881,158540,0,                       0,158540,158540,0,                       0,158540
27882,158539,0,                       0,158541,158541,0,                       0,158539
27883,158540,0,                       0,158540,158540,0,                       0,158540
27884,158541,0,                       0,158539,158539,0,                       0,158541
27885,158542,0,                       0,158538,158538,0,                       0,158542
27886,158541,0,                       0,158539,158539,0,                       0,158541
27887,158540,0,                       0,158540,158540,0,                       0,158540
27888,158539,0,                       0,158541,158541,0,                       0,158539
27889,158538,0,                       0,158542,158542,0,                       0,158538
27890,158539,0,                       0,158541,158541,0,                       0,158539
27891,158538,0,                       0,158542,158542,0,                       0,158538
27892,158537,0,                       0,158543,158543,0,                       0,158537
27893,158538,0,                       0,158542,158542,0,                       0,158538
27894,158539,0,                       0,158541,158541,0,                       0,158539
27895,158540,0,                       0,158540,158540,0,                       0,158540
27896,158539,0,                       0,158541,158541,0,                       0,158539
27897,158540,0,                       0,158540,158540,0,                       0,158540
27898,158539,0,                       0,158541,158541,0,                       0,158539
27899,158540,0,                       0,158540,158540,0,                       0,158540
27900,158541,0,                       0,158539,158539,0,                       0,158541
27901,158540,0,                       0,158540,158540,0,                       0,158540
27902,158541,0,                       0,158539,158539,0,                       0,158541
27903,158540,0,                       0,158540,158540,0,                       0,158540
27904,158539,0,                       0,158541,158541,0,                       0,158539
27905,158538,0,                       0,158542,158542,0,                       0,158538
27906,158537,0,                       0,158543,158543,0,                       0,158537
27907,158538,0,                       0,158542,158542,0,                       0,158538
27908,158539,0,                       0,158541,158541,0,                       0,158539
27909,158538,0,                       0,158542,158542,0,                       0,158538
27910,158539,0,                       0,158541,158541,0,                       0,158539
27911,158540,0,                       0,158540,158540,0,                       0,158540
27912,158541,0,                       0,158539,158539,0,                       0,158541
27913,158540,0,                       0,158540,158540,0,                       0,158540
27914,158539,0,                       0,158541,158541,0,                       0,158539
27915,158538,0,                       0,158542,158542,0,                       0,158538
27916,158539,0,                       0,158541,158541,0,                       0,158539
27917,158540,0,                       0,158540,158540,0,                       0,158540
27918,158539,0,                       0,158541,158541,0,                       0,158539
27919,158538,0,                       0,158542,158542,0,                       0,158538
27920,158537,0,                       0,158543,158543,0,                       0,158537
27921,158538,0,                       0,158542,158542,0,                       0,158538
27922,158539,0,                       0,158541,158541,0,                       0,158539
27923,158540,0,                       0,158540,158540,0,                       0,158540
27924,158539,0,                       0,158541,158541,0,                       0,158539
27925,158538,0,                       0,158542,158542,0,                       0,158538
27926,158539,0,                       0,158541,158541,0,                       0,158539
27927,158538,0,                       0,158542,158542,0,                       0,158538
27928,158537,0,                       0,158543,158543,0,                       0,158537
27929,158538,0,                       0,158542,158542,0,                       0,158538
27930,158539,0,                       0,158541,158541,0,                       0,158539
27931,158540,0,                       0,158540,158540,0,                       0,158540
27932,158541,0,                       0,158539,158539,0,                       0,158541
27933,158542,0,                       0,158538,158538,0,                       0,158542
27934,158543,0,                       0,158537,158537,0,                       0,158543
27935,158544,0,                       0,158536,158536,0,                       0,158544
27936,158545,0,                       0,158535,158535,0,                       0,158545
27937,158546,0,                       0,158534,158534,0,                       0,158546
27938,158547,0,                       0,158533,158533,0,                       0,158547
27939,158548,0,                       0,158532,158532,0,                       0,158548
27940,158547,0,                       0,158533,158533,0,                       0,158547
27941,158546,0,                       0,158534,158534,0,                       0,158546
27942,158545,0,                       0,158535,158535,0,                       0,158545
27943,158544,0,                       0,158536,158536,0,                       0,158544
27944,158543,0,                       0,158537,158537,0,                       0,158543
27945,158542,0,                       0,158538,158538,0,                       0,158542
27946,158541,0,                       0,158539,158539,0,                       0,158541
27947,158542,0,                       0,158538,158538,0,                       0,158542
27948,158541,0,                       0,158539,158539,0,                       0,158541
27949,158540,0,                       0,158540,158540,0,                       0,158540
27950,158539,0,                       0,158541,158541,0,                       0,158539
27951,158540,0,                       0,158540,158540,0,                       0,158540
27952,158541,0,                       0,158539,158539,0,                       0,158541
27953,158540,0,                       0,158540,158540,0,                       0,158540
27954,158539,0,                       0,158541,158541,0,                       0,158539
27955,158540,0,                       0,158540,158540,0,                       0,158540
27956,158539,0,                       0,158541,158541,0,                       0,158539
27957,158540,0,                       0,158540,158540,0,                       0,158540
27958,158541,0,                       0,158539,158539,0,                       0,158541
27959,158542,0,                       0,158538,158538,0,                       0,158542
27960,158541,0,                       0,158539,158539,0,                       0,158541
27961,158542,0,                       0,158538,158538,0,                       0,158542
27962,158543,0,                       0,158537,158537,0,                       0,158543
27963,158542,0,                       0,158538,158538,0,                       0,158542
27964,158541,0,                       0,158539,158539,0,                       0,158541
27965,158540,0,                       0,158540,158540,0,                       0,158540
27966,158539,0,                       0,158541,158541,0,                       0,158539
27967,158540,0,                       0,158540,158540,0,                       0,158540
27968,158541,0,                       0,158539,158539,0,                       0,158541
27969,158540,0,                       0,158540,158540,0,                       0,158540
27970,158539,0,                       0,158541,158541,0,                       0,158539
27971,158540,0,                       0,158540,158540,0,                       0,158540
27972,158539,0,                       0,158541,158541,0,                       0,158539
27973,158540,0,                       0,158540,158540,0,                       0,158540
27974,158539,0,                       0,158541,158541,0,                       0,158539
27975,158540,0,                       0,158540,158540,0,                       0,158540
27976,158541,0,                       0,158539,158539,0,                       0,158541
27977,158540,0,                       0,158540,158540,0,                       0,158540
27978,158541,0,                       0,158539,158539,0,                       0,158541
27979,158542,0,                       0,158538,158538,0,                       0,158542
27980,158541,0,                       0,158539,158539,0,                       0,158541
27981,158540,0,                       0,158540,158540,0,                       0,158540
27982,158541,0,                       0,158539,158539,0,                       0,158541
27983,158542,0,                       0,158538,158538,0,                       0,158542
27984,158543,0,                       0,158537,158537,0,                       0,158543
27985,158542,0,                       0,158538,158538,0,                       0,158542
27986,158541,0,                       0,158539,158539,0,                       0,158541
27987,158540,0,                       0,158540,158540,0,                       0,158540
27988,158539,0,                       0,158541,158541,0,                       0,158539
27989,158538,0,                       0,158542,158542,0,                       0,158538
27990,158539,0,                       0,158541,158541,0,                       0,158539
27991,158540,0,                       0,158540,158540,0,                       0,158540
27992,158541,0,                       0,158539,158539,0,                       0,158541
27993,158542,0,                       0,158538,158538,0,                       0,158542
27994,158541,0,                       0,158539,158539,0,                       0,158541
27995,158540,0,                       0,158540,158540,0,                       0,158540
27996,158539,0,                       0,158541,158541,0,                       0,158539
27997,158540,0,                       0,158540,158540,0,                       0,158540
27998,158541,0,                       0,158539,158539,0,                       0,158541
27999,158540,0,                       0,158540,158540,0,                       0,158540
28000,158541,0,                       0,158539,158539,0,                       0,158541
28001,158540,0,                       0,158540,158540,0,                       0,158540
28002,158541,0,                       0,158539,158539,0,                       0,158541
28003,158540,0,                       0,158540,158540,0,                       0,158540
28004,158541,0,                       0,158539,158539,0,                       0,158541
28005,158540,0,                       0,158540,158540,0,                       0,158540
28006,158539,0,                       0,158541,158541,0,                       0,158539
28007,158540,0,                       0,158540,158540,0,                       0,158540
28008,158539,0,                       0,158541,158541,0,                       0,158539
28009,158540,0,                       0,158540,158540,0,                       0,158540
28010,158539,0,                       0,158541,158541,0,                       0,158539
28011,158540,0,                       0,158540,158540,0,                       0,158540
28012,158541,0,                       0,158539,158539,0,                       0,158541
28013,158540,0,                       0,158540,158540,0,                       0,158540
28014,158539,0,                       0,158541,158541,0,                       0,158539
28015,158540,0,                       0,158540,158540,0,                       0,158540
28016,158541,0,                       0,158539,158539,0,                       0,158541
28017,158542,0,                       0,158538,158538,0,                       0,158542
28018,158541,0,                       0,158539,158539,0,                       0,158541
28019,158540,0,                       0,158540,158540,0,                       0,158540
28020,158541,0,                       0,158539,158539,0,                       0,158541
28021,158542,0,                       0,158538,158538,0,                       0,158542
28022,158541,0,                       0,158539,158539,0,                       0,158541
28023,158540,0,                       0,158540,158540,0,                       0,158540
28024,158539,0,                       0,158541,158541,0,                       0,158539
28025,158538,0,                       0,158542,158542,0,                       0,158538
28026,158539,0,                       0,158541,158541,0,                       0,158539
28027,158540,0,                       0,158540,158540,0,                       0,158540
28028,158539,0,                       0,158541,158541,0,                       0,158539
28029,158538,0,                       0,158542,158542,0,                       0,158538
28030,158537,0,                       0,158543,158543,0,                       0,158537
28031,158536,0,                       0,158544,158544,0,                       0,158536
28032,158535,0,                       0,158545,158545,0,                       0,158535
28033,158536,0,                       0,158544,158544,0,                       0,158536
28034,158537,0,                       0,158543,158543,0,                       0,158537
28035,158538,0,                       0,158542,158542,0,                       0,158538
28036,158539,0,                       0,158541,158541,0,                       0,158539
28037,158540,0,                       0,158540,158540,0,                       0,158540
28038,158541,0,                       0,158539,158539,0,                       0,158541
28039,158542,0,                       0,158538,158538,0,                       0,158542
28040,158541,0,                       0,158539,158539,0,                       0,158541
28041,158542,0,                       0,158538,158538,0,                       0,158542
28042,158541,0,                       0,158539,158539,0,                       0,158541
28043,158540,0,                       0,158540,158540,0,                       0,158540
28044,158539,0,                       0,158541,158541,0,                       0,158539
28045,158538,0,                       0,158542,158542,0,                       0,158538
28046,158539,0,                       0,158541,158541,0,                       0,158539
28047,158540,0,                       0,158540,158540,0,                       0,158540
28048,158541,0,                       0,158539,158539,0,                       0,158541
28049,158540,0,                       0,158540,158540,0,                       0,158540
28050,158541,0,                       0,158539,158539,0,                       0,158541
28051,158540,0,                       0,158540,158540,0,                       0,158540
28052,158539,0,                       0,158541,158541,0,                       0,158539
28053,158540,0,                       0,158540,158540,0,                       0,158540
28054,158541,0,                       0,158539,158539,0,                       0,158541
28055,158542,0,                       0,158538,158538,0,                       0,158542
28056,158541,0,                       0,158539,158539,0,                       0,158541
28057,158540,0,                       0,158540,158540,0,                       0,158540
28058,158539,0,                       0,158541,158541,0,                       0,158539
28059,158540,0,                       0,158540,158540,0,                       0,158540
28060,158541,0,                       0,158539,158539,0,                       0,158541
28061,158540,0,                       0,158540,158540,0,                       0,158540
28062,158541,0,                       0,158539,158539,0,                       0,158541
28063,158542,0,                       0,158538,158538,0,                       0,158542
28064,158541,0,                       0,158539,158539,0,                       0,158541
28065,158540,0,                       0,158540,158540,0,                       0,158540
28066,158539,0,                       0,158541,158541,0,                       0,158539
28067,158538,0,                       0,158542,158542,0,                       0,158538
28068,158539,0,                       0,158541,158541,0,                       0,158539
28069,158538,0,                       0,158542,158542,0,                       0,158538
28070,158539,0,                       0,158541,158541,0,                       0,158539
28071,158540,0,                       0,158540,158540,0,                       0,158540
28072,158541,0,                       0,158539,158539,0,                       0,158541
28073,158540,0,                       0,158540,158540,0,                       0,158540
28074,158541,0,                       0,158539,158539,0,                       0,158541
28075,158540,0,                       0,158540,158540,0,                       0,158540
28076,158539,0,                       0,158541,158541,0,                       0,158539
28077,158540,0,                       0,158540,158540,0,                       0,158540
28078,158539,0,                       0,158541,158541,0,                       0,158539
28079,158540,0,                       0,158540,158540,0,                       0,158540
28080,158539,0,                       0,158541,158541,0,                       0,158539
28081,158540,0,                       0,158540,158540,0,                       0,158540
28082,158539,0,                       0,158541,158541,0,                       0,158539
28083,158540,0,                       0,158540,158540,0,                       0,158540
28084,158541,0,                       0,158539,158539,0,                       0,158541
28085,158540,0,                       0,158540,158540,0,                       0,158540
28086,158539,0,                       0,158541,158541,0,                       0,158539
28087,158538,0,                       0,158542,158542,0,                       0,158538
28088,158539,0,                       0,158541,158541,0,                       0,158539
28089,158538,0,                       0,158542,158542,0,                       0,158538
28090,158539,0,                       0,158541,158541,0,                       0,158539
28091,158540,0,                       0,158540,158540,0,                       0,158540
28092,158539,0,                       0,158541,158541,0,                       0,158539
28093,158540,0,                       0,158540,158540,0,                       0,158540
28094,158539,0,                       0,158541,158541,0,                       0,158539
28095,158540,0,                       0,158540,158540,0,                       0,158540
28096,158541,0,                       0,158539,158539,0,                       0,158541
28097,158540,0,                       0,158540,158540,0,                       0,158540
28098,158539,0,                       0,158541,158541,0,                       0,158539
28099,158540,0,                       0,158540,158540,0,                       0,158540
28100,158541,0,                       0,158539,158539,0,                       0,158541
28101,158540,0,                       0,158540,158540,0,                       0,158540
28102,158539,0,                       0,158541,158541,0,                       0,158539
28103,158538,0,                       0,158542,158542,0,                       0,158538
28104,158539,0,                       0,158541,158541,0,                       0,158539
28105,158540,0,                       0,158540,158540,0,                       0,158540
28106,158539,0,                       0,158541,158541,0,                       0,158539
28107,158538,0,                       0,158542,158542,0,                       0,158538
28108,158539,0,                       0,158541,158541,0,                       0,158539
28109,158540,0,                       0,158540,158540,0,                       0,158540
28110,158539,0,                       0,158541,158541,0,                       0,158539
28111,158538,0,                       0,158542,158542,0,                       0,158538
28112,158539,0,                       0,158541,158541,0,                       0,158539
28113,158538,0,                       0,158542,158542,0,                       0,158538
28114,158539,0,                       0,158541,158541,0,                       0,158539
28115,158540,0,                       0,158540,158540,0,                       0,158540
28116,158541,0,                       0,158539,158539,0,                       0,158541
28117,158540,0,                       0,158540,158540,0,                       0,158540
28118,158539,0,                       0,158541,158541,0,                       0,158539
28119,158540,0,                       0,158540,158540,0,                       0,158540
28120,158539,0,                       0,158541,158541,0,                       0,158539
28121,158540,0,                       0,158540,158540,0,                       0,158540
28122,158539,0,                       0,158541,158541,0,                       0,158539
28123,158540,0,                       0,158540,158540,0,                       0,158540
28124,158541,0,                       0,158539,158539,0,                       0,158541
28125,158540,0,                       0,158540,158540,0,                       0,158540
28126,158541,0,                       0,158539,158539,0,                       0,158541
28127,158540,0,                       0,158540,158540,0,                       0,158540
28128,158541,0,                       0,158539,158539,0,                       0,158541
28129,158540,0,                       0,158540,158540,0,                       0,158540
28130,158541,0,                       0,158539,158539,0,                       0,158541
28131,158540,0,                       0,158540,158540,0,                       0,158540
28132,158539,0,                       0,158541,158541,0,                       0,158539
28133,158538,0,                       0,158542,158542,0,                       0,158538
28134,158537,0,                       0,158543,158543,0,                       0,158537
28135,158538,0,                       0,158542,158542,0,                       0,158538
28136,158539,0,                       0,158541,158541,0,                       0,158539
28137,158540,0,                       0,158540,158540,0,                       0,158540
28138,158539,0,                       0,158541,158541,0,                       0,158539
28139,158538,0,                       0,158542,158542,0,                       0,158538
28140,158539,0,                       0,158541,158541,0,                       0,158539
28141,158538,0,                       0,158542,158542,0,                       0,158538
28142,158539,0,                       0,158541,158541,0,                       0,158539
28143,158540,0,                       0,158540,158540,0,                       0,158540
28144,158541,0,                       0,158539,158539,0,                       0,158541
28145,158540,0,                       0,158540,158540,0,                       0,158540
28146,158541,0,                       0,158539,158539,0,                       0,158541
28147,158542,0,                       0,158538,158538,0,                       0,158542
28148,158541,0,                       0,158539,158539,0,                       0,158541
28149,158540,0,                       0,158540,158540,0,                       0,158540
28150,158541,0,                       0,158539,158539,0,                       0,158541
28151,158540,0,                       0,158540,158540,0,                       0,158540
28152,158539,0,                       0,158541,158541,0,                       0,158539
28153,158540,0,                       0,158540,158540,0,                       0,158540
28154,158539,0,                       0,158541,158541,0,                       0,158539
28155,158540,0,                       0,158540,158540,0,                       0,158540
28156,158539,0,                       0,158541,158541,0,                       0,158539
28157,158540,0,                       0,158540,158540,0,                       0,158540
28158,158541,0,                       0,158539,158539,0,                       0,158541
28159,158540,0,                       0,158540,158540,0,                       0,158540
28160,158539,0,                       0,158541,158541,0,                       0,158539
28161,158540,0,                       0,158540,158540,0,                       0,158540
28162,158539,0,                       0,158541,158541,0,                       0,158539
28163,158538,0,                       0,158542,158542,0,                       0,158538
28164,158539,0,                       0,158541,158541,0,                       0,158539
28165,158540,0,                       0,158540,158540,0,                       0,158540
28166,158539,0,                       0,158541,158541,0,                       0,158539
28167,158540,0,                       0,158540,158540,0,                       0,158540
28168,158539,0,                       0,158541,158541,0,                       0,158539
28169,158538,0,                       0,158542,158542,0,                       0,158538
28170,158539,0,                       0,158541,158541,0,                       0,158539
28171,158538,0,                       0,158542,158542,0,                       0,158538
28172,158539,0,                       0,158541,158541,0,                       0,158539
28173,158538,0,                       0,158542,158542,0,                       0,158538
28174,158539,0,                       0,158541,158541,0,                       0,158539
28175,158538,0,                       0,158542,158542,0,                       0,158538
28176,158539,0,                       0,158541,158541,0,                       0,158539
28177,158540,0,                       0,158540,158540,0,                       0,158540
28178,158541,0,                       0,158539,158539,0,                       0,158541
28179,158542,0,                       0,158538,158538,0,                       0,158542
28180,158541,0,                       0,158539,158539,0,                       0,158541
28181,158542,0,                       0,158538,158538,0,                       0,158542
28182,158541,0,                       0,158539,158539,0,                       0,158541
28183,158540,0,                       0,158540,158540,0,                       0,158540
28184,158539,0,                       0,158541,158541,0,                       0,158539
28185,158538,0,                       0,158542,158542,0,                       0,158538
28186,158539,0,                       0,158541,158541,0,                       0,158539
28187,158540,0,                       0,158540,158540,0,                       0,158540
28188,158541,0,                       0,158539,158539,0,                       0,158541
28189,158540,0,                       0,158540,158540,0,                       0,158540
28190,158541,0,                       0,158539,158539,0,                       0,158541
28191,158540,0,                       0,158540,158540,0,                       0,158540
28192,158541,0,                       0,158539,158539,0,                       0,158541
28193,158540,0,                       0,158540,158540,0,                       0,158540
28194,158541,0,                       0,158539,158539,0,                       0,158541
28195,158540,0,                       0,158540,158540,0,                       0,158540
28196,158541,0,                       0,158539,158539,0,                       0,158541
28197,158542,0,                       0,158538,158538,0,                       0,158542
28198,158543,0,                       0,158537,158537,0,                       0,158543
28199,158542,0,                       0,158538,158538,0,                       0,158542
28200,158541,0,                       0,158539,158539,0,                       0,158541
28201,158540,0,                       0,158540,158540,0,                       0,158540
28202,158539,0,                       0,158541,158541,0,                       0,158539
28203,158540,0,                       0,158540,158540,0,                       0,158540
28204,158541,0,                       0,158539,158539,0,                       0,158541
28205,158540,0,                       0,158540,158540,0,                       0,158540
28206,158539,0,                       0,158541,158541,0,                       0,158539
28207,158540,0,                       0,158540,158540,0,                       0,158540
28208,158541,0,                       0,158539,158539,0,                       0,158541
28209,158542,0,                       0,158538,158538,0,                       0,158542
28210,158541,0,                       0,158539,158539,0,                       0,158541
28211,158540,0,                       0,158540,158540,0,                       0,158540
28212,158541,0,                       0,158539,158539,0,                       0,158541
28213,158540,0,                       0,158540,158540,0,                       0,158540
28214,158541,0,                       0,158539,158539,0,                       0,158541
28215,158540,0,                       0,158540,158540,0,                       0,158540
28216,158541,0,                       0,158539,158539,0,                       0,158541
28217,158540,0,                       0,158540,158540,0,                       0,158540
28218,158539,0,                       0,158541,158541,0,                       0,158539
28219,158538,0,                       0,158542,158542,0,                       0,158538
28220,158539,0,                       0,158541,158541,0,                       0,158539
28221,158540,0,                       0,158540,158540,0,                       0,158540
28222,158539,0,                       0,158541,158541,0,                       0,158539
28223,158540,0,                       0,158540,158540,0,                       0,158540
28224,158541,0,                       0,158539,158539,0,                       0,158541
28225,158540,0,                       0,158540,158540,0,                       0,158540
28226,158539,0,                       0,158541,158541,0,                       0,158539
28227,158540,0,                       0,158540,158540,0,                       0,158540
28228,158539,0,                       0,158541,158541,0,                       0,158539
28229,158538,0,                       0,158542,158542,0,                       0,158538
28230,158539,0,                       0,158541,158541,0,                       0,158539
28231,158540,0,                       0,158540,158540,0,                       0,158540
28232,158539,0,                       0,158541,158541,0,                       0,158539
28233,158540,0,                       0,158540,158540,0,                       0,158540
28234,158539,0,                       0,158541,158541,0,                       0,158539
28235,158538,0,                       0,158542,158542,0,                       0,158538
28236,158539,0,                       0,158541,158541,0,                       0,158539
28237,158540,0,                       0,158540,158540,0,                       0,158540
28238,158539,0,                       0,158541,158541,0,                       0,158539
28239,158540,0,                       0,158540,158540,0,                       0,158540
28240,158541,0,                       0,158539,158539,0,                       0,158541
28241,158542,0,                       0,158538,158538,0,                       0,158542
28242,158543,0,                       0,158537,158537,0,                       0,158543
28243,158542,0,                       0,158538,158538,0,                       0,158542
28244,158541,0,                       0,158539,158539,0,                       0,158541
28245,158540,0,                       0,158540,158540,0,                       0,158540
28246,158539,0,                       0,158541,158541,0,                       0,158539
28247,158540,0,                       0,158540,158540,0,                       0,158540
28248,158539,0,                       0,158541,158541,0,                       0,158539
28249,158540,0,                       0,158540,158540,0,                       0,158540
28250,158539,0,                       0,158541,158541,0,                       0,158539
28251,158540,0,                       0,158540,158540,0,                       0,158540
28252,158541,0,                       0,158539,158539,0,                       0,158541
28253,158540,0,                       0,158540,158540,0,                       0,158540
28254,158539,0,                       0,158541,158541,0,                       0,158539
28255,158540,0,                       0,158540,158540,0,                       0,158540
28256,158541,0,                       0,158539,158539,0,                       0,158541
28257,158540,0,                       0,158540,158540,0,                       0,158540
28258,158539,0,                       0,158541,158541,0,                       0,158539
28259,158540,0,                       0,158540,158540,0,                       0,158540
28260,158541,0,                       0,158539,158539,0,                       0,158541
28261,158540,0,                       0,158540,158540,0,                       0,158540
28262,158541,0,                       0,158539,158539,0,                       0,158541
28263,158542,0,                       0,158538,158538,0,                       0,158542
28264,158543,0,                       0,158537,158537,0,                       0,158543
28265,158542,0,                       0,158538,158538,0,                       0,158542
28266,158541,0,                       0,158539,158539,0,                       0,158541
28267,158540,0,                       0,158540,158540,0,                       0,158540
28268,158541,0,                       0,158539,158539,0,                       0,158541
28269,158542,0,                       0,158538,158538,0,                       0,158542
28270,158541,0,                       0,158539,158539,0,                       0,158541
28271,158540,0,                       0,158540,158540,0,                       0,158540
28272,158539,0,                       0,158541,158541,0,                       0,158539
28273,158540,0,                       0,158540,158540,0,                       0,158540
28274,158541,0,                       0,158539,158539,0,                       0,158541
28275,158542,0,                       0,158538,158538,0,                       0,158542
28276,158541,0,                       0,158539,158539,0,                       0,158541
28277,158542,0,                       0,158538,158538,0,                       0,158542
28278,158543,0,                       0,158537,158537,0,                       0,158543
28279,158542,0,                       0,158538,158538,0,                       0,158542
28280,158541,0,                       0,158539,158539,0,                       0,158541
28281,158542,0,                       0,158538,158538,0,                       0,158542
28282,158543,0,                       0,158537,158537,0,                       0,158543
28283,158542,0,                       0,158538,158538,0,                       0,158542
28284,158543,0,                       0,158537,158537,0,                       0,158543
28285,158542,0,                       0,158538,158538,0,                       0,158542
28286,158541,0,                       0,158539,158539,0,                       0,158541
28287,158540,0,                       0,158540,158540,0,                       0,158540
28288,158541,0,                       0,158539,158539,0,                       0,158541
28289,158540,0,                       0,158540,158540,0,                       0,158540
28290,158541,0,                       0,158539,158539,0,                       0,158541
28291,158540,0,                       0,158540,158540,0,                       0,158540
28292,158539,0,                       0,158541,158541,0,                       0,158539
28293,158540,0,                       0,158540,158540,0,                       0,158540
28294,158541,0,                       0,158539,158539,0,                       0,158541
28295,158540,0,                       0,158540,158540,0,                       0,158540
28296,158539,0,                       0,158541,158541,0,                       0,158539
28297,158540,0,                       0,158540,158540,0,                       0,158540
28298,158539,0,                       0,158541,158541,0,                       0,158539
28299,158540,0,                       0,158540,158540,0,                       0,158540
28300,158541,0,                       0,158539,158539,0,                       0,158541
28301,158540,0,                       0,158540,158540,0,                       0,158540
28302,158539,0,                       0,158541,158541,0,                       0,158539
28303,158540,0,                       0,158540,158540,0,                       0,158540
28304,158541,0,                       0,158539,158539,0,                       0,158541
28305,158540,0,                       0,158540,158540,0,                       0,158540
28306,158541,0,                       0,158539,158539,0,                       0,158541
28307,158540,0,                       0,158540,158540,0,                       0,158540
28308,158541,0,                       0,158539,158539,0,                       0,158541
28309,158540,0,                       0,158540,158540,0,                       0,158540
28310,158539,0,                       0,158541,158541,0,                       0,158539
28311,158540,0,                       0,158540,158540,0,                       0,158540
28312,158541,0,                       0,158539,158539,0,                       0,158541
28313,158542,0,                       0,158538,158538,0,                       0,158542
28314,158541,0,                       0,158539,158539,0,                       0,158541
28315,158540,0,                       0,158540,158540,0,                       0,158540
28316,158539,0,                       0,158541,158541,0,                       0,158539
28317,158540,0,                       0,158540,158540,0,                       0,158540
28318,158539,0,                       0,158541,158541,0,                       0,158539
28319,158540,0,                       0,158540,158540,0,                       0,158540
28320,158541,0,                       0,158539,158539,0,                       0,158541
28321,158540,0,                       0,158540,158540,0,                       0,158540
28322,158539,0,                       0,158541,158541,0,                       0,158539
28323,158538,0,                       0,158542,158542,0,                       0,158538
28324,158537,0,                       0,158543,158543,0,                       0,158537
28325,158538,0,                       0,158542,158542,0,                       0,158538
28326,158539,0,                       0,158541,158541,0,                       0,158539
28327,158540,0,                       0,158540,158540,0,                       0,158540
28328,158541,0,                       0,158539,158539,0,                       0,158541
28329,158542,0,                       0,158538,158538,0,                       0,158542
28330,158543,0,                       0,158537,158537,0,                       0,158543
28331,158544,0,                       0,158536,158536,0,                       0,158544
28332,158543,0,                       0,158537,158537,0,                       0,158543
28333,158542,0,                       0,158538,158538,0,                       0,158542
28334,158541,0,                       0,158539,158539,0,                       0,158541
28335,158540,0,                       0,158540,158540,0,                       0,158540
28336,158539,0,                       0,158541,158541,0,                       0,158539
28337,158538,0,                       0,158542,158542,0,                       0,158538
28338,158539,0,                       0,158541,158541,0,                       0,158539
28339,158538,0,                       0,158542,158542,0,                       0,158538
28340,158539,0,                       0,158541,158541,0,                       0,158539
28341,158540,0,                       0,158540,158540,0,                       0,158540
28342,158539,0,                       0,158541,158541,0,                       0,158539
28343,158540,0,                       0,158540,158540,0,                       0,158540
28344,158541,0,                       0,158539,158539,0,                       0,158541
28345,158542,0,                       0,158538,158538,0,                       0,158542
28346,158541,0,                       0,158539,158539,0,                       0,158541
28347,158540,0,                       0,158540,158540,0,                       0,158540
28348,158539,0,                       0,158541,158541,0,                       0,158539
28349,158540,0,                       0,158540,158540,0,                       0,158540
28350,158541,0,                       0,158539,158539,0,                       0,158541
28351,158540,0,                       0,158540,158540,0,                       0,158540
28352,158539,0,                       0,158541,158541,0,                       0,158539
28353,158540,0,                       0,158540,158540,0,                       0,158540
28354,158539,0,                       0,158541,158541,0,                       0,158539
28355,158540,0,                       0,158540,158540,0,                       0,158540
28356,158541,0,                       0,158539,158539,0,                       0,158541
28357,158540,0,                       0,158540,158540,0,                       0,158540
28358,158539,0,                       0,158541,158541,0,                       0,158539
28359,158540,0,                       0,158540,158540,0,                       0,158540
28360,158539,0,                       0,158541,158541,0,                       0,158539
28361,158538,0,                       0,158542,158542,0,                       0,158538
28362,158537,0,                       0,158543,158543,0,                       0,158537
28363,158538,0,                       0,158542,158542,0,                       0,158538
28364,158539,0,                       0,158541,158541,0,                       0,158539
28365,158540,0,                       0,158540,158540,0,                       0,158540
28366,158539,0,                       0,158541,158541,0,                       0,158539
28367,158540,0,                       0,158540,158540,0,                       0,158540
28368,158541,0,                       0,158539,158539,0,                       0,158541
28369,158542,0,                       0,158538,158538,0,                       0,158542
28370,158541,0,                       0,158539,158539,0,                       0,158541
28371,158542,0,                       0,158538,158538,0,                       0,158542
28372,158541,0,                       0,158539,158539,0,                       0,158541
28373,158542,0,                       0,158538,158538,0,                       0,158542
28374,158543,0,                       0,158537,158537,0,                       0,158543
28375,158542,0,                       0,158538,158538,0,                       0,158542
28376,158541,0,                       0,158539,158539,0,                       0,158541
28377,158540,0,                       0,158540,158540,0,                       0,158540
28378,158539,0,                       0,158541,158541,0,                       0,158539
28379,158540,0,                       0,158540,158540,0,                       0,158540
28380,158539,0,                       0,158541,158541,0,                       0,158539
28381,158538,0,                       0,158542,158542,0,                       0,158538
28382,158539,0,                       0,158541,158541,0,                       0,158539
28383,158538,0,                       0,158542,158542,0,                       0,158538
28384,158539,0,                       0,158541,158541,0,                       0,158539
28385,158538,0,                       0,158542,158542,0,                       0,158538
28386,158539,0,                       0,158541,158541,0,                       0,158539
28387,158540,0,                       0,158540,158540,0,                       0,158540
28388,158539,0,                       0,158541,158541,0,                       0,158539
28389,158538,0,                       0,158542,158542,0,                       0,158538
28390,158539,0,                       0,158541,158541,0,                       0,158539
28391,158540,0,                       0,158540,158540,0,                       0,158540
28392,158539,0,                       0,158541,158541,0,                       0,158539
28393,158540,0,                       0,158540,158540,0,                       0,158540
28394,158539,0,                       0,158541,158541,0,                       0,158539
28395,158538,0,                       0,158542,158542,0,                       0,158538
28396,158539,0,                       0,158541,158541,0,                       0,158539
28397,158538,0,                       0,158542,158542,0,                       0,158538
28398,158539,0,                       0,158541,158541,0,                       0,158539
28399,158538,0,                       0,158542,158542,0,                       0,158538
28400,158537,0,                       0,158543,158543,0,                       0,158537
28401,158538,0,                       0,158542,158542,0,                       0,158538
28402,158539,0,                       0,158541,158541,0,                       0,158539
28403,158540,0,                       0,158540,158540,0,                       0,158540
28404,158539,0,                       0,158541,158541,0,                       0,158539
28405,158540,0,                       0,158540,158540,0,                       0,158540
28406,158541,0,                       0,158539,158539,0,                       0,158541
28407,158540,0,                       0,158540,158540,0,                       0,158540
28408,158539,0,                       0,158541,158541,0,                       0,158539
28409,158540,0,                       0,158540,158540,0,                       0,158540
28410,158539,0,                       0,158541,158541,0,                       0,158539
28411,158538,0,                       0,158542,158542,0,                       0,158538
28412,158539,0,                       0,158541,158541,0,                       0,158539
28413,158540,0,                       0,158540,158540,0,                       0,158540
28414,158541,0,                       0,158539,158539,0,                       0,158541
28415,158542,0,                       0,158538,158538,0,                       0,158542
28416,158541,0,                       0,158539,158539,0,                       0,158541
28417,158540,0,                       0,158540,158540,0,                       0,158540
28418,158541,0,                       0,158539,158539,0,                       0,158541
28419,158540,0,                       0,158540,158540,0,                       0,158540
28420,158539,0,                       0,158541,158541,0,                       0,158539
28421,158540,0,                       0,158540,158540,0,                       0,158540
28422,158541,0,                       0,158539,158539,0,                       0,158541
28423,158542,0,                       0,158538,158538,0,                       0,158542
28424,158541,0,                       0,158539,158539,0,                       0,158541
28425,158542,0,                       0,158538,158538,0,                       0,158542
28426,158541,0,                       0,158539,158539,0,                       0,158541
28427,158542,0,                       0,158538,158538,0,                       0,158542
28428,158541,0,                       0,158539,158539,0,                       0,158541
28429,158540,0,                       0,158540,158540,0,                       0,158540
28430,158539,0,                       0,158541,158541,0,                       0,158539
28431,158538,0,                       0,158542,158542,0,                       0,158538
28432,158539,0,                       0,158541,158541,0,                       0,158539
28433,158540,0,                       0,158540,158540,0,                       0,158540
28434,158539,0,                       0,158541,158541,0,                       0,158539
28435,158540,0,                       0,158540,158540,0,                       0,158540
28436,158539,0,                       0,158541,158541,0,                       0,158539
28437,158538,0,                       0,158542,158542,0,                       0,158538
28438,158539,0,                       0,158541,158541,0,                       0,158539
28439,158540,0,                       0,158540,158540,0,                       0,158540
28440,158539,0,                       0,158541,158541,0,                       0,158539
28441,158540,0,                       0,158540,158540,0,                       0,158540
28442,158541,0,                       0,158539,158539,0,                       0,158541
28443,158540,0,                       0,158540,158540,0,                       0,158540
28444,158539,0,                       0,158541,158541,0,                       0,158539
28445,158540,0,                       0,158540,158540,0,                       0,158540
28446,158541,0,                       0,158539,158539,0,                       0,158541
28447,158542,0,                       0,158538,158538,0,                       0,158542
28448,158541,0,                       0,158539,158539,0,                       0,158541
28449,158542,0,                       0,158538,158538,0,                       0,158542
28450,158541,0,                       0,158539,158539,0,                       0,158541
28451,158540,0,                       0,158540,158540,0,                       0,158540
28452,158541,0,                       0,158539,158539,0,                       0,158541
28453,158540,0,                       0,158540,158540,0,                       0,158540
28454,158539,0,                       0,158541,158541,0,                       0,158539
28455,158540,0,                       0,158540,158540,0,                       0,158540
28456,158539,0,                       0,158541,158541,0,                       0,158539
28457,158538,0,                       0,158542,158542,0,                       0,158538
28458,158539,0,                       0,158541,158541,0,                       0,158539
28459,158540,0,                       0,158540,158540,0,                       0,158540
28460,158539,0,                       0,158541,158541,0,                       0,158539
28461,158540,0,                       0,158540,158540,0,                       0,158540
28462,158539,0,                       0,158541,158541,0,                       0,158539
28463,158540,0,                       0,158540,158540,0,                       0,158540
28464,158541,0,                       0,158539,158539,0,                       0,158541
28465,158542,0,                       0,158538,158538,0,                       0,158542
28466,158541,0,                       0,158539,158539,0,                       0,158541
28467,158540,0,                       0,158540,158540,0,                       0,158540
28468,158541,0,                       0,158539,158539,0,                       0,158541
28469,158542,0,                       0,158538,158538,0,                       0,158542
28470,158541,0,                       0,158539,158539,0,                       0,158541
28471,158540,0,                       0,158540,158540,0,                       0,158540
28472,158539,0,                       0,158541,158541,0,                       0,158539
28473,158540,0,                       0,158540,158540,0,                       0,158540
28474,158539,0,                       0,158541,158541,0,                       0,158539
28475,158538,0,                       0,158542,158542,0,                       0,158538
28476,158537,0,                       0,158543,158543,0,                       0,158537
28477,158538,0,                       0,158542,158542,0,                       0,158538
28478,158539,0,                       0,158541,158541,0,                       0,158539
28479,158540,0,                       0,158540,158540,0,                       0,158540
28480,158539,0,                       0,158541,158541,0,                       0,158539
28481,158540,0,                       0,158540,158540,0,                       0,158540
28482,158539,0,                       0,158541,158541,0,                       0,158539
28483,158538,0,                       0,158542,158542,0,                       0,158538
28484,158539,0,                       0,158541,158541,0,                       0,158539
28485,158540,0,                       0,158540,158540,0,                       0,158540
28486,158541,0,                       0,158539,158539,0,                       0,158541
28487,158540,0,                       0,158540,158540,0,                       0,158540
28488,158539,0,                       0,158541,158541,0,                       0,158539
28489,158538,0,                       0,158542,158542,0,                       0,158538
28490,158539,0,                       0,158541,158541,0,                       0,158539
28491,158540,0,                       0,158540,158540,0,                       0,158540
28492,158539,0,                       0,158541,158541,0,                       0,158539
28493,158538,0,                       0,158542,158542,0,                       0,158538
28494,158539,0,                       0,158541,158541,0,                       0,158539
28495,158540,0,                       0,158540,158540,0,                       0,158540
28496,158539,0,                       0,158541,158541,0,                       0,158539
28497,158540,0,                       0,158540,158540,0,                       0,158540
28498,158539,0,                       0,158541,158541,0,                       0,158539
28499,158538,0,                       0,158542,158542,0,                       0,158538
28500,158539,0,                       0,158541,158541,0,                       0,158539
28501,158540,0,                       0,158540,158540,0,                       0,158540
28502,158541,0,                       0,158539,158539,0,                       0,158541
28503,158540,0,                       0,158540,158540,0,                       0,158540
28504,158539,0,                       0,158541,158541,0,                       0,158539
28505,158538,0,                       0,158542,158542,0,                       0,158538
28506,158539,0,                       0,158541,158541,0,                       0,158539
28507,158540,0,                       0,158540,158540,0,                       0,158540
28508,158539,0,                       0,158541,158541,0,                       0,158539
28509,158538,0,                       0,158542,158542,0,                       0,158538
28510,158539,0,                       0,158541,158541,0,                       0,158539
28511,158540,0,                       0,158540,158540,0,                       0,158540
28512,158539,0,                       0,158541,158541,0,                       0,158539
28513,158538,0,                       0,158542,158542,0,                       0,158538
28514,158539,0,                       0,158541,158541,0,                       0,158539
28515,158540,0,                       0,158540,158540,0,                       0,158540
28516,158541,0,                       0,158539,158539,0,                       0,158541
28517,158542,0,                       0,158538,158538,0,                       0,158542
28518,158541,0,                       0,158539,158539,0,                       0,158541
28519,158542,0,                       0,158538,158538,0,                       0,158542
28520,158541,0,                       0,158539,158539,0,                       0,158541
28521,158542,0,                       0,158538,158538,0,                       0,158542
28522,158543,0,                       0,158537,158537,0,                       0,158543
28523,158542,0,                       0,158538,158538,0,                       0,158542
28524,158541,0,                       0,158539,158539,0,                       0,158541
28525,158540,0,                       0,158540,158540,0,                       0,158540
28526,158539,0,                       0,158541,158541,0,                       0,158539
28527,158540,0,                       0,158540,158540,0,                       0,158540
28528,158539,0,                       0,158541,158541,0,                       0,158539
28529,158538,0,                       0,158542,158542,0,                       0,158538
28530,158539,0,                       0,158541,158541,0,                       0,158539
28531,158540,0,                       0,158540,158540,0,                       0,158540
28532,158539,0,                       0,158541,158541,0,                       0,158539
28533,158540,0,                       0,158540,158540,0,                       0,158540
28534,158539,0,                       0,158541,158541,0,                       0,158539
28535,158540,0,                       0,158540,158540,0,                       0,158540
28536,158539,0,                       0,158541,158541,0,                       0,158539
28537,158540,0,                       0,158540,158540,0,                       0,158540
28538,158541,0,                       0,158539,158539,0,                       0,158541
28539,158540,0,                       0,158540,158540,0,                       0,158540
28540,158541,0,                       0,158539,158539,0,                       0,158541
28541,158540,0,                       0,158540,158540,0,                       0,158540
28542,158539,0,                       0,158541,158541,0,                       0,158539
28543,158540,0,                       0,158540,158540,0,                       0,158540
28544,158541,0,                       0,158539,158539,0,                       0,158541
28545,158540,0,                       0,158540,158540,0,                       0,158540
28546,158539,0,                       0,158541,158541,0,                       0,158539
28547,158538,0,                       0,158542,158542,0,                       0,158538
28548,158539,0,                       0,158541,158541,0,                       0,158539
28549,158538,0,                       0,158542,158542,0,                       0,158538
28550,158539,0,                       0,158541,158541,0,                       0,158539
28551,158540,0,                       0,158540,158540,0,                       0,158540
28552,158539,0,                       0,158541,158541,0,                       0,158539
28553,158538,0,                       0,158542,158542,0,                       0,158538
28554,158539,0,                       0,158541,158541,0,                       0,158539
28555,158540,0,                       0,158540,158540,0,                       0,158540
28556,158541,0,                       0,158539,158539,0,                       0,158541
28557,158540,0,                       0,158540,158540,0,                       0,158540
28558,158539,0,                       0,158541,158541,0,                       0,158539
28559,158538,0,                       0,158542,158542,0,                       0,158538
28560,158539,0,                       0,158541,158541,0,                       0,158539
28561,158540,0,                       0,158540,158540,0,                       0,158540
28562,158541,0,                       0,158539,158539,0,                       0,158541
28563,158540,0,                       0,158540,158540,0,                       0,158540
28564,158539,0,                       0,158541,158541,0,                       0,158539
28565,158538,0,                       0,158542,158542,0,                       0,158538
28566,158539,0,                       0,158541,158541,0,                       0,158539
28567,158540,0,                       0,158540,158540,0,                       0,158540
28568,158539,0,                       0,158541,158541,0,                       0,158539
28569,158538,0,                       0,158542,158542,0,                       0,158538
28570,158537,0,                       0,158543,158543,0,                       0,158537
28571,158538,0,                       0,158542,158542,0,                       0,158538
28572,158539,0,                       0,158541,158541,0,                       0,158539
28573,158540,0,                       0,158540,158540,0,                       0,158540
28574,158539,0,                       0,158541,158541,0,                       0,158539
28575,158538,0,                       0,158542,158542,0,                       0,158538
28576,158539,0,                       0,158541,158541,0,                       0,158539
28577,158540,0,                       0,158540,158540,0,                       0,158540
28578,158541,0,                       0,158539,158539,0,                       0,158541
28579,158540,0,                       0,158540,158540,0,                       0,158540
28580,158541,0,                       0,158539,158539,0,                       0,158541
28581,158540,0,                       0,158540,158540,0,                       0,158540
28582,158539,0,                       0,158541,158541,0,                       0,158539
28583,158540,0,                       0,158540,158540,0,                       0,158540
28584,158539,0,                       0,158541,158541,0,                       0,158539
28585,158540,0,                       0,158540,158540,0,                       0,158540
28586,158541,0,                       0,158539,158539,0,                       0,158541
28587,158540,0,                       0,158540,158540,0,                       0,158540
28588,158539,0,                       0,158541,158541,0,                       0,158539
28589,158538,0,                       0,158542,158542,0,                       0,158538
28590,158537,0,                       0,158543,158543,0,                       0,158537
28591,158538,0,                       0,158542,158542,0,                       0,158538
28592,158539,0,                       0,158541,158541,0,                       0,158539
28593,158540,0,                       0,158540,158540,0,                       0,158540
28594,158541,0,                       0,158539,158539,0,                       0,158541
28595,158542,0,                       0,158538,158538,0,                       0,158542
28596,158543,0,                       0,158537,158537,0,                       0,158543
28597,158542,0,                       0,158538,158538,0,                       0,158542
28598,158541,0,                       0,158539,158539,0,                       0,158541
28599,158542,0,                       0,158538,158538,0,                       0,158542
28600,158543,0,                       0,158537,158537,0,                       0,158543
28601,158544,0,                       0,158536,158536,0,                       0,158544
28602,158543,0,                       0,158537,158537,0,                       0,158543
28603,158542,0,                       0,158538,158538,0,                       0,158542
28604,158541,0,                       0,158539,158539,0,                       0,158541
28605,158540,0,                       0,158540,158540,0,                       0,158540
28606,158539,0,                       0,158541,158541,0,                       0,158539
28607,158540,0,                       0,158540,158540,0,                       0,158540
28608,158541,0,                       0,158539,158539,0,                       0,158541
28609,158540,0,                       0,158540,158540,0,                       0,158540
28610,158539,0,                       0,158541,158541,0,                       0,158539
28611,158540,0,                       0,158540,158540,0,                       0,158540
28612,158541,0,                       0,158539,158539,0,                       0,158541
28613,158540,0,                       0,158540,158540,0,                       0,158540
28614,158541,0,                       0,158539,158539,0,                       0,158541
28615,158540,0,                       0,158540,158540,0,                       0,158540
28616,158541,0,                       0,158539,158539,0,                       0,158541
28617,158542,0,                       0,158538,158538,0,                       0,158542
28618,158541,0,                       0,158539,158539,0,                       0,158541
28619,158540,0,                       0,158540,158540,0,                       0,158540
28620,158539,0,                       0,158541,158541,0,                       0,158539
28621,158538,0,                       0,158542,158542,0,                       0,158538
28622,158539,0,                       0,158541,158541,0,                       0,158539
28623,158538,0,                       0,158542,158542,0,                       0,158538
28624,158539,0,                       0,158541,158541,0,                       0,158539
28625,158538,0,                       0,158542,158542,0,                       0,158538
28626,158539,0,                       0,158541,158541,0,                       0,158539
28627,158540,0,                       0,158540,158540,0,                       0,158540
28628,158541,0,                       0,158539,158539,0,                       0,158541
28629,158540,0,                       0,158540,158540,0,                       0,158540
28630,158541,0,                       0,158539,158539,0,                       0,158541
28631,158542,0,                       0,158538,158538,0,                       0,158542
28632,158541,0,                       0,158539,158539,0,                       0,158541
28633,158540,0,                       0,158540,158540,0,                       0,158540
28634,158541,0,                       0,158539,158539,0,                       0,158541
28635,158540,0,                       0,158540,158540,0,                       0,158540
28636,158539,0,                       0,158541,158541,0,                       0,158539
28637,158540,0,                       0,158540,158540,0,                       0,158540
28638,158541,0,                       0,158539,158539,0,                       0,158541
28639,158542,0,                       0,158538,158538,0,                       0,158542
28640,158543,0,                       0,158537,158537,0,                       0,158543
28641,158542,0,                       0,158538,158538,0,                       0,158542
28642,158541,0,                       0,158539,158539,0,                       0,158541
28643,158542,0,                       0,158538,158538,0,                       0,158542
28644,158541,0,                       0,158539,158539,0,                       0,158541
28645,158540,0,                       0,158540,158540,0,                       0,158540
28646,158541,0,                       0,158539,158539,0,                       0,158541
28647,158542,0,                       0,158538,158538,0,                       0,158542
28648,158541,0,                       0,158539,158539,0,                       0,158541
28649,158540,0,                       0,158540,158540,0,                       0,158540
28650,158541,0,                       0,158539,158539,0,                       0,158541
28651,158542,0,                       0,158538,158538,0,                       0,158542
28652,158541,0,                       0,158539,158539,0,                       0,158541
28653,158540,0,                       0,158540,158540,0,                       0,158540
28654,158539,0,                       0,158541,158541,0,                       0,158539
28655,158538,0,                       0,158542,158542,0,                       0,158538
28656,158539,0,                       0,158541,158541,0,                       0,158539
28657,158540,0,                       0,158540,158540,0,                       0,158540
28658,158541,0,                       0,158539,158539,0,                       0,158541
28659,158542,0,                       0,158538,158538,0,                       0,158542
28660,158541,0,                       0,158539,158539,0,                       0,158541
28661,158540,0,                       0,158540,158540,0,                       0,158540
28662,158539,0,                       0,158541,158541,0,                       0,158539
28663,158538,0,                       0,158542,158542,0,                       0,158538
28664,158539,0,                       0,158541,158541,0,                       0,158539
28665,158540,0,                       0,158540,158540,0,                       0,158540
28666,158539,0,                       0,158541,158541,0,                       0,158539
28667,158540,0,                       0,158540,158540,0,                       0,158540
28668,158541,0,                       0,158539,158539,0,                       0,158541
28669,158540,0,                       0,158540,158540,0,                       0,158540
28670,158539,0,                       0,158541,158541,0,                       0,158539
28671,158538,0,                       0,158542,158542,0,                       0,158538
28672,158539,0,                       0,158541,158541,0,                       0,158539
28673,158540,0,                       0,158540,158540,0,                       0,158540
28674,158541,0,                       0,158539,158539,0,                       0,158541
28675,158540,0,                       0,158540,158540,0,                       0,158540
28676,158541,0,                       0,158539,158539,0,                       0,158541
28677,158540,0,                       0,158540,158540,0,                       0,158540
28678,158541,0,                       0,158539,158539,0,                       0,158541
28679,158540,0,                       0,158540,158540,0,                       0,158540
28680,158541,0,                       0,158539,158539,0,                       0,158541
28681,158542,0,                       0,158538,158538,0,                       0,158542
28682,158543,0,                       0,158537,158537,0,                       0,158543
28683,158542,0,                       0,158538,158538,0,                       0,158542
28684,158543,0,                       0,158537,158537,0,                       0,158543
28685,158544,0,                       0,158536,158536,0,                       0,158544
28686,158543,0,                       0,158537,158537,0,                       0,158543
28687,158542,0,                       0,158538,158538,0,                       0,158542
28688,158541,0,                       0,158539,158539,0,                       0,158541
28689,158540,0,                       0,158540,158540,0,                       0,158540
28690,158541,0,                       0,158539,158539,0,                       0,158541
28691,158540,0,                       0,158540,158540,0,                       0,158540
28692,158541,0,                       0,158539,158539,0,                       0,158541
28693,158540,0,                       0,158540,158540,0,                       0,158540
28694,158541,0,                       0,158539,158539,0,                       0,158541
28695,158540,0,                       0,158540,158540,0,                       0,158540
28696,158541,0,                       0,158539,158539,0,                       0,158541
28697,158540,0,                       0,158540,158540,0,                       0,158540
28698,158541,0,                       0,158539,158539,0,                       0,158541
28699,158540,0,                       0,158540,158540,0,                       0,158540
28700,158539,0,                       0,158541,158541,0,                       0,158539
28701,158540,0,                       0,158540,158540,0,                       0,158540
28702,158541,0,                       0,158539,158539,0,                       0,158541
28703,158542,0,                       0,158538,158538,0,                       0,158542
28704,158541,0,                       0,158539,158539,0,                       0,158541
28705,158542,0,                       0,158538,158538,0,                       0,158542
28706,158541,0,                       0,158539,158539,0,                       0,158541
28707,158540,0,                       0,158540,158540,0,                       0,158540
28708,158541,0,                       0,158539,158539,0,                       0,158541
28709,158542,0,                       0,158538,158538,0,                       0,158542
28710,158541,0,                       0,158539,158539,0,                       0,158541
28711,158540,0,                       0,158540,158540,0,                       0,158540
28712,158539,0,                       0,158541,158541,0,                       0,158539
28713,158540,0,                       0,158540,158540,0,                       0,158540
28714,158539,0,                       0,158541,158541,0,                       0,158539
28715,158538,0,                       0,158542,158542,0,                       0,158538
28716,158539,0,                       0,158541,158541,0,                       0,158539
28717,158540,0,                       0,158540,158540,0,                       0,158540
28718,158539,0,                       0,158541,158541,0,                       0,158539
28719,158540,0,                       0,158540,158540,0,                       0,158540
28720,158541,0,                       0,158539,158539,0,                       0,158541
28721,158540,0,                       0,158540,158540,0,                       0,158540
28722,158539,0,                       0,158541,158541,0,                       0,158539
28723,158540,0,                       0,158540,158540,0,                       0,158540
28724,158539,0,                       0,158541,158541,0,                       0,158539
28725,158538,0,                       0,158542,158542,0,                       0,158538
28726,158537,0,                       0,158543,158543,0,                       0,158537
28727,158538,0,                       0,158542,158542,0,                       0,158538
28728,158539,0,                       0,158541,158541,0,                       0,158539
28729,158540,0,                       0,158540,158540,0,                       0,158540
28730,158539,0,                       0,158541,158541,0,                       0,158539
28731,158540,0,                       0,158540,158540,0,                       0,158540
28732,158541,0,                       0,158539,158539,0,                       0,158541
28733,158540,0,                       0,158540,158540,0,                       0,158540
28734,158539,0,                       0,158541,158541,0,                       0,158539
28735,158540,0,                       0,158540,158540,0,                       0,158540
28736,158539,0,                       0,158541,158541,0,                       0,158539
28737,158540,0,                       0,158540,158540,0,                       0,158540
28738,158541,0,                       0,158539,158539,0,                       0,158541
28739,158540,0,                       0,158540,158540,0,                       0,158540
28740,158541,0,                       0,158539,158539,0,                       0,158541
28741,158540,0,                       0,158540,158540,0,                       0,158540
28742,158541,0,                       0,158539,158539,0,                       0,158541
28743,158540,0,                       0,158540,158540,0,                       0,158540
28744,158541,0,                       0,158539,158539,0,                       0,158541
28745,158540,0,                       0,158540,158540,0,                       0,158540
28746,158541,0,                       0,158539,158539,0,                       0,158541
28747,158542,0,                       0,158538,158538,0,                       0,158542
28748,158541,0,                       0,158539,158539,0,                       0,158541
28749,158540,0,                       0,158540,158540,0,                       0,158540
28750,158539,0,                       0,158541,158541,0,                       0,158539
28751,158540,0,                       0,158540,158540,0,                       0,158540
28752,158541,0,                       0,158539,158539,0,                       0,158541
28753,158540,0,                       0,158540,158540,0,                       0,158540
28754,158539,0,                       0,158541,158541,0,                       0,158539
28755,158538,0,                       0,158542,158542,0,                       0,158538
28756,158539,0,                       0,158541,158541,0,                       0,158539
28757,158540,0,                       0,158540,158540,0,                       0,158540
28758,158539,0,                       0,158541,158541,0,                       0,158539
28759,158540,0,                       0,158540,158540,0,                       0,158540
28760,158541,0,                       0,158539,158539,0,                       0,158541
28761,158540,0,                       0,158540,158540,0,                       0,158540
28762,158539,0,                       0,158541,158541,0,                       0,158539
28763,158540,0,                       0,158540,158540,0,                       0,158540
28764,158541,0,                       0,158539,158539,0,                       0,158541
28765,158540,0,                       0,158540,158540,0,                       0,158540
28766,158539,0,                       0,158541,158541,0,                       0,158539
28767,158540,0,                       0,158540,158540,0,                       0,158540
28768,158539,0,                       0,158541,158541,0,                       0,158539
28769,158540,0,                       0,158540,158540,0,                       0,158540
28770,158539,0,                       0,158541,158541,0,                       0,158539
28771,158540,0,                       0,158540,158540,0,                       0,158540
28772,158541,0,                       0,158539,158539,0,                       0,158541
28773,158542,0,                       0,158538,158538,0,                       0,158542
28774,158543,0,                       0,158537,158537,0,                       0,158543
28775,158544,0,                       0,158536,158536,0,                       0,158544
28776,158545,0,                       0,158535,158535,0,                       0,158545
28777,158544,0,                       0,158536,158536,0,                       0,158544
28778,158543,0,                       0,158537,158537,0,                       0,158543
28779,158542,0,                       0,158538,158538,0,                       0,158542
28780,158541,0,                       0,158539,158539,0,                       0,158541
28781,158540,0,                       0,158540,158540,0,                       0,158540
28782,158541,0,                       0,158539,158539,0,                       0,158541
28783,158542,0,                       0,158538,158538,0,                       0,158542
28784,158541,0,                       0,158539,158539,0,                       0,158541
28785,158540,0,                       0,158540,158540,0,                       0,158540
28786,158539,0,                       0,158541,158541,0,                       0,158539
28787,158540,0,                       0,158540,158540,0,                       0,158540
28788,158539,0,                       0,158541,158541,0,                       0,158539
28789,158538,0,                       0,158542,158542,0,                       0,158538
28790,158539,0,                       0,158541,158541,0,                       0,158539
28791,158540,0,                       0,158540,158540,0,                       0,158540
28792,158539,0,                       0,158541,158541,0,                       0,158539
28793,158540,0,                       0,158540,158540,0,                       0,158540
28794,158539,0,                       0,158541,158541,0,                       0,158539
28795,158538,0,                       0,158542,158542,0,                       0,158538
28796,158537,0,                       0,158543,158543,0,                       0,158537
28797,158538,0,                       0,158542,158542,0,                       0,158538
28798,158539,0,                       0,158541,158541,0,                       0,158539
28799,158540,0,                       0,158540,158540,0,                       0,158540
28800,158541,0,                       0,158539,158539,0,                       0,158541
28801,158540,0,                       0,158540,158540,0,                       0,158540
28802,158539,0,                       0,158541,158541,0,                       0,158539
28803,158540,0,                       0,158540,158540,0,                       0,158540
28804,158539,0,                       0,158541,158541,0,                       0,158539
28805,158540,0,                       0,158540,158540,0,                       0,158540
28806,158541,0,                       0,158539,158539,0,                       0,158541
28807,158540,0,                       0,158540,158540,0,                       0,158540
28808,158539,0,                       0,158541,158541,0,                       0,158539
28809,158540,0,                       0,158540,158540,0,                       0,158540
28810,158539,0,                       0,158541,158541,0,                       0,158539
28811,158538,0,                       0,158542,158542,0,                       0,158538
28812,158539,0,                       0,158541,158541,0,                       0,158539
28813,158540,0,                       0,158540,158540,0,                       0,158540
28814,158539,0,                       0,158541,158541,0,                       0,158539
28815,158540,0,                       0,158540,158540,0,                       0,158540
28816,158541,0,                       0,158539,158539,0,                       0,158541
28817,158542,0,                       0,158538,158538,0,                       0,158542
28818,158541,0,                       0,158539,158539,0,                       0,158541
28819,158540,0,                       0,158540,158540,0,                       0,158540
28820,158539,0,                       0,158541,158541,0,                       0,158539
28821,158540,0,                       0,158540,158540,0,                       0,158540
28822,158539,0,                       0,158541,158541,0,                       0,158539
28823,158538,0,                       0,158542,158542,0,                       0,158538
28824,158539,0,                       0,158541,158541,0,                       0,158539
28825,158540,0,                       0,158540,158540,0,                       0,158540
28826,158539,0,                       0,158541,158541,0,                       0,158539
28827,158540,0,                       0,158540,158540,0,                       0,158540
28828,158539,0,                       0,158541,158541,0,                       0,158539
28829,158538,0,                       0,158542,158542,0,                       0,158538
28830,158539,0,                       0,158541,158541,0,                       0,158539
28831,158538,0,                       0,158542,158542,0,                       0,158538
28832,158539,0,                       0,158541,158541,0,                       0,158539
28833,158540,0,                       0,158540,158540,0,                       0,158540
28834,158541,0,                       0,158539,158539,0,                       0,158541
28835,158540,0,                       0,158540,158540,0,                       0,158540
28836,158539,0,                       0,158541,158541,0,                       0,158539
28837,158540,0,                       0,158540,158540,0,                       0,158540
28838,158539,0,                       0,158541,158541,0,                       0,158539
28839,158538,0,                       0,158542,158542,0,                       0,158538
28840,158539,0,                       0,158541,158541,0,                       0,158539
28841,158538,0,                       0,158542,158542,0,                       0,158538
28842,158539,0,                       0,158541,158541,0,                       0,158539
28843,158540,0,                       0,158540,158540,0,                       0,158540
28844,158539,0,                       0,158541,158541,0,                       0,158539
28845,158540,0,                       0,158540,158540,0,                       0,158540
28846,158541,0,                       0,158539,158539,0,                       0,158541
28847,158540,0,                       0,158540,158540,0,                       0,158540
28848,158541,0,                       0,158539,158539,0,                       0,158541
28849,158540,0,                       0,158540,158540,0,                       0,158540
28850,158539,0,                       0,158541,158541,0,                       0,158539
28851,158538,0,                       0,158542,158542,0,                       0,158538
28852,158537,0,                       0,158543,158543,0,                       0,158537
28853,158536,0,                       0,158544,158544,0,                       0,158536
28854,158537,0,                       0,158543,158543,0,                       0,158537
28855,158538,0,                       0,158542,158542,0,                       0,158538
28856,158539,0,                       0,158541,158541,0,                       0,158539
28857,158540,0,                       0,158540,158540,0,                       0,158540
28858,158541,0,                       0,158539,158539,0,                       0,158541
28859,158542,0,                       0,158538,158538,0,                       0,158542
28860,158541,0,                       0,158539,158539,0,                       0,158541
28861,158542,0,                       0,158538,158538,0,                       0,158542
28862,158541,0,                       0,158539,158539,0,                       0,158541
28863,158542,0,                       0,158538,158538,0,                       0,158542
28864,158541,0,                       0,158539,158539,0,                       0,158541
28865,158542,0,                       0,158538,158538,0,                       0,158542
28866,158541,0,                       0,158539,158539,0,                       0,158541
28867,158542,0,                       0,158538,158538,0,                       0,158542
28868,158543,0,                       0,158537,158537,0,                       0,158543
28869,158542,0,                       0,158538,158538,0,                       0,158542
28870,158541,0,                       0,158539,158539,0,                       0,158541
28871,158540,0,                       0,158540,158540,0,                       0,158540
28872,158541,0,                       0,158539,158539,0,                       0,158541
28873,158542,0,                       0,158538,158538,0,                       0,158542
28874,158541,0,                       0,158539,158539,0,                       0,158541
28875,158540,0,                       0,158540,158540,0,                       0,158540
28876,158539,0,                       0,158541,158541,0,                       0,158539
28877,158540,0,                       0,158540,158540,0,                       0,158540
28878,158539,0,                       0,158541,158541,0,                       0,158539
28879,158540,0,                       0,158540,158540,0,                       0,158540
28880,158541,0,                       0,158539,158539,0,                       0,158541
28881,158542,0,                       0,158538,158538,0,                       0,158542
28882,158541,0,                       0,158539,158539,0,                       0,158541
28883,158540,0,                       0,158540,158540,0,                       0,158540
28884,158541,0,                       0,158539,158539,0,                       0,158541
28885,158540,0,                       0,158540,158540,0,                       0,158540
28886,158539,0,                       0,158541,158541,0,                       0,158539
28887,158538,0,                       0,158542,158542,0,                       0,158538
28888,158537,0,                       0,158543,158543,0,                       0,158537
28889,158538,0,                       0,158542,158542,0,                       0,158538
28890,158539,0,                       0,158541,158541,0,                       0,158539
28891,158540,0,                       0,158540,158540,0,                       0,158540
28892,158541,0,                       0,158539,158539,0,                       0,158541
28893,158540,0,                       0,158540,158540,0,                       0,158540
28894,158541,0,                       0,158539,158539,0,                       0,158541
28895,158540,0,                       0,158540,158540,0,                       0,158540
28896,158539,0,                       0,158541,158541,0,                       0,158539
28897,158538,0,                       0,158542,158542,0,                       0,158538
28898,158539,0,                       0,158541,158541,0,                       0,158539
28899,158540,0,                       0,158540,158540,0,                       0,158540
28900,158539,0,                       0,158541,158541,0,                       0,158539
28901,158540,0,                       0,158540,158540,0,                       0,158540
28902,158541,0,                       0,158539,158539,0,                       0,158541
28903,158540,0,                       0,158540,158540,0,                       0,158540
28904,158541,0,                       0,158539,158539,0,                       0,158541
28905,158540,0,                       0,158540,158540,0,                       0,158540
28906,158541,0,                       0,158539,158539,0,                       0,158541
28907,158542,0,                       0,158538,158538,0,                       0,158542
28908,158541,0,                       0,158539,158539,0,                       0,158541
28909,158540,0,                       0,158540,158540,0,                       0,158540
28910,158539,0,                       0,158541,158541,0,                       0,158539
28911,158538,0,                       0,158542,158542,0,                       0,158538
28912,158539,0,                       0,158541,158541,0,                       0,158539
28913,158540,0,                       0,158540,158540,0,                       0,158540
28914,158541,0,                       0,158539,158539,0,                       0,158541
28915,158540,0,                       0,158540,158540,0,                       0,158540
28916,158539,0,                       0,158541,158541,0,                       0,158539
28917,158538,0,                       0,158542,158542,0,                       0,158538
28918,158539,0,                       0,158541,158541,0,                       0,158539
28919,158538,0,                       0,158542,158542,0,                       0,158538
28920,158539,0,                       0,158541,158541,0,                       0,158539
28921,158538,0,                       0,158542,158542,0,                       0,158538
28922,158539,0,                       0,158541,158541,0,                       0,158539
28923,158538,0,                       0,158542,158542,0,                       0,158538
28924,158537,0,                       0,158543,158543,0,                       0,158537
28925,158538,0,                       0,158542,158542,0,                       0,158538
28926,158539,0,                       0,158541,158541,0,                       0,158539
28927,158538,0,                       0,158542,158542,0,                       0,158538
28928,158537,0,                       0,158543,158543,0,                       0,158537
28929,158538,0,                       0,158542,158542,0,                       0,158538
28930,158539,0,                       0,158541,158541,0,                       0,158539
28931,158540,0,                       0,158540,158540,0,                       0,158540
28932,158541,0,                       0,158539,158539,0,                       0,158541
28933,158542,0,                       0,158538,158538,0,                       0,158542
28934,158541,0,                       0,158539,158539,0,                       0,158541
28935,158540,0,                       0,158540,158540,0,                       0,158540
28936,158541,0,                       0,158539,158539,0,                       0,158541
28937,158540,0,                       0,158540,158540,0,                       0,158540
28938,158541,0,                       0,158539,158539,0,                       0,158541
28939,158542,0,                       0,158538,158538,0,                       0,158542
28940,158541,0,                       0,158539,158539,0,                       0,158541
28941,158540,0,                       0,158540,158540,0,                       0,158540
28942,158539,0,                       0,158541,158541,0,                       0,158539
28943,158540,0,                       0,158540,158540,0,                       0,158540
28944,158541,0,                       0,158539,158539,0,                       0,158541
28945,158542,0,                       0,158538,158538,0,                       0,158542
28946,158541,0,                       0,158539,158539,0,                       0,158541
28947,158542,0,                       0,158538,158538,0,                       0,158542
28948,158541,0,                       0,158539,158539,0,                       0,158541
28949,158540,0,                       0,158540,158540,0,                       0,158540
28950,158541,0,                       0,158539,158539,0,                       0,158541
28951,158542,0,                       0,158538,158538,0,                       0,158542
28952,158543,0,                       0,158537,158537,0,                       0,158543
28953,158542,0,                       0,158538,158538,0,                       0,158542
28954,158541,0,                       0,158539,158539,0,                       0,158541
28955,158540,0,                       0,158540,158540,0,                       0,158540
28956,158539,0,                       0,158541,158541,0,                       0,158539
28957,158540,0,                       0,158540,158540,0,                       0,158540
28958,158539,0,                       0,158541,158541,0,                       0,158539
28959,158540,0,                       0,158540,158540,0,                       0,158540
28960,158541,0,                       0,158539,158539,0,                       0,158541
28961,158540,0,                       0,158540,158540,0,                       0,158540
28962,158539,0,                       0,158541,158541,0,                       0,158539
28963,158540,0,                       0,158540,158540,0,                       0,158540
28964,158541,0,                       0,158539,158539,0,                       0,158541
28965,158542,0,                       0,158538,158538,0,                       0,158542
28966,158541,0,                       0,158539,158539,0,                       0,158541
28967,158542,0,                       0,158538,158538,0,                       0,158542
28968,158543,0,                       0,158537,158537,0,                       0,158543
28969,158542,0,                       0,158538,158538,0,                       0,158542
28970,158541,0,                       0,158539,158539,0,                       0,158541
28971,158540,0,                       0,158540,158540,0,                       0,158540
28972,158541,0,                       0,158539,158539,0,                       0,158541
28973,158540,0,                       0,158540,158540,0,                       0,158540
28974,158539,0,                       0,158541,158541,0,                       0,158539
28975,158540,0,                       0,158540,158540,0,                       0,158540
28976,158539,0,                       0,158541,158541,0,                       0,158539
28977,158538,0,                       0,158542,158542,0,                       0,158538
28978,158539,0,                       0,158541,158541,0,                       0,158539
28979,158540,0,                       0,158540,158540,0,                       0,158540
28980,158539,0,                       0,158541,158541,0,                       0,158539
28981,158540,0,                       0,158540,158540,0,                       0,158540
28982,158539,0,                       0,158541,158541,0,                       0,158539
28983,158538,0,                       0,158542,158542,0,                       0,158538
28984,158537,0,                       0,158543,158543,0,                       0,158537
28985,158538,0,                       0,158542,158542,0,                       0,158538
28986,158537,0,                       0,158543,158543,0,                       0,158537
28987,158538,0,                       0,158542,158542,0,                       0,158538
28988,158539,0,                       0,158541,158541,0,                       0,158539
28989,158538,0,                       0,158542,158542,0,                       0,158538
28990,158539,0,                       0,158541,158541,0,                       0,158539
28991,158540,0,                       0,158540,158540,0,                       0,158540
28992,158539,0,                       0,158541,158541,0,                       0,158539
28993,158540,0,                       0,158540,158540,0,                       0,158540
28994,158539,0,                       0,158541,158541,0,                       0,158539
28995,158538,0,                       0,158542,158542,0,                       0,158538
28996,158539,0,                       0,158541,158541,0,                       0,158539
28997,158540,0,                       0,158540,158540,0,                       0,158540
28998,158541,0,                       0,158539,158539,0,                       0,158541
28999,158542,0,                       0,158538,158538,0,                       0,158542
29000,158541,0,                       0,158539,158539,0,                       0,158541
29001,158542,0,                       0,158538,158538,0,                       0,158542
29002,158541,0,                       0,158539,158539,0,                       0,158541
29003,158540,0,                       0,158540,158540,0,                       0,158540
29004,158541,0,                       0,158539,158539,0,                       0,158541
29005,158540,0,                       0,158540,158540,0,                       0,158540
29006,158539,0,                       0,158541,158541,0,                       0,158539
29007,158538,0,                       0,158542,158542,0,                       0,158538
29008,158539,0,                       0,158541,158541,0,                       0,158539
29009,158540,0,                       0,158540,158540,0,                       0,158540
29010,158541,0,                       0,158539,158539,0,                       0,158541
29011,158540,0,                       0,158540,158540,0,                       0,158540
29012,158539,0,                       0,158541,158541,0,                       0,158539
29013,158540,0,                       0,158540,158540,0,                       0,158540
29014,158541,0,                       0,158539,158539,0,                       0,158541
29015,158542,0,                       0,158538,158538,0,                       0,158542
29016,158541,0,                       0,158539,158539,0,                       0,158541
29017,158540,0,                       0,158540,158540,0,                       0,158540
29018,158541,0,                       0,158539,158539,0,                       0,158541
29019,158542,0,                       0,158538,158538,0,                       0,158542
29020,158543,0,                       0,158537,158537,0,                       0,158543
29021,158542,0,                       0,158538,158538,0,                       0,158542
29022,158543,0,                       0,158537,158537,0,                       0,158543
29023,158542,0,                       0,158538,158538,0,                       0,158542
29024,158543,0,                       0,158537,158537,0,                       0,158543
29025,158544,0,                       0,158536,158536,0,                       0,158544
29026,158543,0,                       0,158537,158537,0,                       0,158543
29027,158542,0,                       0,158538,158538,0,                       0,158542
29028,158541,0,                       0,158539,158539,0,                       0,158541
29029,158540,0,                       0,158540,158540,0,                       0,158540
29030,158539,0,                       0,158541,158541,0,                       0,158539
29031,158538,0,                       0,158542,158542,0,                       0,158538
29032,158537,0,                       0,158543,158543,0,                       0,158537
29033,158538,0,                       0,158542,158542,0,                       0,158538
29034,158539,0,                       0,158541,158541,0,                       0,158539
29035,158540,0,                       0,158540,158540,0,                       0,158540
29036,158541,0,                       0,158539,158539,0,                       0,158541
29037,158540,0,                       0,158540,158540,0,                       0,158540
29038,158539,0,                       0,158541,158541,0,                       0,158539
29039,158540,0,                       0,158540,158540,0,                       0,158540
29040,158541,0,                       0,158539,158539,0,                       0,158541
29041,158540,0,                       0,158540,158540,0,                       0,158540
29042,158541,0,                       0,158539,158539,0,                       0,158541
29043,158542,0,                       0,158538,158538,0,                       0,158542
29044,158541,0,                       0,158539,158539,0,                       0,158541
29045,158542,0,                       0,158538,158538,0,                       0,158542
29046,158543,0,                       0,158537,158537,0,                       0,158543
29047,158542,0,                       0,158538,158538,0,                       0,158542
29048,158541,0,                       0,158539,158539,0,                       0,158541
29049,158540,0,                       0,158540,158540,0,                       0,158540
29050,158539,0,                       0,158541,158541,0,                       0,158539
29051,158538,0,                       0,158542,158542,0,                       0,158538
29052,158537,0,                       0,158543,158543,0,                       0,158537
29053,158538,0,                       0,158542,158542,0,                       0,158538
29054,158539,0,                       0,158541,158541,0,                       0,158539
29055,158540,0,                       0,158540,158540,0,                       0,158540
29056,158541,0,                       0,158539,158539,0,                       0,158541
29057,158540,0,                       0,158540,158540,0,                       0,158540
29058,158539,0,                       0,158541,158541,0,                       0,158539
29059,158538,0,                       0,158542,158542,0,                       0,158538
29060,158539,0,                       0,158541,158541,0,                       0,158539
29061,158540,0,                       0,158540,158540,0,                       0,158540
29062,158541,0,                       0,158539,158539,0,                       0,158541
29063,158542,0,                       0,158538,158538,0,                       0,158542
29064,158541,0,                       0,158539,158539,0,                       0,158541
29065,158540,0,                       0,158540,158540,0,                       0,158540
29066,158539,0,                       0,158541,158541,0,                       0,158539
29067,158540,0,                       0,158540,158540,0,                       0,158540
29068,158539,0,                       0,158541,158541,0,                       0,158539
29069,158540,0,                       0,158540,158540,0,                       0,158540
29070,158541,0,                       0,158539,158539,0,                       0,158541
29071,158542,0,                       0,158538,158538,0,                       0,158542
29072,158541,0,                       0,158539,158539,0,                       0,158541
29073,158540,0,                       0,158540,158540,0,                       0,158540
29074,158539,0,                       0,158541,158541,0,                       0,158539
29075,158538,0,                       0,158542,158542,0,                       0,158538
29076,158539,0,                       0,158541,158541,0,                       0,158539
29077,158540,0,                       0,158540,158540,0,                       0,158540
29078,158539,0,                       0,158541,158541,0,                       0,158539
29079,158540,0,                       0,158540,158540,0,                       0,158540
29080,158541,0,                       0,158539,158539,0,                       0,158541
29081,158542,0,                       0,158538,158538,0,                       0,158542
29082,158543,0,                       0,158537,158537,0,                       0,158543
29083,158542,0,                       0,158538,158538,0,                       0,158542
29084,158541,0,                       0,158539,158539,0,                       0,158541
29085,158540,0,                       0,158540,158540,0,                       0,158540
29086,158541,0,                       0,158539,158539,0,                       0,158541
29087,158540,0,                       0,158540,158540,0,                       0,158540
29088,158539,0,                       0,158541,158541,0,                       0,158539
29089,158540,0,                       0,158540,158540,0,                       0,158540
29090,158539,0,                       0,158541,158541,0,                       0,158539
29091,158540,0,                       0,158540,158540,0,                       0,158540
29092,158541,0,                       0,158539,158539,0,                       0,158541
29093,158540,0,                       0,158540,158540,0,                       0,158540
29094,158541,0,                       0,158539,158539,0,                       0,158541
29095,158540,0,                       0,158540,158540,0,                       0,158540
29096,158539,0,                       0,158541,158541,0,                       0,158539
29097,158540,0,                       0,158540,158540,0,                       0,158540
29098,158541,0,                       0,158539,158539,0,                       0,158541
29099,158540,0,                       0,158540,158540,0,                       0,158540
29100,158539,0,                       0,158541,158541,0,                       0,158539
29101,158538,0,                       0,158542,158542,0,                       0,158538
29102,158539,0,                       0,158541,158541,0,                       0,158539
29103,158540,0,                       0,158540,158540,0,                       0,158540
29104,158541,0,                       0,158539,158539,0,                       0,158541
29105,158540,0,                       0,158540,158540,0,                       0,158540
29106,158539,0,                       0,158541,158541,0,                       0,158539
29107,158538,0,                       0,158542,158542,0,                       0,158538
29108,158539,0,                       0,158541,158541,0,                       0,158539
29109,158540,0,                       0,158540,158540,0,                       0,158540
29110,158541,0,                       0,158539,158539,0,                       0,158541
29111,158540,0,                       0,158540,158540,0,                       0,158540
29112,158541,0,                       0,158539,158539,0,                       0,158541
29113,158540,0,                       0,158540,158540,0,                       0,158540
29114,158541,0,                       0,158539,158539,0,                       0,158541
29115,158540,0,                       0,158540,158540,0,                       0,158540
29116,158541,0,                       0,158539,158539,0,                       0,158541
29117,158542,0,                       0,158538,158538,0,                       0,158542
29118,158543,0,                       0,158537,158537,0,                       0,158543
29119,158542,0,                       0,158538,158538,0,                       0,158542
29120,158541,0,                       0,158539,158539,0,                       0,158541
29121,158540,0,                       0,158540,158540,0,                       0,158540
29122,158539,0,                       0,158541,158541,0,                       0,158539
29123,158538,0,                       0,158542,158542,0,                       0,158538
29124,158539,0,                       0,158541,158541,0,                       0,158539
29125,158540,0,                       0,158540,158540,0,                       0,158540
29126,158541,0,                       0,158539,158539,0,                       0,158541
29127,158542,0,                       0,158538,158538,0,                       0,158542
29128,158543,0,                       0,158537,158537,0,                       0,158543
29129,158542,0,                       0,158538,158538,0,                       0,158542
29130,158541,0,                       0,158539,158539,0,                       0,158541
29131,158540,0,                       0,158540,158540,0,                       0,158540
29132,158539,0,                       0,158541,158541,0,                       0,158539
29133,158540,0,                       0,158540,158540,0,                       0,158540
29134,158539,0,                       0,158541,158541,0,                       0,158539
29135,158540,0,                       0,158540,158540,0,                       0,158540
29136,158541,0,                       0,158539,158539,0,                       0,158541
29137,158540,0,                       0,158540,158540,0,                       0,158540
29138,158541,0,                       0,158539,158539,0,                       0,158541
29139,158540,0,                       0,158540,158540,0,                       0,158540
29140,158539,0,                       0,158541,158541,0,                       0,158539
29141,158540,0,                       0,158540,158540,0,                       0,158540
29142,158541,0,                       0,158539,158539,0,                       0,158541
29143,158540,0,                       0,158540,158540,0,                       0,158540
29144,158539,0,                       0,158541,158541,0,                       0,158539
29145,158540,0,                       0,158540,158540,0,                       0,158540
29146,158541,0,                       0,158539,158539,0,                       0,158541
29147,158540,0,                       0,158540,158540,0,                       0,158540
29148,158541,0,                       0,158539,158539,0,                       0,158541
29149,158540,0,                       0,158540,158540,0,                       0,158540
29150,158541,0,                       0,158539,158539,0,                       0,158541
29151,158540,0,                       0,158540,158540,0,                       0,158540
29152,158539,0,                       0,158541,158541,0,                       0,158539
29153,158540,0,                       0,158540,158540,0,                       0,158540
29154,158539,0,                       0,158541,158541,0,                       0,158539
29155,158538,0,                       0,158542,158542,0,                       0,158538
29156,158539,0,                       0,158541,158541,0,                       0,158539
29157,158538,0,                       0,158542,158542,0,                       0,158538
29158,158537,0,                       0,158543,158543,0,                       0,158537
29159,158536,0,                       0,158544,158544,0,                       0,158536
29160,158537,0,                       0,158543,158543,0,                       0,158537
29161,158538,0,                       0,158542,158542,0,                       0,158538
29162,158539,0,                       0,158541,158541,0,                       0,158539
29163,158540,0,                       0,158540,158540,0,                       0,158540
29164,158541,0,                       0,158539,158539,0,                       0,158541
29165,158540,0,                       0,158540,158540,0,                       0,158540
29166,158539,0,                       0,158541,158541,0,                       0,158539
29167,158538,0,                       0,158542,158542,0,                       0,158538
29168,158539,0,                       0,158541,158541,0,                       0,158539
29169,158540,0,                       0,158540,158540,0,                       0,158540
29170,158539,0,                       0,158541,158541,0,                       0,158539
29171,158540,0,                       0,158540,158540,0,                       0,158540
29172,158539,0,                       0,158541,158541,0,                       0,158539
29173,158540,0,                       0,158540,158540,0,                       0,158540
29174,158541,0,                       0,158539,158539,0,                       0,158541
29175,158540,0,                       0,158540,158540,0,                       0,158540
29176,158539,0,                       0,158541,158541,0,                       0,158539
29177,158538,0,                       0,158542,158542,0,                       0,158538
29178,158537,0,                       0,158543,158543,0,                       0,158537
29179,158538,0,                       0,158542,158542,0,                       0,158538
29180,158539,0,                       0,158541,158541,0,                       0,158539
29181,158540,0,                       0,158540,158540,0,                       0,158540
29182,158541,0,                       0,158539,158539,0,                       0,158541
29183,158542,0,                       0,158538,158538,0,                       0,158542
29184,158541,0,                       0,158539,158539,0,                       0,158541
29185,158540,0,                       0,158540,158540,0,                       0,158540
29186,158539,0,                       0,158541,158541,0,                       0,158539
29187,158540,0,                       0,158540,158540,0,                       0,158540
29188,158539,0,                       0,158541,158541,0,                       0,158539
29189,158540,0,                       0,158540,158540,0,                       0,158540
29190,158539,0,                       0,158541,158541,0,                       0,158539
29191,158540,0,                       0,158540,158540,0,                       0,158540
29192,158539,0,                       0,158541,158541,0,                       0,158539
29193,158540,0,                       0,158540,158540,0,                       0,158540
29194,158539,0,                       0,158541,158541,0,                       0,158539
29195,158540,0,                       0,158540,158540,0,                       0,158540
29196,158539,0,                       0,158541,158541,0,                       0,158539
29197,158538,0,                       0,158542,158542,0,                       0,158538
29198,158539,0,                       0,158541,158541,0,                       0,158539
29199,158540,0,                       0,158540,158540,0,                       0,158540
29200,158541,0,                       0,158539,158539,0,                       0,158541
29201,158540,0,                       0,158540,158540,0,                       0,158540
29202,158541,0,                       0,158539,158539,0,                       0,158541
29203,158540,0,                       0,158540,158540,0,                       0,158540
29204,158541,0,                       0,158539,158539,0,                       0,158541
29205,158542,0,                       0,158538,158538,0,                       0,158542
29206,158541,0,                       0,158539,158539,0,                       0,158541
29207,158540,0,                       0,158540,158540,0,                       0,158540
29208,158539,0,                       0,158541,158541,0,                       0,158539
29209,158540,0,                       0,158540,158540,0,                       0,158540
29210,158539,0,                       0,158541,158541,0,                       0,158539
29211,158540,0,                       0,158540,158540,0,                       0,158540
29212,158539,0,                       0,158541,158541,0,                       0,158539
29213,158540,0,                       0,158540,158540,0,                       0,158540
29214,158541,0,                       0,158539,158539,0,                       0,158541
29215,158542,0,                       0,158538,158538,0,                       0,158542
29216,158543,0,                       0,158537,158537,0,                       0,158543
29217,158542,0,                       0,158538,158538,0,                       0,158542
29218,158541,0,                       0,158539,158539,0,                       0,158541
29219,158540,0,                       0,158540,158540,0,                       0,158540
29220,158541,0,                       0,158539,158539,0,                       0,158541
29221,158542,0,                       0,158538,158538,0,                       0,158542
29222,158543,0,                       0,158537,158537,0,                       0,158543
29223,158542,0,                       0,158538,158538,0,                       0,158542
29224,158541,0,                       0,158539,158539,0,                       0,158541
29225,158540,0,                       0,158540,158540,0,                       0,158540
29226,158541,0,                       0,158539,158539,0,                       0,158541
29227,158542,0,                       0,158538,158538,0,                       0,158542
29228,158543,0,                       0,158537,158537,0,                       0,158543
29229,158542,0,                       0,158538,158538,0,                       0,158542
29230,158541,0,                       0,158539,158539,0,                       0,158541
29231,158540,0,                       0,158540,158540,0,                       0,158540
29232,158541,0,                       0,158539,158539,0,                       0,158541
29233,158540,0,                       0,158540,158540,0,                       0,158540
29234,158541,0,                       0,158539,158539,0,                       0,158541
29235,158542,0,                       0,158538,158538,0,                       0,158542
29236,158543,0,                       0,158537,158537,0,                       0,158543
29237,158542,0,                       0,158538,158538,0,                       0,158542
29238,158541,0,                       0,158539,158539,0,                       0,158541
29239,158542,0,                       0,158538,158538,0,                       0,158542
29240,158541,0,                       0,158539,158539,0,                       0,158541
29241,158542,0,                       0,158538,158538,0,                       0,158542
29242,158541,0,                       0,158539,158539,0,                       0,158541
29243,158542,0,                       0,158538,158538,0,                       0,158542
29244,158541,0,                       0,158539,158539,0,                       0,158541
29245,158540,0,                       0,158540,158540,0,                       0,158540
29246,158539,0,                       0,158541,158541,0,                       0,158539
29247,158540,0,                       0,158540,158540,0,                       0,158540
29248,158539,0,                       0,158541,158541,0,                       0,158539
29249,158540,0,                       0,158540,158540,0,                       0,158540
29250,158539,0,                       0,158541,158541,0,                       0,158539
29251,158540,0,                       0,158540,158540,0,                       0,158540
29252,158539,0,                       0,158541,158541,0,                       0,158539
29253,158540,0,                       0,158540,158540,0,                       0,158540
29254,158541,0,                       0,158539,158539,0,                       0,158541
29255,158540,0,                       0,158540,158540,0,                       0,158540
29256,158541,0,                       0,158539,158539,0,                       0,158541
29257,158540,0,                       0,158540,158540,0,                       0,158540
29258,158539,0,                       0,158541,158541,0,                       0,158539
29259,158538,0,                       0,158542,158542,0,                       0,158538
29260,158539,0,                       0,158541,158541,0,                       0,158539
29261,158540,0,                       0,158540,158540,0,                       0,158540
29262,158541,0,                       0,158539,158539,0,                       0,158541
29263,158540,0,                       0,158540,158540,0,                       0,158540
29264,158541,0,                       0,158539,158539,0,                       0,158541
29265,158542,0,                       0,158538,158538,0,                       0,158542
29266,158541,0,                       0,158539,158539,0,                       0,158541
29267,158540,0,                       0,158540,158540,0,                       0,158540
29268,158541,0,                       0,158539,158539,0,                       0,158541
29269,158540,0,                       0,158540,158540,0,                       0,158540
29270,158541,0,                       0,158539,158539,0,                       0,158541
29271,158540,0,                       0,158540,158540,0,                       0,158540
29272,158541,0,                       0,158539,158539,0,                       0,158541
29273,158540,0,                       0,158540,158540,0,                       0,158540
29274,158539,0,                       0,158541,158541,0,                       0,158539
29275,158540,0,                       0,158540,158540,0,                       0,158540
29276,158541,0,                       0,158539,158539,0,                       0,158541
29277,158540,0,                       0,158540,158540,0,                       0,158540
29278,158539,0,                       0,158541,158541,0,                       0,158539
29279,158540,0,                       0,158540,158540,0,                       0,158540
29280,158541,0,                       0,158539,158539,0,                       0,158541
29281,158540,0,                       0,158540,158540,0,                       0,158540
29282,158539,0,                       0,158541,158541,0,                       0,158539
29283,158538,0,                       0,158542,158542,0,                       0,158538
29284,158537,0,                       0,158543,158543,0,                       0,158537
29285,158536,0,                       0,158544,158544,0,                       0,158536
29286,158537,0,                       0,158543,158543,0,                       0,158537
29287,158536,0,                       0,158544,158544,0,                       0,158536
29288,158535,0,                       0,158545,158545,0,                       0,158535
29289,158536,0,                       0,158544,158544,0,                       0,158536
29290,158537,0,                       0,158543,158543,0,                       0,158537
29291,158538,0,                       0,158542,158542,0,                       0,158538
29292,158539,0,                       0,158541,158541,0,                       0,158539
29293,158538,0,                       0,158542,158542,0,                       0,158538
29294,158539,0,                       0,158541,158541,0,                       0,158539
29295,158540,0,                       0,158540,158540,0,                       0,158540
29296,158539,0,                       0,158541,158541,0,                       0,158539
29297,158540,0,                       0,158540,158540,0,                       0,158540
29298,158539,0,                       0,158541,158541,0,                       0,158539
29299,158538,0,                       0,158542,158542,0,                       0,158538
29300,158537,0,                       0,158543,158543,0,                       0,158537
29301,158538,0,                       0,158542,158542,0,                       0,158538
29302,158539,0,                       0,158541,158541,0,                       0,158539
29303,158540,0,                       0,158540,158540,0,                       0,158540
29304,158541,0,                       0,158539,158539,0,                       0,158541
29305,158542,0,                       0,158538,158538,0,                       0,158542
29306,158541,0,                       0,158539,158539,0,                       0,158541
29307,158542,0,                       0,158538,158538,0,                       0,158542
29308,158541,0,                       0,158539,158539,0,                       0,158541
29309,158542,0,                       0,158538,158538,0,                       0,158542
29310,158543,0,                       0,158537,158537,0,                       0,158543
29311,158544,0,                       0,158536,158536,0,                       0,158544
29312,158543,0,                       0,158537,158537,0,                       0,158543
29313,158542,0,                       0,158538,158538,0,                       0,158542
29314,158541,0,                       0,158539,158539,0,                       0,158541
29315,158540,0,                       0,158540,158540,0,                       0,158540
29316,158539,0,                       0,158541,158541,0,                       0,158539
29317,158538,0,                       0,158542,158542,0,                       0,158538
29318,158539,0,                       0,158541,158541,0,                       0,158539
29319,158540,0,                       0,158540,158540,0,                       0,158540
29320,158541,0,                       0,158539,158539,0,                       0,158541
29321,158542,0,                       0,158538,158538,0,                       0,158542
29322,158541,0,                       0,158539,158539,0,                       0,158541
29323,158542,0,                       0,158538,158538,0,                       0,158542
29324,158541,0,                       0,158539,158539,0,                       0,158541
29325,158540,0,                       0,158540,158540,0,                       0,158540
29326,158539,0,                       0,158541,158541,0,                       0,158539
29327,158540,0,                       0,158540,158540,0,                       0,158540
29328,158539,0,                       0,158541,158541,0,                       0,158539
29329,158538,0,                       0,158542,158542,0,                       0,158538
29330,158537,0,                       0,158543,158543,0,                       0,158537
29331,158538,0,                       0,158542,158542,0,                       0,158538
29332,158539,0,                       0,158541,158541,0,                       0,158539
29333,158540,0,                       0,158540,158540,0,                       0,158540
29334,158541,0,                       0,158539,158539,0,                       0,158541
29335,158542,0,                       0,158538,158538,0,                       0,158542
29336,158541,0,                       0,158539,158539,0,                       0,158541
29337,158542,0,                       0,158538,158538,0,                       0,158542
29338,158541,0,                       0,158539,158539,0,                       0,158541
29339,158542,0,                       0,158538,158538,0,                       0,158542
29340,158543,0,                       0,158537,158537,0,                       0,158543
29341,158542,0,                       0,158538,158538,0,                       0,158542
29342,158541,0,                       0,158539,158539,0,                       0,158541
29343,158542,0,                       0,158538,158538,0,                       0,158542
29344,158541,0,                       0,158539,158539,0,                       0,158541
29345,158542,0,                       0,158538,158538,0,                       0,158542
29346,158541,0,                       0,158539,158539,0,                       0,158541
29347,158542,0,                       0,158538,158538,0,                       0,158542
29348,158543,0,                       0,158537,158537,0,                       0,158543
29349,158542,0,                       0,158538,158538,0,                       0,158542
29350,158541,0,                       0,158539,158539,0,                       0,158541
29351,158540,0,                       0,158540,158540,0,                       0,158540
29352,158539,0,                       0,158541,158541,0,                       0,158539
29353,158540,0,                       0,158540,158540,0,                       0,158540
29354,158539,0,                       0,158541,158541,0,                       0,158539
29355,158540,0,                       0,158540,158540,0,                       0,158540
29356,158539,0,                       0,158541,158541,0,                       0,158539
29357,158540,0,                       0,158540,158540,0,                       0,158540
29358,158541,0,                       0,158539,158539,0,                       0,158541
29359,158540,0,                       0,158540,158540,0,                       0,158540
29360,158541,0,                       0,158539,158539,0,                       0,158541
29361,158542,0,                       0,158538,158538,0,                       0,158542
29362,158541,0,                       0,158539,158539,0,                       0,158541
29363,158540,0,                       0,158540,158540,0,                       0,158540
29364,158541,0,                       0,158539,158539,0,                       0,158541
29365,158542,0,                       0,158538,158538,0,                       0,158542
29366,158541,0,                       0,158539,158539,0,                       0,158541
29367,158542,0,                       0,158538,158538,0,                       0,158542
29368,158543,0,                       0,158537,158537,0,                       0,158543
29369,158542,0,                       0,158538,158538,0,                       0,158542
29370,158541,0,                       0,158539,158539,0,                       0,158541
29371,158540,0,                       0,158540,158540,0,                       0,158540
29372,158541,0,                       0,158539,158539,0,                       0,158541
29373,158542,0,                       0,158538,158538,0,                       0,158542
29374,158541,0,                       0,158539,158539,0,                       0,158541
29375,158540,0,                       0,158540,158540,0,                       0,158540
29376,158541,0,                       0,158539,158539,0,                       0,158541
29377,158540,0,                       0,158540,158540,0,                       0,158540
29378,158539,0,                       0,158541,158541,0,                       0,158539
29379,158540,0,                       0,158540,158540,0,                       0,158540
29380,158541,0,                       0,158539,158539,0,                       0,158541
29381,158542,0,                       0,158538,158538,0,                       0,158542
29382,158543,0,                       0,158537,158537,0,                       0,158543
29383,158542,0,                       0,158538,158538,0,                       0,158542
29384,158541,0,                       0,158539,158539,0,                       0,158541
29385,158540,0,                       0,158540,158540,0,                       0,158540
29386,158539,0,                       0,158541,158541,0,                       0,158539
29387,158540,0,                       0,158540,158540,0,                       0,158540
29388,158539,0,                       0,158541,158541,0,                       0,158539
29389,158540,0,                       0,158540,158540,0,                       0,158540
29390,158539,0,                       0,158541,158541,0,                       0,158539
29391,158540,0,                       0,158540,158540,0,                       0,158540
29392,158539,0,                       0,158541,158541,0,                       0,158539
29393,158540,0,                       0,158540,158540,0,                       0,158540
29394,158541,0,                       0,158539,158539,0,                       0,158541
29395,158540,0,                       0,158540,158540,0,                       0,158540
29396,158539,0,                       0,158541,158541,0,                       0,158539
29397,158538,0,                       0,158542,158542,0,                       0,158538
29398,158537,0,                       0,158543,158543,0,                       0,158537
29399,158538,0,                       0,158542,158542,0,                       0,158538
29400,158539,0,                       0,158541,158541,0,                       0,158539
29401,158538,0,                       0,158542,158542,0,                       0,158538
29402,158539,0,                       0,158541,158541,0,                       0,158539
29403,158540,0,                       0,158540,158540,0,                       0,158540
29404,158541,0,                       0,158539,158539,0,                       0,158541
29405,158540,0,                       0,158540,158540,0,                       0,158540
29406,158541,0,                       0,158539,158539,0,                       0,158541
29407,158540,0,                       0,158540,158540,0,                       0,158540
29408,158539,0,                       0,158541,158541,0,                       0,158539
29409,158540,0,                       0,158540,158540,0,                       0,158540
29410,158539,0,                       0,158541,158541,0,                       0,158539
29411,158538,0,                       0,158542,158542,0,                       0,158538
29412,158539,0,                       0,158541,158541,0,                       0,158539
29413,158538,0,                       0,158542,158542,0,                       0,158538
29414,158539,0,                       0,158541,158541,0,                       0,158539
29415,158538,0,                       0,158542,158542,0,                       0,158538
29416,158539,0,                       0,158541,158541,0,                       0,158539
29417,158538,0,                       0,158542,158542,0,                       0,158538
29418,158539,0,                       0,158541,158541,0,                       0,158539
29419,158538,0,                       0,158542,158542,0,                       0,158538
29420,158539,0,                       0,158541,158541,0,                       0,158539
29421,158540,0,                       0,158540,158540,0,                       0,158540
29422,158539,0,                       0,158541,158541,0,                       0,158539
29423,158538,0,                       0,158542,158542,0,                       0,158538
29424,158539,0,                       0,158541,158541,0,                       0,158539
29425,158540,0,                       0,158540,158540,0,                       0,158540
29426,158539,0,                       0,158541,158541,0,                       0,158539
29427,158538,0,                       0,158542,158542,0,                       0,158538
29428,158537,0,                       0,158543,158543,0,                       0,158537
29429,158538,0,                       0,158542,158542,0,                       0,158538
29430,158537,0,                       0,158543,158543,0,                       0,158537
29431,158538,0,                       0,158542,158542,0,                       0,158538
29432,158539,0,                       0,158541,158541,0,                       0,158539
29433,158538,0,                       0,158542,158542,0,                       0,158538
29434,158539,0,                       0,158541,158541,0,                       0,158539
29435,158540,0,                       0,158540,158540,0,                       0,158540
29436,158541,0,                       0,158539,158539,0,                       0,158541
29437,158542,0,                       0,158538,158538,0,                       0,158542
29438,158541,0,                       0,158539,158539,0,                       0,158541
29439,158540,0,                       0,158540,158540,0,                       0,158540
29440,158541,0,                       0,158539,158539,0,                       0,158541
29441,158542,0,                       0,158538,158538,0,                       0,158542
29442,158541,0,                       0,158539,158539,0,                       0,158541
29443,158542,0,                       0,158538,158538,0,                       0,158542
29444,158543,0,                       0,158537,158537,0,                       0,158543
29445,158542,0,                       0,158538,158538,0,                       0,158542
29446,158543,0,                       0,158537,158537,0,                       0,158543
29447,158542,0,                       0,158538,158538,0,                       0,158542
29448,158543,0,                       0,158537,158537,0,                       0,158543
29449,158544,0,                       0,158536,158536,0,                       0,158544
29450,158543,0,                       0,158537,158537,0,                       0,158543
29451,158542,0,                       0,158538,158538,0,                       0,158542
29452,158541,0,                       0,158539,158539,0,                       0,158541
29453,158542,0,                       0,158538,158538,0,                       0,158542
29454,158541,0,                       0,158539,158539,0,                       0,158541
29455,158540,0,                       0,158540,158540,0,                       0,158540
29456,158541,0,                       0,158539,158539,0,                       0,158541
29457,158540,0,                       0,158540,158540,0,                       0,158540
29458,158541,0,                       0,158539,158539,0,                       0,158541
29459,158540,0,                       0,158540,158540,0,                       0,158540
29460,158539,0,                       0,158541,158541,0,                       0,158539
29461,158538,0,                       0,158542,158542,0,                       0,158538
29462,158537,0,                       0,158543,158543,0,                       0,158537
29463,158538,0,                       0,158542,158542,0,                       0,158538
29464,158539,0,                       0,158541,158541,0,                       0,158539
29465,158540,0,                       0,158540,158540,0,                       0,158540
29466,158541,0,                       0,158539,158539,0,                       0,158541
29467,158540,0,                       0,158540,158540,0,                       0,158540
29468,158539,0,                       0,158541,158541,0,                       0,158539
29469,158540,0,                       0,158540,158540,0,                       0,158540
29470,158539,0,                       0,158541,158541,0,                       0,158539
29471,158540,0,                       0,158540,158540,0,                       0,158540
29472,158541,0,                       0,158539,158539,0,                       0,158541
29473,158540,0,                       0,158540,158540,0,                       0,158540
29474,158539,0,                       0,158541,158541,0,                       0,158539
29475,158540,0,                       0,158540,158540,0,                       0,158540
29476,158539,0,                       0,158541,158541,0,                       0,158539
29477,158540,0,                       0,158540,158540,0,                       0,158540
29478,158541,0,                       0,158539,158539,0,                       0,158541
29479,158542,0,                       0,158538,158538,0,                       0,158542
29480,158541,0,                       0,158539,158539,0,                       0,158541
29481,158542,0,                       0,158538,158538,0,                       0,158542
29482,158541,0,                       0,158539,158539,0,                       0,158541
29483,158540,0,                       0,158540,158540,0,                       0,158540
29484,158539,0,                       0,158541,158541,0,                       0,158539
29485,158540,0,                       0,158540,158540,0,                       0,158540
29486,158539,0,                       0,158541,158541,0,                       0,158539
29487,158538,0,                       0,158542,158542,0,                       0,158538
29488,158537,0,                       0,158543,158543,0,                       0,158537
29489,158538,0,                       0,158542,158542,0,                       0,158538
29490,158539,0,                       0,158541,158541,0,                       0,158539
29491,158540,0,                       0,158540,158540,0,                       0,158540
29492,158539,0,                       0,158541,158541,0,                       0,158539
29493,158538,0,                       0,158542,158542,0,                       0,158538
29494,158537,0,                       0,158543,158543,0,                       0,158537
29495,158538,0,                       0,158542,158542,0,                       0,158538
29496,158539,0,                       0,158541,158541,0,                       0,158539
29497,158540,0,                       0,158540,158540,0,                       0,158540
29498,158541,0,                       0,158539,158539,0,                       0,158541
29499,158542,0,                       0,158538,158538,0,                       0,158542
29500,158541,0,                       0,158539,158539,0,                       0,158541
29501,158540,0,                       0,158540,158540,0,                       0,158540
29502,158541,0,                       0,158539,158539,0,                       0,158541
29503,158542,0,                       0,158538,158538,0,                       0,158542
29504,158543,0,                       0,158537,158537,0,                       0,158543
29505,158542,0,                       0,158538,158538,0,                       0,158542
29506,158541,0,                       0,158539,158539,0,                       0,158541
29507,158542,0,                       0,158538,158538,0,                       0,158542
29508,158543,0,                       0,158537,158537,0,                       0,158543
29509,158544,0,                       0,158536,158536,0,                       0,158544
29510,158543,0,                       0,158537,158537,0,                       0,158543
29511,158542,0,                       0,158538,158538,0,                       0,158542
29512,158541,0,                       0,158539,158539,0,                       0,158541
29513,158540,0,                       0,158540,158540,0,                       0,158540
29514,158541,0,                       0,158539,158539,0,                       0,158541
29515,158540,0,                       0,158540,158540,0,                       0,158540
29516,158541,0,                       0,158539,158539,0,                       0,158541
29517,158540,0,                       0,158540,158540,0,                       0,158540
29518,158539,0,                       0,158541,158541,0,                       0,158539
29519,158538,0,                       0,158542,158542,0,                       0,158538
29520,158539,0,                       0,158541,158541,0,                       0,158539
29521,158540,0,                       0,158540,158540,0,                       0,158540
29522,158541,0,                       0,158539,158539,0,                       0,158541
29523,158542,0,                       0,158538,158538,0,                       0,158542
29524,158543,0,                       0,158537,158537,0,                       0,158543
29525,158544,0,                       0,158536,158536,0,                       0,158544
29526,158543,0,                       0,158537,158537,0,                       0,158543
29527,158542,0,                       0,158538,158538,0,                       0,158542
29528,158541,0,                       0,158539,158539,0,                       0,158541
29529,158542,0,                       0,158538,158538,0,                       0,158542
29530,158541,0,                       0,158539,158539,0,                       0,158541
29531,158540,0,                       0,158540,158540,0,                       0,158540
29532,158541,0,                       0,158539,158539,0,                       0,158541
29533,158542,0,                       0,158538,158538,0,                       0,158542
29534,158541,0,                       0,158539,158539,0,                       0,158541
29535,158542,0,                       0,158538,158538,0,                       0,158542
29536,158541,0,                       0,158539,158539,0,                       0,158541
29537,158542,0,                       0,158538,158538,0,                       0,158542
29538,158541,0,                       0,158539,158539,0,                       0,158541
29539,158540,0,                       0,158540,158540,0,                       0,158540
29540,158539,0,                       0,158541,158541,0,                       0,158539
29541,158540,0,                       0,158540,158540,0,                       0,158540
29542,158541,0,                       0,158539,158539,0,                       0,158541
29543,158542,0,                       0,158538,158538,0,                       0,158542
29544,158541,0,                       0,158539,158539,0,                       0,158541
29545,158542,0,                       0,158538,158538,0,                       0,158542
29546,158541,0,                       0,158539,158539,0,                       0,158541
29547,158542,0,                       0,158538,158538,0,                       0,158542
29548,158541,0,                       0,158539,158539,0,                       0,158541
29549,158542,0,                       0,158538,158538,0,                       0,158542
29550,158541,0,                       0,158539,158539,0,                       0,158541
29551,158542,0,                       0,158538,158538,0,                       0,158542
29552,158541,0,                       0,158539,158539,0,                       0,158541
29553,158542,0,                       0,158538,158538,0,                       0,158542
29554,158541,0,                       0,158539,158539,0,                       0,158541
29555,158542,0,                       0,158538,158538,0,                       0,158542
29556,158541,0,                       0,158539,158539,0,                       0,158541
29557,158540,0,                       0,158540,158540,0,                       0,158540
29558,158539,0,                       0,158541,158541,0,                       0,158539
29559,158540,0,                       0,158540,158540,0,                       0,158540
29560,158541,0,                       0,158539,158539,0,                       0,158541
29561,158540,0,                       0,158540,158540,0,                       0,158540
29562,158539,0,                       0,158541,158541,0,                       0,158539
29563,158540,0,                       0,158540,158540,0,                       0,158540
29564,158541,0,                       0,158539,158539,0,                       0,158541
29565,158542,0,                       0,158538,158538,0,                       0,158542
29566,158541,0,                       0,158539,158539,0,                       0,158541
29567,158542,0,                       0,158538,158538,0,                       0,158542
29568,158543,0,                       0,158537,158537,0,                       0,158543
29569,158544,0,                       0,158536,158536,0,                       0,158544
29570,158543,0,                       0,158537,158537,0,                       0,158543
29571,158542,0,                       0,158538,158538,0,                       0,158542
29572,158541,0,                       0,158539,158539,0,                       0,158541
29573,158540,0,                       0,158540,158540,0,                       0,158540
29574,158541,0,                       0,158539,158539,0,                       0,158541
29575,158542,0,                       0,158538,158538,0,                       0,158542
29576,158541,0,                       0,158539,158539,0,                       0,158541
29577,158542,0,                       0,158538,158538,0,                       0,158542
29578,158543,0,                       0,158537,158537,0,                       0,158543
29579,158542,0,                       0,158538,158538,0,                       0,158542
29580,158541,0,                       0,158539,158539,0,                       0,158541
29581,158540,0,                       0,158540,158540,0,                       0,158540
29582,158541,0,                       0,158539,158539,0,                       0,158541
29583,158540,0,                       0,158540,158540,0,                       0,158540
29584,158539,0,                       0,158541,158541,0,                       0,158539
29585,158538,0,                       0,158542,158542,0,                       0,158538
29586,158539,0,                       0,158541,158541,0,                       0,158539
29587,158540,0,                       0,158540,158540,0,                       0,158540
29588,158539,0,                       0,158541,158541,0,                       0,158539
29589,158538,0,                       0,158542,158542,0,                       0,158538
29590,158539,0,                       0,158541,158541,0,                       0,158539
29591,158538,0,                       0,158542,158542,0,                       0,158538
29592,158539,0,                       0,158541,158541,0,                       0,158539
29593,158540,0,                       0,158540,158540,0,                       0,158540
29594,158541,0,                       0,158539,158539,0,                       0,158541
29595,158540,0,                       0,158540,158540,0,                       0,158540
29596,158541,0,                       0,158539,158539,0,                       0,158541
29597,158542,0,                       0,158538,158538,0,                       0,158542
29598,158541,0,                       0,158539,158539,0,                       0,158541
29599,158540,0,                       0,158540,158540,0,                       0,158540
29600,158539,0,                       0,158541,158541,0,                       0,158539
29601,158540,0,                       0,158540,158540,0,                       0,158540
29602,158539,0,                       0,158541,158541,0,                       0,158539
29603,158538,0,                       0,158542,158542,0,                       0,158538
29604,158539,0,                       0,158541,158541,0,                       0,158539
29605,158540,0,                       0,158540,158540,0,                       0,158540
29606,158541,0,                       0,158539,158539,0,                       0,158541
29607,158540,0,                       0,158540,158540,0,                       0,158540
29608,158539,0,                       0,158541,158541,0,                       0,158539
29609,158540,0,                       0,158540,158540,0,                       0,158540
29610,158541,0,                       0,158539,158539,0,                       0,158541
29611,158540,0,                       0,158540,158540,0,                       0,158540
29612,158539,0,                       0,158541,158541,0,                       0,158539
29613,158540,0,                       0,158540,158540,0,                       0,158540
29614,158539,0,                       0,158541,158541,0,                       0,158539
29615,158540,0,                       0,158540,158540,0,                       0,158540
29616,158539,0,                       0,158541,158541,0,                       0,158539
29617,158538,0,                       0,158542,158542,0,                       0,158538
29618,158539,0,                       0,158541,158541,0,                       0,158539
29619,158540,0,                       0,158540,158540,0,                       0,158540
29620,158539,0,                       0,158541,158541,0,                       0,158539
29621,158540,0,                       0,158540,158540,0,                       0,158540
29622,158539,0,                       0,158541,158541,0,                       0,158539
29623,158540,0,                       0,158540,158540,0,                       0,158540
29624,158539,0,                       0,158541,158541,0,                       0,158539
29625,158538,0,                       0,158542,158542,0,                       0,158538
29626,158539,0,                       0,158541,158541,0,                       0,158539
29627,158540,0,                       0,158540,158540,0,                       0,158540
29628,158539,0,                       0,158541,158541,0,                       0,158539
29629,158540,0,                       0,158540,158540,0,                       0,158540
29630,158541,0,                       0,158539,158539,0,                       0,158541
29631,158540,0,                       0,158540,158540,0,                       0,158540
29632,158541,0,                       0,158539,158539,0,                       0,158541
29633,158540,0,                       0,158540,158540,0,                       0,158540
29634,158539,0,                       0,158541,158541,0,                       0,158539
29635,158540,0,                       0,158540,158540,0,                       0,158540
29636,158539,0,                       0,158541,158541,0,                       0,158539
29637,158538,0,                       0,158542,158542,0,                       0,158538
29638,158537,0,                       0,158543,158543,0,                       0,158537
29639,158538,0,                       0,158542,158542,0,                       0,158538
29640,158539,0,                       0,158541,158541,0,                       0,158539
29641,158540,0,                       0,158540,158540,0,                       0,158540
29642,158541,0,                       0,158539,158539,0,                       0,158541
29643,158542,0,                       0,158538,158538,0,                       0,158542
29644,158541,0,                       0,158539,158539,0,                       0,158541
29645,158542,0,                       0,158538,158538,0,                       0,158542
29646,158543,0,                       0,158537,158537,0,                       0,158543
29647,158544,0,                       0,158536,158536,0,                       0,158544
29648,158543,0,                       0,158537,158537,0,                       0,158543
29649,158542,0,                       0,158538,158538,0,                       0,158542
29650,158543,0,                       0,158537,158537,0,                       0,158543
29651,158544,0,                       0,158536,158536,0,                       0,158544
29652,158543,0,                       0,158537,158537,0,                       0,158543
29653,158542,0,                       0,158538,158538,0,                       0,158542
29654,158543,0,                       0,158537,158537,0,                       0,158543
29655,158542,0,                       0,158538,158538,0,                       0,158542
29656,158541,0,                       0,158539,158539,0,                       0,158541
29657,158540,0,                       0,158540,158540,0,                       0,158540
29658,158541,0,                       0,158539,158539,0,                       0,158541
29659,158540,0,                       0,158540,158540,0,                       0,158540
29660,158539,0,                       0,158541,158541,0,                       0,158539
29661,158540,0,                       0,158540,158540,0,                       0,158540
29662,158541,0,                       0,158539,158539,0,                       0,158541
29663,158540,0,                       0,158540,158540,0,                       0,158540
29664,158541,0,                       0,158539,158539,0,                       0,158541
29665,158540,0,                       0,158540,158540,0,                       0,158540
29666,158541,0,                       0,158539,158539,0,                       0,158541
29667,158542,0,                       0,158538,158538,0,                       0,158542
29668,158541,0,                       0,158539,158539,0,                       0,158541
29669,158542,0,                       0,158538,158538,0,                       0,158542
29670,158543,0,                       0,158537,158537,0,                       0,158543
29671,158542,0,                       0,158538,158538,0,                       0,158542
29672,158541,0,                       0,158539,158539,0,                       0,158541
29673,158540,0,                       0,158540,158540,0,                       0,158540
29674,158539,0,                       0,158541,158541,0,                       0,158539
29675,158540,0,                       0,158540,158540,0,                       0,158540
29676,158539,0,                       0,158541,158541,0,                       0,158539
29677,158540,0,                       0,158540,158540,0,                       0,158540
29678,158539,0,                       0,158541,158541,0,                       0,158539
29679,158538,0,                       0,158542,158542,0,                       0,158538
29680,158539,0,                       0,158541,158541,0,                       0,158539
29681,158540,0,                       0,158540,158540,0,                       0,158540
29682,158541,0,                       0,158539,158539,0,                       0,158541
29683,158540,0,                       0,158540,158540,0,                       0,158540
29684,158539,0,                       0,158541,158541,0,                       0,158539
29685,158540,0,                       0,158540,158540,0,                       0,158540
29686,158541,0,                       0,158539,158539,0,                       0,158541
29687,158540,0,                       0,158540,158540,0,                       0,158540
29688,158541,0,                       0,158539,158539,0,                       0,158541
29689,158540,0,                       0,158540,158540,0,                       0,158540
29690,158539,0,                       0,158541,158541,0,                       0,158539
29691,158540,0,                       0,158540,158540,0,                       0,158540
29692,158541,0,                       0,158539,158539,0,                       0,158541
29693,158540,0,                       0,158540,158540,0,                       0,158540
29694,158539,0,                       0,158541,158541,0,                       0,158539
29695,158540,0,                       0,158540,158540,0,                       0,158540
29696,158539,0,                       0,158541,158541,0,                       0,158539
29697,158540,0,                       0,158540,158540,0,                       0,158540
29698,158539,0,                       0,158541,158541,0,                       0,158539
29699,158540,0,                       0,158540,158540,0,                       0,158540
29700,158539,0,                       0,158541,158541,0,                       0,158539
29701,158540,0,                       0,158540,158540,0,                       0,158540
29702,158541,0,                       0,158539,158539,0,                       0,158541
29703,158542,0,                       0,158538,158538,0,                       0,158542
29704,158541,0,                       0,158539,158539,0,                       0,158541
29705,158540,0,                       0,158540,158540,0,                       0,158540
29706,158541,0,                       0,158539,158539,0,                       0,158541
29707,158540,0,                       0,158540,158540,0,                       0,158540
29708,158541,0,                       0,158539,158539,0,                       0,158541
29709,158542,0,                       0,158538,158538,0,                       0,158542
29710,158541,0,                       0,158539,158539,0,                       0,158541
29711,158540,0,                       0,158540,158540,0,                       0,158540
29712,158541,0,                       0,158539,158539,0,                       0,158541
29713,158542,0,                       0,158538,158538,0,                       0,158542
29714,158543,0,                       0,158537,158537,0,                       0,158543
29715,158542,0,                       0,158538,158538,0,                       0,158542
29716,158543,0,                       0,158537,158537,0,                       0,158543
29717,158544,0,                       0,158536,158536,0,                       0,158544
29718,158545,0,                       0,158535,158535,0,                       0,158545
29719,158546,0,                       0,158534,158534,0,                       0,158546
29720,158547,0,                       0,158533,158533,0,                       0,158547
29721,158546,0,                       0,158534,158534,0,                       0,158546
29722,158545,0,                       0,158535,158535,0,                       0,158545
29723,158544,0,                       0,158536,158536,0,                       0,158544
29724,158543,0,                       0,158537,158537,0,                       0,158543
29725,158542,0,                       0,158538,158538,0,                       0,158542
29726,158541,0,                       0,158539,158539,0,                       0,158541
29727,158540,0,                       0,158540,158540,0,                       0,158540
29728,158541,0,                       0,158539,158539,0,                       0,158541
29729,158540,0,                       0,158540,158540,0,                       0,158540
29730,158539,0,                       0,158541,158541,0,                       0,158539
29731,158538,0,                       0,158542,158542,0,                       0,158538
29732,158537,0,                       0,158543,158543,0,                       0,158537
29733,158536,0,                       0,158544,158544,0,                       0,158536
29734,158535,0,                       0,158545,158545,0,                       0,158535
29735,158534,0,                       0,158546,158546,0,                       0,158534
29736,158533,0,                       0,158547,158547,0,                       0,158533
29737,158534,0,                       0,158546,158546,0,                       0,158534
29738,158535,0,                       0,158545,158545,0,                       0,158535
29739,158536,0,                       0,158544,158544,0,                       0,158536
29740,158537,0,                       0,158543,158543,0,                       0,158537
29741,158538,0,                       0,158542,158542,0,                       0,158538
29742,158539,0,                       0,158541,158541,0,                       0,158539
29743,158540,0,                       0,158540,158540,0,                       0,158540
29744,158541,0,                       0,158539,158539,0,                       0,158541
29745,158540,0,                       0,158540,158540,0,                       0,158540
29746,158541,0,                       0,158539,158539,0,                       0,158541
29747,158542,0,                       0,158538,158538,0,                       0,158542
29748,158541,0,                       0,158539,158539,0,                       0,158541
29749,158540,0,                       0,158540,158540,0,                       0,158540
29750,158539,0,                       0,158541,158541,0,                       0,158539
29751,158540,0,                       0,158540,158540,0,                       0,158540
29752,158541,0,                       0,158539,158539,0,                       0,158541
29753,158540,0,                       0,158540,158540,0,                       0,158540
29754,158539,0,                       0,158541,158541,0,                       0,158539
29755,158540,0,                       0,158540,158540,0,                       0,158540
29756,158541,0,                       0,158539,158539,0,                       0,158541
29757,158540,0,                       0,158540,158540,0,                       0,158540
29758,158541,0,                       0,158539,158539,0,                       0,158541
29759,158542,0,                       0,158538,158538,0,                       0,158542
29760,158541,0,                       0,158539,158539,0,                       0,158541
29761,158542,0,                       0,158538,158538,0,                       0,158542
29762,158543,0,                       0,158537,158537,0,                       0,158543
29763,158544,0,                       0,158536,158536,0,                       0,158544
29764,158543,0,                       0,158537,158537,0,                       0,158543
29765,158542,0,                       0,158538,158538,0,                       0,158542
29766,158541,0,                       0,158539,158539,0,                       0,158541
29767,158540,0,                       0,158540,158540,0,                       0,158540
29768,158539,0,                       0,158541,158541,0,                       0,158539
29769,158540,0,                       0,158540,158540,0,                       0,158540
29770,158541,0,                       0,158539,158539,0,                       0,158541
29771,158540,0,                       0,158540,158540,0,                       0,158540
29772,158539,0,                       0,158541,158541,0,                       0,158539
29773,158538,0,                       0,158542,158542,0,                       0,158538
29774,158539,0,                       0,158541,158541,0,                       0,158539
29775,158540,0,                       0,158540,158540,0,                       0,158540
29776,158541,0,                       0,158539,158539,0,                       0,158541
29777,158542,0,                       0,158538,158538,0,                       0,158542
29778,158541,0,                       0,158539,158539,0,                       0,158541
29779,158542,0,                       0,158538,158538,0,                       0,158542
29780,158541,0,                       0,158539,158539,0,                       0,158541
29781,158542,0,                       0,158538,158538,0,                       0,158542
29782,158541,0,                       0,158539,158539,0,                       0,158541
29783,158542,0,                       0,158538,158538,0,                       0,158542
29784,158541,0,                       0,158539,158539,0,                       0,158541
29785,158540,0,                       0,158540,158540,0,                       0,158540
29786,158541,0,                       0,158539,158539,0,                       0,158541
29787,158542,0,                       0,158538,158538,0,                       0,158542
29788,158541,0,                       0,158539,158539,0,                       0,158541
29789,158542,0,                       0,158538,158538,0,                       0,158542
29790,158541,0,                       0,158539,158539,0,                       0,158541
29791,158540,0,                       0,158540,158540,0,                       0,158540
29792,158539,0,                       0,158541,158541,0,                       0,158539
29793,158540,0,                       0,158540,158540,0,                       0,158540
29794,158541,0,                       0,158539,158539,0,                       0,158541
29795,158542,0,                       0,158538,158538,0,                       0,158542
29796,158541,0,                       0,158539,158539,0,                       0,158541
29797,158540,0,                       0,158540,158540,0,                       0,158540
29798,158541,0,                       0,158539,158539,0,                       0,158541
29799,158540,0,                       0,158540,158540,0,                       0,158540
29800,158539,0,                       0,158541,158541,0,                       0,158539
29801,158538,0,                       0,158542,158542,0,                       0,158538
29802,158539,0,                       0,158541,158541,0,                       0,158539
29803,158540,0,                       0,158540,158540,0,                       0,158540
29804,158541,0,                       0,158539,158539,0,                       0,158541
29805,158540,0,                       0,158540,158540,0,                       0,158540
29806,158539,0,                       0,158541,158541,0,                       0,158539
29807,158540,0,                       0,158540,158540,0,                       0,158540
29808,158541,0,                       0,158539,158539,0,                       0,158541
29809,158540,0,                       0,158540,158540,0,                       0,158540
29810,158539,0,                       0,158541,158541,0,                       0,158539
29811,158538,0,                       0,158542,158542,0,                       0,158538
29812,158537,0,                       0,158543,158543,0,                       0,158537
29813,158538,0,                       0,158542,158542,0,                       0,158538
29814,158539,0,                       0,158541,158541,0,                       0,158539
29815,158540,0,                       0,158540,158540,0,                       0,158540
29816,158541,0,                       0,158539,158539,0,                       0,158541
29817,158540,0,                       0,158540,158540,0,                       0,158540
29818,158539,0,                       0,158541,158541,0,                       0,158539
29819,158540,0,                       0,158540,158540,0,                       0,158540
29820,158541,0,                       0,158539,158539,0,                       0,158541
29821,158540,0,                       0,158540,158540,0,                       0,158540
29822,158539,0,                       0,158541,158541,0,                       0,158539
29823,158540,0,                       0,158540,158540,0,                       0,158540
29824,158539,0,                       0,158541,158541,0,                       0,158539
29825,158540,0,                       0,158540,158540,0,                       0,158540
29826,158541,0,                       0,158539,158539,0,                       0,158541
29827,158540,0,                       0,158540,158540,0,                       0,158540
29828,158539,0,                       0,158541,158541,0,                       0,158539
29829,158538,0,                       0,158542,158542,0,                       0,158538
29830,158539,0,                       0,158541,158541,0,                       0,158539
29831,158538,0,                       0,158542,158542,0,                       0,158538
29832,158539,0,                       0,158541,158541,0,                       0,158539
29833,158540,0,                       0,158540,158540,0,                       0,158540
29834,158539,0,                       0,158541,158541,0,                       0,158539
29835,158540,0,                       0,158540,158540,0,                       0,158540
29836,158541,0,                       0,158539,158539,0,                       0,158541
29837,158540,0,                       0,158540,158540,0,                       0,158540
29838,158539,0,                       0,158541,158541,0,                       0,158539
29839,158540,0,                       0,158540,158540,0,                       0,158540
29840,158541,0,                       0,158539,158539,0,                       0,158541
29841,158540,0,                       0,158540,158540,0,                       0,158540
29842,158539,0,                       0,158541,158541,0,                       0,158539
29843,158540,0,                       0,158540,158540,0,                       0,158540
29844,158539,0,                       0,158541,158541,0,                       0,158539
29845,158540,0,                       0,158540,158540,0,                       0,158540
29846,158541,0,                       0,158539,158539,0,                       0,158541
29847,158540,0,                       0,158540,158540,0,                       0,158540
29848,158539,0,                       0,158541,158541,0,                       0,158539
29849,158538,0,                       0,158542,158542,0,                       0,158538
29850,158539,0,                       0,158541,158541,0,                       0,158539
29851,158540,0,                       0,158540,158540,0,                       0,158540
29852,158539,0,                       0,158541,158541,0,                       0,158539
29853,158540,0,                       0,158540,158540,0,                       0,158540
29854,158539,0,                       0,158541,158541,0,                       0,158539
29855,158540,0,                       0,158540,158540,0,                       0,158540
29856,158541,0,                       0,158539,158539,0,                       0,158541
29857,158542,0,                       0,158538,158538,0,                       0,158542
29858,158541,0,                       0,158539,158539,0,                       0,158541
29859,158540,0,                       0,158540,158540,0,                       0,158540
29860,158541,0,                       0,158539,158539,0,                       0,158541
29861,158540,0,                       0,158540,158540,0,                       0,158540
29862,158541,0,                       0,158539,158539,0,                       0,158541
29863,158542,0,                       0,158538,158538,0,                       0,158542
29864,158541,0,                       0,158539,158539,0,                       0,158541
29865,158540,0,                       0,158540,158540,0,                       0,158540
29866,158541,0,                       0,158539,158539,0,                       0,158541
29867,158542,0,                       0,158538,158538,0,                       0,158542
29868,158541,0,                       0,158539,158539,0,                       0,158541
29869,158540,0,                       0,158540,158540,0,                       0,158540
29870,158541,0,                       0,158539,158539,0,                       0,158541
29871,158542,0,                       0,158538,158538,0,                       0,158542
29872,158541,0,                       0,158539,158539,0,                       0,158541
29873,158540,0,                       0,158540,158540,0,                       0,158540
29874,158539,0,                       0,158541,158541,0,                       0,158539
29875,158540,0,                       0,158540,158540,0,                       0,158540
29876,158541,0,                       0,158539,158539,0,                       0,158541
29877,158540,0,                       0,158540,158540,0,                       0,158540
29878,158539,0,                       0,158541,158541,0,                       0,158539
29879,158538,0,                       0,158542,158542,0,                       0,158538
29880,158539,0,                       0,158541,158541,0,                       0,158539
29881,158540,0,                       0,158540,158540,0,                       0,158540
29882,158539,0,                       0,158541,158541,0,                       0,158539
29883,158538,0,                       0,158542,158542,0,                       0,158538
29884,158539,0,                       0,158541,158541,0,                       0,158539
29885,158540,0,                       0,158540,158540,0,                       0,158540
29886,158541,0,                       0,158539,158539,0,                       0,158541
29887,158540,0,                       0,158540,158540,0,                       0,158540
29888,158539,0,                       0,158541,158541,0,                       0,158539
29889,158540,0,                       0,158540,158540,0,                       0,158540
29890,158539,0,                       0,158541,158541,0,                       0,158539
29891,158540,0,                       0,158540,158540,0,                       0,158540
29892,158541,0,                       0,158539,158539,0,                       0,158541
29893,158542,0,                       0,158538,158538,0,                       0,158542
29894,158541,0,                       0,158539,158539,0,                       0,158541
29895,158542,0,                       0,158538,158538,0,                       0,158542
29896,158541,0,                       0,158539,158539,0,                       0,158541
29897,158540,0,                       0,158540,158540,0,                       0,158540
29898,158541,0,                       0,158539,158539,0,                       0,158541
29899,158540,0,                       0,158540,158540,0,                       0,158540
29900,158541,0,                       0,158539,158539,0,                       0,158541
29901,158542,0,                       0,158538,158538,0,                       0,158542
29902,158541,0,                       0,158539,158539,0,                       0,158541
29903,158540,0,                       0,158540,158540,0,                       0,158540
29904,158541,0,                       0,158539,158539,0,                       0,158541
29905,158540,0,                       0,158540,158540,0,                       0,158540
29906,158541,0,                       0,158539,158539,0,                       0,158541
29907,158540,0,                       0,158540,158540,0,                       0,158540
29908,158541,0,                       0,158539,158539,0,                       0,158541
29909,158540,0,                       0,158540,158540,0,                       0,158540
29910,158541,0,                       0,158539,158539,0,                       0,158541
29911,158540,0,                       0,158540,158540,0,                       0,158540
29912,158541,0,                       0,158539,158539,0,                       0,158541
29913,158540,0,                       0,158540,158540,0,                       0,158540
29914,158541,0,                       0,158539,158539,0,                       0,158541
29915,158540,0,                       0,158540,158540,0,                       0,158540
29916,158541,0,                       0,158539,158539,0,                       0,158541
29917,158540,0,                       0,158540,158540,0,                       0,158540
29918,158539,0,                       0,158541,158541,0,                       0,158539
29919,158540,0,                       0,158540,158540,0,                       0,158540
29920,158541,0,                       0,158539,158539,0,                       0,158541
29921,158542,0,                       0,158538,158538,0,                       0,158542
29922,158541,0,                       0,158539,158539,0,                       0,158541
29923,158540,0,                       0,158540,158540,0,                       0,158540
29924,158539,0,                       0,158541,158541,0,                       0,158539
29925,158540,0,                       0,158540,158540,0,                       0,158540
29926,158541,0,                       0,158539,158539,0,                       0,158541
29927,158542,0,                       0,158538,158538,0,                       0,158542
29928,158543,0,                       0,158537,158537,0,                       0,158543
29929,158544,0,                       0,158536,158536,0,                       0,158544
29930,158543,0,                       0,158537,158537,0,                       0,158543
29931,158542,0,                       0,158538,158538,0,                       0,158542
29932,158541,0,                       0,158539,158539,0,                       0,158541
29933,158540,0,                       0,158540,158540,0,                       0,158540
29934,158539,0,                       0,158541,158541,0,                       0,158539
29935,158538,0,                       0,158542,158542,0,                       0,158538
29936,158539,0,                       0,158541,158541,0,                       0,158539
29937,158540,0,                       0,158540,158540,0,                       0,158540
29938,158539,0,                       0,158541,158541,0,                       0,158539
29939,158540,0,                       0,158540,158540,0,                       0,158540
29940,158539,0,                       0,158541,158541,0,                       0,158539
29941,158540,0,                       0,158540,158540,0,                       0,158540
29942,158541,0,                       0,158539,158539,0,                       0,158541
29943,158540,0,                       0,158540,158540,0,                       0,158540
29944,158539,0,                       0,158541,158541,0,                       0,158539
29945,158540,0,                       0,158540,158540,0,                       0,158540
29946,158541,0,                       0,158539,158539,0,                       0,158541
29947,158542,0,                       0,158538,158538,0,                       0,158542
29948,158541,0,                       0,158539,158539,0,                       0,158541
29949,158542,0,                       0,158538,158538,0,                       0,158542
29950,158541,0,                       0,158539,158539,0,                       0,158541
29951,158542,0,                       0,158538,158538,0,                       0,158542
29952,158541,0,                       0,158539,158539,0,                       0,158541
29953,158542,0,                       0,158538,158538,0,                       0,158542
29954,158541,0,                       0,158539,158539,0,                       0,158541
29955,158540,0,                       0,158540,158540,0,                       0,158540
29956,158539,0,                       0,158541,158541,0,                       0,158539
29957,158540,0,                       0,158540,158540,0,                       0,158540
29958,158539,0,                       0,158541,158541,0,                       0,158539
29959,158538,0,                       0,158542,158542,0,                       0,158538
29960,158537,0,                       0,158543,158543,0,                       0,158537
29961,158538,0,                       0,158542,158542,0,                       0,158538
29962,158539,0,                       0,158541,158541,0,                       0,158539
29963,158540,0,                       0,158540,158540,0,                       0,158540
29964,158541,0,                       0,158539,158539,0,                       0,158541
29965,158540,0,                       0,158540,158540,0,                       0,158540
29966,158541,0,                       0,158539,158539,0,                       0,158541
29967,158540,0,                       0,158540,158540,0,                       0,158540
29968,158539,0,                       0,158541,158541,0,                       0,158539
29969,158540,0,                       0,158540,158540,0,                       0,158540
29970,158539,0,                       0,158541,158541,0,                       0,158539
29971,158538,0,                       0,158542,158542,0,                       0,158538
29972,158539,0,                       0,158541,158541,0,                       0,158539
29973,158538,0,                       0,158542,158542,0,                       0,158538
29974,158539,0,                       0,158541,158541,0,                       0,158539
29975,158540,0,                       0,158540,158540,0,                       0,158540
29976,158539,0,                       0,158541,158541,0,                       0,158539
29977,158540,0,                       0,158540,158540,0,                       0,158540
29978,158541,0,                       0,158539,158539,0,                       0,158541
29979,158540,0,                       0,158540,158540,0,                       0,158540
29980,158541,0,                       0,158539,158539,0,                       0,158541
29981,158540,0,                       0,158540,158540,0,                       0,158540
29982,158541,0,                       0,158539,158539,0,                       0,158541
29983,158542,0,                       0,158538,158538,0,                       0,158542
29984,158541,0,                       0,158539,158539,0,                       0,158541
29985,158542,0,                       0,158538,158538,0,                       0,158542
29986,158541,0,                       0,158539,158539,0,                       0,158541
29987,158542,0,                       0,158538,158538,0,                       0,158542
29988,158543,0,                       0,158537,158537,0,                       0,158543
29989,158542,0,                       0,158538,158538,0,                       0,158542
29990,158543,0,                       0,158537,158537,0,                       0,158543
29991,158544,0,                       0,158536,158536,0,                       0,158544
29992,158543,0,                       0,158537,158537,0,                       0,158543
29993,158542,0,                       0,158538,158538,0,                       0,158542
29994,158543,0,                       0,158537,158537,0,                       0,158543
29995,158542,0,                       0,158538,158538,0,                       0,158542
29996,158543,0,                       0,158537,158537,0,                       0,158543
29997,158542,0,                       0,158538,158538,0,                       0,158542
29998,158541,0,                       0,158539,158539,0,                       0,158541
29999,158542,0,                       0,158538,158538,0,                       0,158542
30000,158543,0,                       0,158537,158537,0,                       0,158543
30001,158542,0,                       0,158538,158538,0,                       0,158542
30002,158541,0,                       0,158539,158539,0,                       0,158541
30003,158542,0,                       0,158538,158538,0,                       0,158542
30004,158541,0,                       0,158539,158539,0,                       0,158541
30005,158540,0,                       0,158540,158540,0,                       0,158540
30006,158541,0,                       0,158539,158539,0,                       0,158541
30007,158540,0,                       0,158540,158540,0,                       0,158540
30008,158541,0,                       0,158539,158539,0,                       0,158541
30009,158540,0,                       0,158540,158540,0,                       0,158540
30010,158539,0,                       0,158541,158541,0,                       0,158539
30011,158540,0,                       0,158540,158540,0,                       0,158540
30012,158541,0,                       0,158539,158539,0,                       0,158541
30013,158542,0,                       0,158538,158538,0,                       0,158542
30014,158541,0,                       0,158539,158539,0,                       0,158541
30015,158540,0,                       0,158540,158540,0,                       0,158540
30016,158539,0,                       0,158541,158541,0,                       0,158539
30017,158540,0,                       0,158540,158540,0,                       0,158540
30018,158541,0,                       0,158539,158539,0,                       0,158541
30019,158542,0,                       0,158538,158538,0,                       0,158542
30020,158541,0,                       0,158539,158539,0,                       0,158541
30021,158540,0,                       0,158540,158540,0,                       0,158540
30022,158541,0,                       0,158539,158539,0,                       0,158541
30023,158540,0,                       0,158540,158540,0,                       0,158540
30024,158541,0,                       0,158539,158539,0,                       0,158541
30025,158540,0,                       0,158540,158540,0,                       0,158540
30026,158539,0,                       0,158541,158541,0,                       0,158539
30027,158538,0,                       0,158542,158542,0,                       0,158538
30028,158539,0,                       0,158541,158541,0,                       0,158539
30029,158540,0,                       0,158540,158540,0,                       0,158540
30030,158539,0,                       0,158541,158541,0,                       0,158539
30031,158540,0,                       0,158540,158540,0,                       0,158540
30032,158539,0,                       0,158541,158541,0,                       0,158539
30033,158538,0,                       0,158542,158542,0,                       0,158538
30034,158537,0,                       0,158543,158543,0,                       0,158537
30035,158538,0,                       0,158542,158542,0,                       0,158538
30036,158539,0,                       0,158541,158541,0,                       0,158539
30037,158540,0,                       0,158540,158540,0,                       0,158540
30038,158541,0,                       0,158539,158539,0,                       0,158541
30039,158540,0,                       0,158540,158540,0,                       0,158540
30040,158541,0,                       0,158539,158539,0,                       0,158541
30041,158540,0,                       0,158540,158540,0,                       0,158540
30042,158539,0,                       0,158541,158541,0,                       0,158539
30043,158538,0,                       0,158542,158542,0,                       0,158538
30044,158539,0,                       0,158541,158541,0,                       0,158539
30045,158540,0,                       0,158540,158540,0,                       0,158540
30046,158541,0,                       0,158539,158539,0,                       0,158541
30047,158542,0,                       0,158538,158538,0,                       0,158542
30048,158541,0,                       0,158539,158539,0,                       0,158541
30049,158540,0,                       0,158540,158540,0,                       0,158540
30050,158539,0,                       0,158541,158541,0,                       0,158539
30051,158538,0,                       0,158542,158542,0,                       0,158538
30052,158539,0,                       0,158541,158541,0,                       0,158539
30053,158538,0,                       0,158542,158542,0,                       0,158538
30054,158539,0,                       0,158541,158541,0,                       0,158539
30055,158540,0,                       0,158540,158540,0,                       0,158540
30056,158539,0,                       0,158541,158541,0,                       0,158539
30057,158540,0,                       0,158540,158540,0,                       0,158540
30058,158541,0,                       0,158539,158539,0,                       0,158541
30059,158540,0,                       0,158540,158540,0,                       0,158540
30060,158541,0,                       0,158539,158539,0,                       0,158541
30061,158540,0,                       0,158540,158540,0,                       0,158540
30062,158539,0,                       0,158541,158541,0,                       0,158539
30063,158538,0,                       0,158542,158542,0,                       0,158538
30064,158537,0,                       0,158543,158543,0,                       0,158537
30065,158536,0,                       0,158544,158544,0,                       0,158536
30066,158537,0,                       0,158543,158543,0,                       0,158537
30067,158538,0,                       0,158542,158542,0,                       0,158538
30068,158539,0,                       0,158541,158541,0,                       0,158539
30069,158538,0,                       0,158542,158542,0,                       0,158538
30070,158539,0,                       0,158541,158541,0,                       0,158539
30071,158538,0,                       0,158542,158542,0,                       0,158538
30072,158539,0,                       0,158541,158541,0,                       0,158539
30073,158538,0,                       0,158542,158542,0,                       0,158538
30074,158539,0,                       0,158541,158541,0,                       0,158539
30075,158540,0,                       0,158540,158540,0,                       0,158540
30076,158541,0,                       0,158539,158539,0,                       0,158541
30077,158540,0,                       0,158540,158540,0,                       0,158540
30078,158539,0,                       0,158541,158541,0,                       0,158539
30079,158538,0,                       0,158542,158542,0,                       0,158538
30080,158539,0,                       0,158541,158541,0,                       0,158539
30081,158540,0,                       0,158540,158540,0,                       0,158540
30082,158541,0,                       0,158539,158539,0,                       0,158541
30083,158542,0,                       0,158538,158538,0,                       0,158542
30084,158541,0,                       0,158539,158539,0,                       0,158541
30085,158542,0,                       0,158538,158538,0,                       0,158542
30086,158543,0,                       0,158537,158537,0,                       0,158543
30087,158542,0,                       0,158538,158538,0,                       0,158542
30088,158541,0,                       0,158539,158539,0,                       0,158541
30089,158540,0,                       0,158540,158540,0,                       0,158540
30090,158539,0,                       0,158541,158541,0,                       0,158539
30091,158538,0,                       0,158542,158542,0,                       0,158538
30092,158539,0,                       0,158541,158541,0,                       0,158539
30093,158538,0,                       0,158542,158542,0,                       0,158538
30094,158539,0,                       0,158541,158541,0,                       0,158539
30095,158540,0,                       0,158540,158540,0,                       0,158540
30096,158539,0,                       0,158541,158541,0,                       0,158539
30097,158538,0,                       0,158542,158542,0,                       0,158538
30098,158539,0,                       0,158541,158541,0,                       0,158539
30099,158540,0,                       0,158540,158540,0,                       0,158540
30100,158539,0,                       0,158541,158541,0,                       0,158539
30101,158540,0,                       0,158540,158540,0,                       0,158540
30102,158541,0,                       0,158539,158539,0,                       0,158541
30103,158540,0,                       0,158540,158540,0,                       0,158540
30104,158539,0,                       0,158541,158541,0,                       0,158539
30105,158540,0,                       0,158540,158540,0,                       0,158540
30106,158539,0,                       0,158541,158541,0,                       0,158539
30107,158540,0,                       0,158540,158540,0,                       0,158540
30108,158539,0,                       0,158541,158541,0,                       0,158539
30109,158538,0,                       0,158542,158542,0,                       0,158538
30110,158537,0,                       0,158543,158543,0,                       0,158537
30111,158538,0,                       0,158542,158542,0,                       0,158538
30112,158539,0,                       0,158541,158541,0,                       0,158539
30113,158540,0,                       0,158540,158540,0,                       0,158540
30114,158541,0,                       0,158539,158539,0,                       0,158541
30115,158540,0,                       0,158540,158540,0,                       0,158540
30116,158541,0,                       0,158539,158539,0,                       0,158541
30117,158540,0,                       0,158540,158540,0,                       0,158540
30118,158539,0,                       0,158541,158541,0,                       0,158539
30119,158538,0,                       0,158542,158542,0,                       0,158538
30120,158539,0,                       0,158541,158541,0,                       0,158539
30121,158538,0,                       0,158542,158542,0,                       0,158538
30122,158539,0,                       0,158541,158541,0,                       0,158539
30123,158538,0,                       0,158542,158542,0,                       0,158538
30124,158539,0,                       0,158541,158541,0,                       0,158539
30125,158540,0,                       0,158540,158540,0,                       0,158540
30126,158541,0,                       0,158539,158539,0,                       0,158541
30127,158540,0,                       0,158540,158540,0,                       0,158540
30128,158541,0,                       0,158539,158539,0,                       0,158541
30129,158540,0,                       0,158540,158540,0,                       0,158540
30130,158539,0,                       0,158541,158541,0,                       0,158539
30131,158540,0,                       0,158540,158540,0,                       0,158540
30132,158541,0,                       0,158539,158539,0,                       0,158541
30133,158542,0,                       0,158538,158538,0,                       0,158542
30134,158541,0,                       0,158539,158539,0,                       0,158541
30135,158540,0,                       0,158540,158540,0,                       0,158540
30136,158539,0,                       0,158541,158541,0,                       0,158539
30137,158540,0,                       0,158540,158540,0,                       0,158540
30138,158541,0,                       0,158539,158539,0,                       0,158541
30139,158540,0,                       0,158540,158540,0,                       0,158540
30140,158539,0,                       0,158541,158541,0,                       0,158539
30141,158540,0,                       0,158540,158540,0,                       0,158540
30142,158541,0,                       0,158539,158539,0,                       0,158541
30143,158540,0,                       0,158540,158540,0,                       0,158540
30144,158541,0,                       0,158539,158539,0,                       0,158541
30145,158540,0,                       0,158540,158540,0,                       0,158540
30146,158541,0,                       0,158539,158539,0,                       0,158541
30147,158540,0,                       0,158540,158540,0,                       0,158540
30148,158541,0,                       0,158539,158539,0,                       0,158541
30149,158542,0,                       0,158538,158538,0,                       0,158542
30150,158541,0,                       0,158539,158539,0,                       0,158541
30151,158540,0,                       0,158540,158540,0,                       0,158540
30152,158541,0,                       0,158539,158539,0,                       0,158541
30153,158540,0,                       0,158540,158540,0,                       0,158540
30154,158541,0,                       0,158539,158539,0,                       0,158541
30155,158540,0,                       0,158540,158540,0,                       0,158540
30156,158539,0,                       0,158541,158541,0,                       0,158539
30157,158540,0,                       0,158540,158540,0,                       0,158540
30158,158539,0,                       0,158541,158541,0,                       0,158539
30159,158540,0,                       0,158540,158540,0,                       0,158540
30160,158541,0,                       0,158539,158539,0,                       0,158541
30161,158540,0,                       0,158540,158540,0,                       0,158540
30162,158541,0,                       0,158539,158539,0,                       0,158541
30163,158542,0,                       0,158538,158538,0,                       0,158542
30164,158541,0,                       0,158539,158539,0,                       0,158541
30165,158540,0,                       0,158540,158540,0,                       0,158540
30166,158539,0,                       0,158541,158541,0,                       0,158539
30167,158540,0,                       0,158540,158540,0,                       0,158540
30168,158539,0,                       0,158541,158541,0,                       0,158539
30169,158538,0,                       0,158542,158542,0,                       0,158538
30170,158539,0,                       0,158541,158541,0,                       0,158539
30171,158538,0,                       0,158542,158542,0,                       0,158538
30172,158539,0,                       0,158541,158541,0,                       0,158539
30173,158540,0,                       0,158540,158540,0,                       0,158540
30174,158541,0,                       0,158539,158539,0,                       0,158541
30175,158542,0,                       0,158538,158538,0,                       0,158542
30176,158541,0,                       0,158539,158539,0,                       0,158541
30177,158542,0,                       0,158538,158538,0,                       0,158542
30178,158541,0,                       0,158539,158539,0,                       0,158541
30179,158540,0,                       0,158540,158540,0,                       0,158540
30180,158541,0,                       0,158539,158539,0,                       0,158541
30181,158542,0,                       0,158538,158538,0,                       0,158542
30182,158541,0,                       0,158539,158539,0,                       0,158541
30183,158542,0,                       0,158538,158538,0,                       0,158542
30184,158543,0,                       0,158537,158537,0,                       0,158543
30185,158542,0,                       0,158538,158538,0,                       0,158542
30186,158541,0,                       0,158539,158539,0,                       0,158541
30187,158540,0,                       0,158540,158540,0,                       0,158540
30188,158541,0,                       0,158539,158539,0,                       0,158541
30189,158542,0,                       0,158538,158538,0,                       0,158542
30190,158541,0,                       0,158539,158539,0,                       0,158541
30191,158540,0,                       0,158540,158540,0,                       0,158540
30192,158541,0,                       0,158539,158539,0,                       0,158541
30193,158542,0,                       0,158538,158538,0,                       0,158542
30194,158541,0,                       0,158539,158539,0,                       0,158541
30195,158540,0,                       0,158540,158540,0,                       0,158540
30196,158539,0,                       0,158541,158541,0,                       0,158539
30197,158538,0,                       0,158542,158542,0,                       0,158538
30198,158539,0,                       0,158541,158541,0,                       0,158539
30199,158538,0,                       0,158542,158542,0,                       0,158538
30200,158539,0,                       0,158541,158541,0,                       0,158539
30201,158540,0,                       0,158540,158540,0,                       0,158540
30202,158539,0,                       0,158541,158541,0,                       0,158539
30203,158540,0,                       0,158540,158540,0,                       0,158540
30204,158539,0,                       0,158541,158541,0,                       0,158539
30205,158540,0,                       0,158540,158540,0,                       0,158540
30206,158541,0,                       0,158539,158539,0,                       0,158541
30207,158540,0,                       0,158540,158540,0,                       0,158540
30208,158539,0,                       0,158541,158541,0,                       0,158539
30209,158540,0,                       0,158540,158540,0,                       0,158540
30210,158539,0,                       0,158541,158541,0,                       0,158539
30211,158538,0,                       0,158542,158542,0,                       0,158538
30212,158539,0,                       0,158541,158541,0,                       0,158539
30213,158538,0,                       0,158542,158542,0,                       0,158538
30214,158539,0,                       0,158541,158541,0,                       0,158539
30215,158540,0,                       0,158540,158540,0,                       0,158540
30216,158541,0,                       0,158539,158539,0,                       0,158541
30217,158542,0,                       0,158538,158538,0,                       0,158542
30218,158543,0,                       0,158537,158537,0,                       0,158543
30219,158542,0,                       0,158538,158538,0,                       0,158542
30220,158541,0,                       0,158539,158539,0,                       0,158541
30221,158540,0,                       0,158540,158540,0,                       0,158540
30222,158539,0,                       0,158541,158541,0,                       0,158539
30223,158540,0,                       0,158540,158540,0,                       0,158540
30224,158539,0,                       0,158541,158541,0,                       0,158539
30225,158540,0,                       0,158540,158540,0,                       0,158540
30226,158539,0,                       0,158541,158541,0,                       0,158539
30227,158540,0,                       0,158540,158540,0,                       0,158540
30228,158541,0,                       0,158539,158539,0,                       0,158541
30229,158540,0,                       0,158540,158540,0,                       0,158540
30230,158539,0,                       0,158541,158541,0,                       0,158539
30231,158538,0,                       0,158542,158542,0,                       0,158538
30232,158539,0,                       0,158541,158541,0,                       0,158539
30233,158538,0,                       0,158542,158542,0,                       0,158538
30234,158537,0,                       0,158543,158543,0,                       0,158537
30235,158538,0,                       0,158542,158542,0,                       0,158538
30236,158539,0,                       0,158541,158541,0,                       0,158539
30237,158540,0,                       0,158540,158540,0,                       0,158540
30238,158541,0,                       0,158539,158539,0,                       0,158541
30239,158540,0,                       0,158540,158540,0,                       0,158540
30240,158541,0,                       0,158539,158539,0,                       0,158541
30241,158542,0,                       0,158538,158538,0,                       0,158542
30242,158541,0,                       0,158539,158539,0,                       0,158541
30243,158542,0,                       0,158538,158538,0,                       0,158542
30244,158541,0,                       0,158539,158539,0,                       0,158541
30245,158540,0,                       0,158540,158540,0,                       0,158540
30246,158539,0,                       0,158541,158541,0,                       0,158539
30247,158538,0,                       0,158542,158542,0,                       0,158538
30248,158537,0,                       0,158543,158543,0,                       0,158537
30249,158538,0,                       0,158542,158542,0,                       0,158538
30250,158539,0,                       0,158541,158541,0,                       0,158539
30251,158540,0,                       0,158540,158540,0,                       0,158540
30252,158539,0,                       0,158541,158541,0,                       0,158539
30253,158540,0,                       0,158540,158540,0,                       0,158540
30254,158539,0,                       0,158541,158541,0,                       0,158539
30255,158538,0,                       0,158542,158542,0,                       0,158538
30256,158539,0,                       0,158541,158541,0,                       0,158539
30257,158540,0,                       0,158540,158540,0,                       0,158540
30258,158539,0,                       0,158541,158541,0,                       0,158539
30259,158538,0,                       0,158542,158542,0,                       0,158538
30260,158539,0,                       0,158541,158541,0,                       0,158539
30261,158540,0,                       0,158540,158540,0,                       0,158540
30262,158539,0,                       0,158541,158541,0,                       0,158539
30263,158538,0,                       0,158542,158542,0,                       0,158538
30264,158539,0,                       0,158541,158541,0,                       0,158539
30265,158538,0,                       0,158542,158542,0,                       0,158538
30266,158537,0,                       0,158543,158543,0,                       0,158537
30267,158538,0,                       0,158542,158542,0,                       0,158538
30268,158539,0,                       0,158541,158541,0,                       0,158539
30269,158540,0,                       0,158540,158540,0,                       0,158540
30270,158539,0,                       0,158541,158541,0,                       0,158539
30271,158538,0,                       0,158542,158542,0,                       0,158538
30272,158537,0,                       0,158543,158543,0,                       0,158537
30273,158538,0,                       0,158542,158542,0,                       0,158538
30274,158539,0,                       0,158541,158541,0,                       0,158539
30275,158540,0,                       0,158540,158540,0,                       0,158540
30276,158541,0,                       0,158539,158539,0,                       0,158541
30277,158540,0,                       0,158540,158540,0,                       0,158540
30278,158541,0,                       0,158539,158539,0,                       0,158541
30279,158540,0,                       0,158540,158540,0,                       0,158540
30280,158539,0,                       0,158541,158541,0,                       0,158539
30281,158538,0,                       0,158542,158542,0,                       0,158538
30282,158539,0,                       0,158541,158541,0,                       0,158539
30283,158538,0,                       0,158542,158542,0,                       0,158538
30284,158539,0,                       0,158541,158541,0,                       0,158539
30285,158540,0,                       0,158540,158540,0,                       0,158540
30286,158541,0,                       0,158539,158539,0,                       0,158541
30287,158542,0,                       0,158538,158538,0,                       0,158542
30288,158543,0,                       0,158537,158537,0,                       0,158543
30289,158542,0,                       0,158538,158538,0,                       0,158542
30290,158541,0,                       0,158539,158539,0,                       0,158541
30291,158542,0,                       0,158538,158538,0,                       0,158542
30292,158541,0,                       0,158539,158539,0,                       0,158541
30293,158540,0,                       0,158540,158540,0,                       0,158540
30294,158541,0,                       0,158539,158539,0,                       0,158541
30295,158540,0,                       0,158540,158540,0,                       0,158540
30296,158541,0,                       0,158539,158539,0,                       0,158541
30297,158540,0,                       0,158540,158540,0,                       0,158540
30298,158541,0,                       0,158539,158539,0,                       0,158541
30299,158542,0,                       0,158538,158538,0,                       0,158542
30300,158541,0,                       0,158539,158539,0,                       0,158541
30301,158540,0,                       0,158540,158540,0,                       0,158540
30302,158541,0,                       0,158539,158539,0,                       0,158541
30303,158542,0,                       0,158538,158538,0,                       0,158542
30304,158541,0,                       0,158539,158539,0,                       0,158541
30305,158542,0,                       0,158538,158538,0,                       0,158542
30306,158541,0,                       0,158539,158539,0,                       0,158541
30307,158540,0,                       0,158540,158540,0,                       0,158540
30308,158541,0,                       0,158539,158539,0,                       0,158541
30309,158540,0,                       0,158540,158540,0,                       0,158540
30310,158541,0,                       0,158539,158539,0,                       0,158541
30311,158540,0,                       0,158540,158540,0,                       0,158540
30312,158541,0,                       0,158539,158539,0,                       0,158541
30313,158540,0,                       0,158540,158540,0,                       0,158540
30314,158539,0,                       0,158541,158541,0,                       0,158539
30315,158540,0,                       0,158540,158540,0,                       0,158540
30316,158541,0,                       0,158539,158539,0,                       0,158541
30317,158540,0,                       0,158540,158540,0,                       0,158540
30318,158541,0,                       0,158539,158539,0,                       0,158541
30319,158540,0,                       0,158540,158540,0,                       0,158540
30320,158541,0,                       0,158539,158539,0,                       0,158541
30321,158540,0,                       0,158540,158540,0,                       0,158540
30322,158539,0,                       0,158541,158541,0,                       0,158539
30323,158540,0,                       0,158540,158540,0,                       0,158540
30324,158539,0,                       0,158541,158541,0,                       0,158539
30325,158538,0,                       0,158542,158542,0,                       0,158538
30326,158539,0,                       0,158541,158541,0,                       0,158539
30327,158540,0,                       0,158540,158540,0,                       0,158540
30328,158541,0,                       0,158539,158539,0,                       0,158541
30329,158542,0,                       0,158538,158538,0,                       0,158542
30330,158541,0,                       0,158539,158539,0,                       0,158541
30331,158540,0,                       0,158540,158540,0,                       0,158540
30332,158539,0,                       0,158541,158541,0,                       0,158539
30333,158540,0,                       0,158540,158540,0,                       0,158540
30334,158541,0,                       0,158539,158539,0,                       0,158541
30335,158540,0,                       0,158540,158540,0,                       0,158540
30336,158541,0,                       0,158539,158539,0,                       0,158541
30337,158540,0,                       0,158540,158540,0,                       0,158540
30338,158541,0,                       0,158539,158539,0,                       0,158541
30339,158540,0,                       0,158540,158540,0,                       0,158540
30340,158539,0,                       0,158541,158541,0,                       0,158539
30341,158540,0,                       0,158540,158540,0,                       0,158540
30342,158541,0,                       0,158539,158539,0,                       0,158541
30343,158542,0,                       0,158538,158538,0,                       0,158542
30344,158541,0,                       0,158539,158539,0,                       0,158541
30345,158540,0,                       0,158540,158540,0,                       0,158540
30346,158539,0,                       0,158541,158541,0,                       0,158539
30347,158538,0,                       0,158542,158542,0,                       0,158538
30348,158539,0,                       0,158541,158541,0,                       0,158539
30349,158540,0,                       0,158540,158540,0,                       0,158540
30350,158539,0,                       0,158541,158541,0,                       0,158539
30351,158538,0,                       0,158542,158542,0,                       0,158538
30352,158539,0,                       0,158541,158541,0,                       0,158539
30353,158540,0,                       0,158540,158540,0,                       0,158540
30354,158541,0,                       0,158539,158539,0,                       0,158541
30355,158540,0,                       0,158540,158540,0,                       0,158540
30356,158541,0,                       0,158539,158539,0,                       0,158541
30357,158540,0,                       0,158540,158540,0,                       0,158540
30358,158539,0,                       0,158541,158541,0,                       0,158539
30359,158538,0,                       0,158542,158542,0,                       0,158538
30360,158539,0,                       0,158541,158541,0,                       0,158539
30361,158538,0,                       0,158542,158542,0,                       0,158538
30362,158539,0,                       0,158541,158541,0,                       0,158539
30363,158540,0,                       0,158540,158540,0,                       0,158540
30364,158539,0,                       0,158541,158541,0,                       0,158539
30365,158540,0,                       0,158540,158540,0,                       0,158540
30366,158541,0,                       0,158539,158539,0,                       0,158541
30367,158540,0,                       0,158540,158540,0,                       0,158540
30368,158539,0,                       0,158541,158541,0,                       0,158539
30369,158540,0,                       0,158540,158540,0,                       0,158540
30370,158541,0,                       0,158539,158539,0,                       0,158541
30371,158540,0,                       0,158540,158540,0,                       0,158540
30372,158541,0,                       0,158539,158539,0,                       0,158541
30373,158540,0,                       0,158540,158540,0,                       0,158540
30374,158541,0,                       0,158539,158539,0,                       0,158541
30375,158540,0,                       0,158540,158540,0,                       0,158540
30376,158539,0,                       0,158541,158541,0,                       0,158539
30377,158538,0,                       0,158542,158542,0,                       0,158538
30378,158539,0,                       0,158541,158541,0,                       0,158539
30379,158538,0,                       0,158542,158542,0,                       0,158538
30380,158539,0,                       0,158541,158541,0,                       0,158539
30381,158540,0,                       0,158540,158540,0,                       0,158540
30382,158541,0,                       0,158539,158539,0,                       0,158541
30383,158540,0,                       0,158540,158540,0,                       0,158540
30384,158541,0,                       0,158539,158539,0,                       0,158541
30385,158542,0,                       0,158538,158538,0,                       0,158542
30386,158541,0,                       0,158539,158539,0,                       0,158541
30387,158540,0,                       0,158540,158540,0,                       0,158540
30388,158541,0,                       0,158539,158539,0,                       0,158541
30389,158542,0,                       0,158538,158538,0,                       0,158542
30390,158541,0,                       0,158539,158539,0,                       0,158541
30391,158542,0,                       0,158538,158538,0,                       0,158542
30392,158541,0,                       0,158539,158539,0,                       0,158541
30393,158540,0,                       0,158540,158540,0,                       0,158540
30394,158541,0,                       0,158539,158539,0,                       0,158541
30395,158540,0,                       0,158540,158540,0,                       0,158540
30396,158541,0,                       0,158539,158539,0,                       0,158541
30397,158540,0,                       0,158540,158540,0,                       0,158540
30398,158541,0,                       0,158539,158539,0,                       0,158541
30399,158540,0,                       0,158540,158540,0,                       0,158540
30400,158541,0,                       0,158539,158539,0,                       0,158541
30401,158542,0,                       0,158538,158538,0,                       0,158542
30402,158541,0,                       0,158539,158539,0,                       0,158541
30403,158540,0,                       0,158540,158540,0,                       0,158540
30404,158539,0,                       0,158541,158541,0,                       0,158539
30405,158540,0,                       0,158540,158540,0,                       0,158540
30406,158541,0,                       0,158539,158539,0,                       0,158541
30407,158540,0,                       0,158540,158540,0,                       0,158540
30408,158541,0,                       0,158539,158539,0,                       0,158541
30409,158540,0,                       0,158540,158540,0,                       0,158540
30410,158539,0,                       0,158541,158541,0,                       0,158539
30411,158540,0,                       0,158540,158540,0,                       0,158540
30412,158541,0,                       0,158539,158539,0,                       0,158541
30413,158540,0,                       0,158540,158540,0,                       0,158540
30414,158539,0,                       0,158541,158541,0,                       0,158539
30415,158540,0,                       0,158540,158540,0,                       0,158540
30416,158539,0,                       0,158541,158541,0,                       0,158539
30417,158540,0,                       0,158540,158540,0,                       0,158540
30418,158539,0,                       0,158541,158541,0,                       0,158539
30419,158540,0,                       0,158540,158540,0,                       0,158540
30420,158541,0,                       0,158539,158539,0,                       0,158541
30421,158540,0,                       0,158540,158540,0,                       0,158540
30422,158539,0,                       0,158541,158541,0,                       0,158539
30423,158538,0,                       0,158542,158542,0,                       0,158538
30424,158539,0,                       0,158541,158541,0,                       0,158539
30425,158540,0,                       0,158540,158540,0,                       0,158540
30426,158541,0,                       0,158539,158539,0,                       0,158541
30427,158540,0,                       0,158540,158540,0,                       0,158540
30428,158539,0,                       0,158541,158541,0,                       0,158539
30429,158540,0,                       0,158540,158540,0,                       0,158540
30430,158539,0,                       0,158541,158541,0,                       0,158539
30431,158538,0,                       0,158542,158542,0,                       0,158538
30432,158537,0,                       0,158543,158543,0,                       0,158537
30433,158538,0,                       0,158542,158542,0,                       0,158538
30434,158537,0,                       0,158543,158543,0,                       0,158537
30435,158538,0,                       0,158542,158542,0,                       0,158538
30436,158539,0,                       0,158541,158541,0,                       0,158539
30437,158538,0,                       0,158542,158542,0,                       0,158538
30438,158539,0,                       0,158541,158541,0,                       0,158539
30439,158538,0,                       0,158542,158542,0,                       0,158538
30440,158537,0,                       0,158543,158543,0,                       0,158537
30441,158538,0,                       0,158542,158542,0,                       0,158538
30442,158539,0,                       0,158541,158541,0,                       0,158539
30443,158540,0,                       0,158540,158540,0,                       0,158540
30444,158539,0,                       0,158541,158541,0,                       0,158539
30445,158540,0,                       0,158540,158540,0,                       0,158540
30446,158541,0,                       0,158539,158539,0,                       0,158541
30447,158542,0,                       0,158538,158538,0,                       0,158542
30448,158541,0,                       0,158539,158539,0,                       0,158541
30449,158540,0,                       0,158540,158540,0,                       0,158540
30450,158539,0,                       0,158541,158541,0,                       0,158539
30451,158540,0,                       0,158540,158540,0,                       0,158540
30452,158541,0,                       0,158539,158539,0,                       0,158541
30453,158542,0,                       0,158538,158538,0,                       0,158542
30454,158541,0,                       0,158539,158539,0,                       0,158541
30455,158540,0,                       0,158540,158540,0,                       0,158540
30456,158539,0,                       0,158541,158541,0,                       0,158539
30457,158540,0,                       0,158540,158540,0,                       0,158540
30458,158541,0,                       0,158539,158539,0,                       0,158541
30459,158540,0,                       0,158540,158540,0,                       0,158540
30460,158539,0,                       0,158541,158541,0,                       0,158539
30461,158538,0,                       0,158542,158542,0,                       0,158538
30462,158539,0,                       0,158541,158541,0,                       0,158539
30463,158540,0,                       0,158540,158540,0,                       0,158540
30464,158539,0,                       0,158541,158541,0,                       0,158539
30465,158538,0,                       0,158542,158542,0,                       0,158538
30466,158539,0,                       0,158541,158541,0,                       0,158539
30467,158540,0,                       0,158540,158540,0,                       0,158540
30468,158539,0,                       0,158541,158541,0,                       0,158539
30469,158538,0,                       0,158542,158542,0,                       0,158538
30470,158539,0,                       0,158541,158541,0,                       0,158539
30471,158540,0,                       0,158540,158540,0,                       0,158540
30472,158541,0,                       0,158539,158539,0,                       0,158541
30473,158542,0,                       0,158538,158538,0,                       0,158542
30474,158541,0,                       0,158539,158539,0,                       0,158541
30475,158540,0,                       0,158540,158540,0,                       0,158540
30476,158541,0,                       0,158539,158539,0,                       0,158541
30477,158540,0,                       0,158540,158540,0,                       0,158540
30478,158539,0,                       0,158541,158541,0,                       0,158539
30479,158540,0,                       0,158540,158540,0,                       0,158540
30480,158541,0,                       0,158539,158539,0,                       0,158541
30481,158542,0,                       0,158538,158538,0,                       0,158542
30482,158541,0,                       0,158539,158539,0,                       0,158541
30483,158540,0,                       0,158540,158540,0,                       0,158540
30484,158539,0,                       0,158541,158541,0,                       0,158539
30485,158540,0,                       0,158540,158540,0,                       0,158540
30486,158541,0,                       0,158539,158539,0,                       0,158541
30487,158540,0,                       0,158540,158540,0,                       0,158540
30488,158539,0,                       0,158541,158541,0,                       0,158539
30489,158540,0,                       0,158540,158540,0,                       0,158540
30490,158539,0,                       0,158541,158541,0,                       0,158539
30491,158540,0,                       0,158540,158540,0,                       0,158540
30492,158539,0,                       0,158541,158541,0,                       0,158539
30493,158540,0,                       0,158540,158540,0,                       0,158540
30494,158539,0,                       0,158541,158541,0,                       0,158539
30495,158540,0,                       0,158540,158540,0,                       0,158540
30496,158539,0,                       0,158541,158541,0,                       0,158539
30497,158538,0,                       0,158542,158542,0,                       0,158538
30498,158539,0,                       0,158541,158541,0,                       0,158539
30499,158540,0,                       0,158540,158540,0,                       0,158540
30500,158539,0,                       0,158541,158541,0,                       0,158539
30501,158540,0,                       0,158540,158540,0,                       0,158540
30502,158541,0,                       0,158539,158539,0,                       0,158541
30503,158540,0,                       0,158540,158540,0,                       0,158540
30504,158539,0,                       0,158541,158541,0,                       0,158539
30505,158540,0,                       0,158540,158540,0,                       0,158540
30506,158541,0,                       0,158539,158539,0,                       0,158541
30507,158540,0,                       0,158540,158540,0,                       0,158540
30508,158539,0,                       0,158541,158541,0,                       0,158539
30509,158540,0,                       0,158540,158540,0,                       0,158540
30510,158541,0,                       0,158539,158539,0,                       0,158541
30511,158542,0,                       0,158538,158538,0,                       0,158542
30512,158541,0,                       0,158539,158539,0,                       0,158541
30513,158540,0,                       0,158540,158540,0,                       0,158540
30514,158539,0,                       0,158541,158541,0,                       0,158539
30515,158538,0,                       0,158542,158542,0,                       0,158538
30516,158539,0,                       0,158541,158541,0,                       0,158539
30517,158540,0,                       0,158540,158540,0,                       0,158540
30518,158541,0,                       0,158539,158539,0,                       0,158541
30519,158540,0,                       0,158540,158540,0,                       0,158540
30520,158541,0,                       0,158539,158539,0,                       0,158541
30521,158540,0,                       0,158540,158540,0,                       0,158540
30522,158539,0,                       0,158541,158541,0,                       0,158539
30523,158540,0,                       0,158540,158540,0,                       0,158540
30524,158541,0,                       0,158539,158539,0,                       0,158541
30525,158542,0,                       0,158538,158538,0,                       0,158542
30526,158541,0,                       0,158539,158539,0,                       0,158541
30527,158540,0,                       0,158540,158540,0,                       0,158540
30528,158539,0,                       0,158541,158541,0,                       0,158539
30529,158540,0,                       0,158540,158540,0,                       0,158540
30530,158541,0,                       0,158539,158539,0,                       0,158541
30531,158540,0,                       0,158540,158540,0,                       0,158540
30532,158539,0,                       0,158541,158541,0,                       0,158539
30533,158540,0,                       0,158540,158540,0,                       0,158540
30534,158541,0,                       0,158539,158539,0,                       0,158541
30535,158540,0,                       0,158540,158540,0,                       0,158540
30536,158539,0,                       0,158541,158541,0,                       0,158539
30537,158540,0,                       0,158540,158540,0,                       0,158540
30538,158539,0,                       0,158541,158541,0,                       0,158539
30539,158538,0,                       0,158542,158542,0,                       0,158538
30540,158539,0,                       0,158541,158541,0,                       0,158539
30541,158540,0,                       0,158540,158540,0,                       0,158540
30542,158539,0,                       0,158541,158541,0,                       0,158539
30543,158538,0,                       0,158542,158542,0,                       0,158538
30544,158539,0,                       0,158541,158541,0,                       0,158539
30545,158540,0,                       0,158540,158540,0,                       0,158540
30546,158539,0,                       0,158541,158541,0,                       0,158539
30547,158540,0,                       0,158540,158540,0,                       0,158540
30548,158541,0,                       0,158539,158539,0,                       0,158541
30549,158542,0,                       0,158538,158538,0,                       0,158542
30550,158541,0,                       0,158539,158539,0,                       0,158541
30551,158540,0,                       0,158540,158540,0,                       0,158540
30552,158541,0,                       0,158539,158539,0,                       0,158541
30553,158540,0,                       0,158540,158540,0,                       0,158540
30554,158541,0,                       0,158539,158539,0,                       0,158541
30555,158540,0,                       0,158540,158540,0,                       0,158540
30556,158541,0,                       0,158539,158539,0,                       0,158541
30557,158540,0,                       0,158540,158540,0,                       0,158540
30558,158541,0,                       0,158539,158539,0,                       0,158541
30559,158540,0,                       0,158540,158540,0,                       0,158540
30560,158539,0,                       0,158541,158541,0,                       0,158539
30561,158540,0,                       0,158540,158540,0,                       0,158540
30562,158541,0,                       0,158539,158539,0,                       0,158541
30563,158542,0,                       0,158538,158538,0,                       0,158542
30564,158541,0,                       0,158539,158539,0,                       0,158541
30565,158540,0,                       0,158540,158540,0,                       0,158540
30566,158541,0,                       0,158539,158539,0,                       0,158541
30567,158540,0,                       0,158540,158540,0,                       0,158540
30568,158539,0,                       0,158541,158541,0,                       0,158539
30569,158540,0,                       0,158540,158540,0,                       0,158540
30570,158539,0,                       0,158541,158541,0,                       0,158539
30571,158538,0,                       0,158542,158542,0,                       0,158538
30572,158539,0,                       0,158541,158541,0,                       0,158539
30573,158540,0,                       0,158540,158540,0,                       0,158540
30574,158541,0,                       0,158539,158539,0,                       0,158541
30575,158540,0,                       0,158540,158540,0,                       0,158540
30576,158541,0,                       0,158539,158539,0,                       0,158541
30577,158542,0,                       0,158538,158538,0,                       0,158542
30578,158543,0,                       0,158537,158537,0,                       0,158543
30579,158542,0,                       0,158538,158538,0,                       0,158542
30580,158541,0,                       0,158539,158539,0,                       0,158541
30581,158540,0,                       0,158540,158540,0,                       0,158540
30582,158539,0,                       0,158541,158541,0,                       0,158539
30583,158540,0,                       0,158540,158540,0,                       0,158540
30584,158539,0,                       0,158541,158541,0,                       0,158539
30585,158538,0,                       0,158542,158542,0,                       0,158538
30586,158537,0,                       0,158543,158543,0,                       0,158537
30587,158538,0,                       0,158542,158542,0,                       0,158538
30588,158539,0,                       0,158541,158541,0,                       0,158539
30589,158538,0,                       0,158542,158542,0,                       0,158538
30590,158539,0,                       0,158541,158541,0,                       0,158539
30591,158540,0,                       0,158540,158540,0,                       0,158540
30592,158539,0,                       0,158541,158541,0,                       0,158539
30593,158540,0,                       0,158540,158540,0,                       0,158540
30594,158541,0,                       0,158539,158539,0,                       0,158541
30595,158542,0,                       0,158538,158538,0,                       0,158542
30596,158541,0,                       0,158539,158539,0,                       0,158541
30597,158542,0,                       0,158538,158538,0,                       0,158542
30598,158541,0,                       0,158539,158539,0,                       0,158541
30599,158542,0,                       0,158538,158538,0,                       0,158542
30600,158541,0,                       0,158539,158539,0,                       0,158541
30601,158540,0,                       0,158540,158540,0,                       0,158540
30602,158539,0,                       0,158541,158541,0,                       0,158539
30603,158540,0,                       0,158540,158540,0,                       0,158540
30604,158539,0,                       0,158541,158541,0,                       0,158539
30605,158538,0,                       0,158542,158542,0,                       0,158538
30606,158537,0,                       0,158543,158543,0,                       0,158537
30607,158538,0,                       0,158542,158542,0,                       0,158538
30608,158539,0,                       0,158541,158541,0,                       0,158539
30609,158540,0,                       0,158540,158540,0,                       0,158540
30610,158539,0,                       0,158541,158541,0,                       0,158539
30611,158538,0,                       0,158542,158542,0,                       0,158538
30612,158539,0,                       0,158541,158541,0,                       0,158539
30613,158538,0,                       0,158542,158542,0,                       0,158538
30614,158539,0,                       0,158541,158541,0,                       0,158539
30615,158540,0,                       0,158540,158540,0,                       0,158540
30616,158541,0,                       0,158539,158539,0,                       0,158541
30617,158540,0,                       0,158540,158540,0,                       0,158540
30618,158541,0,                       0,158539,158539,0,                       0,158541
30619,158542,0,                       0,158538,158538,0,                       0,158542
30620,158541,0,                       0,158539,158539,0,                       0,158541
30621,158540,0,                       0,158540,158540,0,                       0,158540
30622,158539,0,                       0,158541,158541,0,                       0,158539
30623,158538,0,                       0,158542,158542,0,                       0,158538
30624,158539,0,                       0,158541,158541,0,                       0,158539
30625,158540,0,                       0,158540,158540,0,                       0,158540
30626,158541,0,                       0,158539,158539,0,                       0,158541
30627,158540,0,                       0,158540,158540,0,                       0,158540
30628,158539,0,                       0,158541,158541,0,                       0,158539
30629,158540,0,                       0,158540,158540,0,                       0,158540
30630,158539,0,                       0,158541,158541,0,                       0,158539
30631,158540,0,                       0,158540,158540,0,                       0,158540
30632,158541,0,                       0,158539,158539,0,                       0,158541
30633,158540,0,                       0,158540,158540,0,                       0,158540
30634,158539,0,                       0,158541,158541,0,                       0,158539
30635,158540,0,                       0,158540,158540,0,                       0,158540
30636,158541,0,                       0,158539,158539,0,                       0,158541
30637,158542,0,                       0,158538,158538,0,                       0,158542
30638,158541,0,                       0,158539,158539,0,                       0,158541
30639,158540,0,                       0,158540,158540,0,                       0,158540
30640,158541,0,                       0,158539,158539,0,                       0,158541
30641,158540,0,                       0,158540,158540,0,                       0,158540
30642,158539,0,                       0,158541,158541,0,                       0,158539
30643,158540,0,                       0,158540,158540,0,                       0,158540
30644,158539,0,                       0,158541,158541,0,                       0,158539
30645,158538,0,                       0,158542,158542,0,                       0,158538
30646,158539,0,                       0,158541,158541,0,                       0,158539
30647,158540,0,                       0,158540,158540,0,                       0,158540
30648,158541,0,                       0,158539,158539,0,                       0,158541
30649,158540,0,                       0,158540,158540,0,                       0,158540
30650,158541,0,                       0,158539,158539,0,                       0,158541
30651,158540,0,                       0,158540,158540,0,                       0,158540
30652,158541,0,                       0,158539,158539,0,                       0,158541
30653,158540,0,                       0,158540,158540,0,                       0,158540
30654,158539,0,                       0,158541,158541,0,                       0,158539
30655,158538,0,                       0,158542,158542,0,                       0,158538
30656,158539,0,                       0,158541,158541,0,                       0,158539
30657,158538,0,                       0,158542,158542,0,                       0,158538
30658,158539,0,                       0,158541,158541,0,                       0,158539
30659,158538,0,                       0,158542,158542,0,                       0,158538
30660,158537,0,                       0,158543,158543,0,                       0,158537
30661,158538,0,                       0,158542,158542,0,                       0,158538
30662,158539,0,                       0,158541,158541,0,                       0,158539
30663,158540,0,                       0,158540,158540,0,                       0,158540
30664,158539,0,                       0,158541,158541,0,                       0,158539
30665,158538,0,                       0,158542,158542,0,                       0,158538
30666,158537,0,                       0,158543,158543,0,                       0,158537
30667,158538,0,                       0,158542,158542,0,                       0,158538
30668,158539,0,                       0,158541,158541,0,                       0,158539
30669,158540,0,                       0,158540,158540,0,                       0,158540
30670,158541,0,                       0,158539,158539,0,                       0,158541
30671,158542,0,                       0,158538,158538,0,                       0,158542
30672,158541,0,                       0,158539,158539,0,                       0,158541
30673,158540,0,                       0,158540,158540,0,                       0,158540
30674,158541,0,                       0,158539,158539,0,                       0,158541
30675,158542,0,                       0,158538,158538,0,                       0,158542
30676,158541,0,                       0,158539,158539,0,                       0,158541
30677,158540,0,                       0,158540,158540,0,                       0,158540
30678,158541,0,                       0,158539,158539,0,                       0,158541
30679,158540,0,                       0,158540,158540,0,                       0,158540
30680,158541,0,                       0,158539,158539,0,                       0,158541
30681,158542,0,                       0,158538,158538,0,                       0,158542
30682,158541,0,                       0,158539,158539,0,                       0,158541
30683,158540,0,                       0,158540,158540,0,                       0,158540
30684,158541,0,                       0,158539,158539,0,                       0,158541
30685,158540,0,                       0,158540,158540,0,                       0,158540
30686,158539,0,                       0,158541,158541,0,                       0,158539
30687,158538,0,                       0,158542,158542,0,                       0,158538
30688,158537,0,                       0,158543,158543,0,                       0,158537
30689,158536,0,                       0,158544,158544,0,                       0,158536
30690,158537,0,                       0,158543,158543,0,                       0,158537
30691,158538,0,                       0,158542,158542,0,                       0,158538
30692,158539,0,                       0,158541,158541,0,                       0,158539
30693,158540,0,                       0,158540,158540,0,                       0,158540
30694,158541,0,                       0,158539,158539,0,                       0,158541
30695,158542,0,                       0,158538,158538,0,                       0,158542
30696,158541,0,                       0,158539,158539,0,                       0,158541
30697,158540,0,                       0,158540,158540,0,                       0,158540
30698,158539,0,                       0,158541,158541,0,                       0,158539
30699,158540,0,                       0,158540,158540,0,                       0,158540
30700,158541,0,                       0,158539,158539,0,                       0,158541
30701,158542,0,                       0,158538,158538,0,                       0,158542
30702,158543,0,                       0,158537,158537,0,                       0,158543
30703,158542,0,                       0,158538,158538,0,                       0,158542
30704,158541,0,                       0,158539,158539,0,                       0,158541
30705,158540,0,                       0,158540,158540,0,                       0,158540
30706,158539,0,                       0,158541,158541,0,                       0,158539
30707,158538,0,                       0,158542,158542,0,                       0,158538
30708,158537,0,                       0,158543,158543,0,                       0,158537
30709,158538,0,                       0,158542,158542,0,                       0,158538
30710,158539,0,                       0,158541,158541,0,                       0,158539
30711,158538,0,                       0,158542,158542,0,                       0,158538
30712,158539,0,                       0,158541,158541,0,                       0,158539
30713,158540,0,                       0,158540,158540,0,                       0,158540
30714,158541,0,                       0,158539,158539,0,                       0,158541
30715,158540,0,                       0,158540,158540,0,                       0,158540
30716,158539,0,                       0,158541,158541,0,                       0,158539
30717,158538,0,                       0,158542,158542,0,                       0,158538
30718,158539,0,                       0,158541,158541,0,                       0,158539
30719,158540,0,                       0,158540,158540,0,                       0,158540
30720,158539,0,                       0,158541,158541,0,                       0,158539
30721,158538,0,                       0,158542,158542,0,                       0,158538
30722,158539,0,                       0,158541,158541,0,                       0,158539
30723,158540,0,                       0,158540,158540,0,                       0,158540
30724,158541,0,                       0,158539,158539,0,                       0,158541
30725,158540,0,                       0,158540,158540,0,                       0,158540
30726,158541,0,                       0,158539,158539,0,                       0,158541
30727,158542,0,                       0,158538,158538,0,                       0,158542
30728,158543,0,                       0,158537,158537,0,                       0,158543
30729,158542,0,                       0,158538,158538,0,                       0,158542
30730,158541,0,                       0,158539,158539,0,                       0,158541
30731,158540,0,                       0,158540,158540,0,                       0,158540
30732,158541,0,                       0,158539,158539,0,                       0,158541
30733,158540,0,                       0,158540,158540,0,                       0,158540
30734,158541,0,                       0,158539,158539,0,                       0,158541
30735,158542,0,                       0,158538,158538,0,                       0,158542
30736,158541,0,                       0,158539,158539,0,                       0,158541
30737,158542,0,                       0,158538,158538,0,                       0,158542
30738,158541,0,                       0,158539,158539,0,                       0,158541
30739,158540,0,                       0,158540,158540,0,                       0,158540
30740,158539,0,                       0,158541,158541,0,                       0,158539
30741,158540,0,                       0,158540,158540,0,                       0,158540
30742,158541,0,                       0,158539,158539,0,                       0,158541
30743,158542,0,                       0,158538,158538,0,                       0,158542
30744,158541,0,                       0,158539,158539,0,                       0,158541
30745,158540,0,                       0,158540,158540,0,                       0,158540
30746,158541,0,                       0,158539,158539,0,                       0,158541
30747,158540,0,                       0,158540,158540,0,                       0,158540
30748,158541,0,                       0,158539,158539,0,                       0,158541
30749,158540,0,                       0,158540,158540,0,                       0,158540
30750,158541,0,                       0,158539,158539,0,                       0,158541
30751,158542,0,                       0,158538,158538,0,                       0,158542
30752,158541,0,                       0,158539,158539,0,                       0,158541
30753,158542,0,                       0,158538,158538,0,                       0,158542
30754,158541,0,                       0,158539,158539,0,                       0,158541
30755,158540,0,                       0,158540,158540,0,                       0,158540
30756,158539,0,                       0,158541,158541,0,                       0,158539
30757,158538,0,                       0,158542,158542,0,                       0,158538
30758,158539,0,                       0,158541,158541,0,                       0,158539
30759,158538,0,                       0,158542,158542,0,                       0,158538
30760,158539,0,                       0,158541,158541,0,                       0,158539
30761,158538,0,                       0,158542,158542,0,                       0,158538
30762,158539,0,                       0,158541,158541,0,                       0,158539
30763,158540,0,                       0,158540,158540,0,                       0,158540
30764,158541,0,                       0,158539,158539,0,                       0,158541
30765,158540,0,                       0,158540,158540,0,                       0,158540
30766,158541,0,                       0,158539,158539,0,                       0,158541
30767,158542,0,                       0,158538,158538,0,                       0,158542
30768,158541,0,                       0,158539,158539,0,                       0,158541
30769,158540,0,                       0,158540,158540,0,                       0,158540
30770,158539,0,                       0,158541,158541,0,                       0,158539
30771,158540,0,                       0,158540,158540,0,                       0,158540
30772,158541,0,                       0,158539,158539,0,                       0,158541
30773,158540,0,                       0,158540,158540,0,                       0,158540
30774,158541,0,                       0,158539,158539,0,                       0,158541
30775,158542,0,                       0,158538,158538,0,                       0,158542
30776,158541,0,                       0,158539,158539,0,                       0,158541
30777,158540,0,                       0,158540,158540,0,                       0,158540
30778,158539,0,                       0,158541,158541,0,                       0,158539
30779,158540,0,                       0,158540,158540,0,                       0,158540
30780,158539,0,                       0,158541,158541,0,                       0,158539
30781,158538,0,                       0,158542,158542,0,                       0,158538
30782,158539,0,                       0,158541,158541,0,                       0,158539
30783,158538,0,                       0,158542,158542,0,                       0,158538
30784,158539,0,                       0,158541,158541,0,                       0,158539
30785,158540,0,                       0,158540,158540,0,                       0,158540
30786,158539,0,                       0,158541,158541,0,                       0,158539
30787,158538,0,                       0,158542,158542,0,                       0,158538
30788,158539,0,                       0,158541,158541,0,                       0,158539
30789,158538,0,                       0,158542,158542,0,                       0,158538
30790,158537,0,                       0,158543,158543,0,                       0,158537
30791,158538,0,                       0,158542,158542,0,                       0,158538
30792,158539,0,                       0,158541,158541,0,                       0,158539
30793,158540,0,                       0,158540,158540,0,                       0,158540
30794,158539,0,                       0,158541,158541,0,                       0,158539
30795,158540,0,                       0,158540,158540,0,                       0,158540
30796,158541,0,                       0,158539,158539,0,                       0,158541
30797,158540,0,                       0,158540,158540,0,                       0,158540
30798,158539,0,                       0,158541,158541,0,                       0,158539
30799,158538,0,                       0,158542,158542,0,                       0,158538
30800,158537,0,                       0,158543,158543,0,                       0,158537
30801,158538,0,                       0,158542,158542,0,                       0,158538
30802,158539,0,                       0,158541,158541,0,                       0,158539
30803,158540,0,                       0,158540,158540,0,                       0,158540
30804,158539,0,                       0,158541,158541,0,                       0,158539
30805,158538,0,                       0,158542,158542,0,                       0,158538
30806,158539,0,                       0,158541,158541,0,                       0,158539
30807,158538,0,                       0,158542,158542,0,                       0,158538
30808,158539,0,                       0,158541,158541,0,                       0,158539
30809,158540,0,                       0,158540,158540,0,                       0,158540
30810,158541,0,                       0,158539,158539,0,                       0,158541
30811,158540,0,                       0,158540,158540,0,                       0,158540
30812,158541,0,                       0,158539,158539,0,                       0,158541
30813,158540,0,                       0,158540,158540,0,                       0,158540
30814,158539,0,                       0,158541,158541,0,                       0,158539
30815,158538,0,                       0,158542,158542,0,                       0,158538
30816,158539,0,                       0,158541,158541,0,                       0,158539
30817,158540,0,                       0,158540,158540,0,                       0,158540
30818,158541,0,                       0,158539,158539,0,                       0,158541
30819,158540,0,                       0,158540,158540,0,                       0,158540
30820,158539,0,                       0,158541,158541,0,                       0,158539
30821,158540,0,                       0,158540,158540,0,                       0,158540
30822,158539,0,                       0,158541,158541,0,                       0,158539
30823,158540,0,                       0,158540,158540,0,                       0,158540
30824,158539,0,                       0,158541,158541,0,                       0,158539
30825,158538,0,                       0,158542,158542,0,                       0,158538
30826,158539,0,                       0,158541,158541,0,                       0,158539
30827,158538,0,                       0,158542,158542,0,                       0,158538
30828,158539,0,                       0,158541,158541,0,                       0,158539
30829,158540,0,                       0,158540,158540,0,                       0,158540
30830,158539,0,                       0,158541,158541,0,                       0,158539
30831,158540,0,                       0,158540,158540,0,                       0,158540
30832,158539,0,                       0,158541,158541,0,                       0,158539
30833,158540,0,                       0,158540,158540,0,                       0,158540
30834,158539,0,                       0,158541,158541,0,                       0,158539
30835,158540,0,                       0,158540,158540,0,                       0,158540
30836,158539,0,                       0,158541,158541,0,                       0,158539
30837,158540,0,                       0,158540,158540,0,                       0,158540
30838,158541,0,                       0,158539,158539,0,                       0,158541
30839,158540,0,                       0,158540,158540,0,                       0,158540
30840,158539,0,                       0,158541,158541,0,                       0,158539
30841,158538,0,                       0,158542,158542,0,                       0,158538
30842,158539,0,                       0,158541,158541,0,                       0,158539
30843,158540,0,                       0,158540,158540,0,                       0,158540
30844,158539,0,                       0,158541,158541,0,                       0,158539
30845,158538,0,                       0,158542,158542,0,                       0,158538
30846,158539,0,                       0,158541,158541,0,                       0,158539
30847,158540,0,                       0,158540,158540,0,                       0,158540
30848,158539,0,                       0,158541,158541,0,                       0,158539
30849,158540,0,                       0,158540,158540,0,                       0,158540
30850,158539,0,                       0,158541,158541,0,                       0,158539
30851,158540,0,                       0,158540,158540,0,                       0,158540
30852,158541,0,                       0,158539,158539,0,                       0,158541
30853,158540,0,                       0,158540,158540,0,                       0,158540
30854,158541,0,                       0,158539,158539,0,                       0,158541
30855,158542,0,                       0,158538,158538,0,                       0,158542
30856,158541,0,                       0,158539,158539,0,                       0,158541
30857,158540,0,                       0,158540,158540,0,                       0,158540
30858,158541,0,                       0,158539,158539,0,                       0,158541
30859,158542,0,                       0,158538,158538,0,                       0,158542
30860,158543,0,                       0,158537,158537,0,                       0,158543
30861,158542,0,                       0,158538,158538,0,                       0,158542
30862,158541,0,                       0,158539,158539,0,                       0,158541
30863,158540,0,                       0,158540,158540,0,                       0,158540
30864,158539,0,                       0,158541,158541,0,                       0,158539
30865,158540,0,                       0,158540,158540,0,                       0,158540
30866,158539,0,                       0,158541,158541,0,                       0,158539
30867,158540,0,                       0,158540,158540,0,                       0,158540
30868,158541,0,                       0,158539,158539,0,                       0,158541
30869,158540,0,                       0,158540,158540,0,                       0,158540
30870,158539,0,                       0,158541,158541,0,                       0,158539
30871,158538,0,                       0,158542,158542,0,                       0,158538
30872,158539,0,                       0,158541,158541,0,                       0,158539
30873,158540,0,                       0,158540,158540,0,                       0,158540
30874,158539,0,                       0,158541,158541,0,                       0,158539
30875,158540,0,                       0,158540,158540,0,                       0,158540
30876,158539,0,                       0,158541,158541,0,                       0,158539
30877,158540,0,                       0,158540,158540,0,                       0,158540
30878,158539,0,                       0,158541,158541,0,                       0,158539
30879,158538,0,                       0,158542,158542,0,                       0,158538
30880,158539,0,                       0,158541,158541,0,                       0,158539
30881,158540,0,                       0,158540,158540,0,                       0,158540
30882,158541,0,                       0,158539,158539,0,                       0,158541
30883,158540,0,                       0,158540,158540,0,                       0,158540
30884,158541,0,                       0,158539,158539,0,                       0,158541
30885,158542,0,                       0,158538,158538,0,                       0,158542
30886,158541,0,                       0,158539,158539,0,                       0,158541
30887,158540,0,                       0,158540,158540,0,                       0,158540
30888,158539,0,                       0,158541,158541,0,                       0,158539
30889,158538,0,                       0,158542,158542,0,                       0,158538
30890,158539,0,                       0,158541,158541,0,                       0,158539
30891,158540,0,                       0,158540,158540,0,                       0,158540
30892,158541,0,                       0,158539,158539,0,                       0,158541
30893,158540,0,                       0,158540,158540,0,                       0,158540
30894,158541,0,                       0,158539,158539,0,                       0,158541
30895,158540,0,                       0,158540,158540,0,                       0,158540
30896,158539,0,                       0,158541,158541,0,                       0,158539
30897,158540,0,                       0,158540,158540,0,                       0,158540
30898,158539,0,                       0,158541,158541,0,                       0,158539
30899,158540,0,                       0,158540,158540,0,                       0,158540
30900,158541,0,                       0,158539,158539,0,                       0,158541
30901,158542,0,                       0,158538,158538,0,                       0,158542
30902,158541,0,                       0,158539,158539,0,                       0,158541
30903,158540,0,                       0,158540,158540,0,                       0,158540
30904,158539,0,                       0,158541,158541,0,                       0,158539
30905,158540,0,                       0,158540,158540,0,                       0,158540
30906,158541,0,                       0,158539,158539,0,                       0,158541
30907,158540,0,                       0,158540,158540,0,                       0,158540
30908,158539,0,                       0,158541,158541,0,                       0,158539
30909,158540,0,                       0,158540,158540,0,                       0,158540
30910,158541,0,                       0,158539,158539,0,                       0,158541
30911,158540,0,                       0,158540,158540,0,                       0,158540
30912,158539,0,                       0,158541,158541,0,                       0,158539
30913,158538,0,                       0,158542,158542,0,                       0,158538
30914,158539,0,                       0,158541,158541,0,                       0,158539
30915,158540,0,                       0,158540,158540,0,                       0,158540
30916,158539,0,                       0,158541,158541,0,                       0,158539
30917,158540,0,                       0,158540,158540,0,                       0,158540
30918,158541,0,                       0,158539,158539,0,                       0,158541
30919,158542,0,                       0,158538,158538,0,                       0,158542
30920,158541,0,                       0,158539,158539,0,                       0,158541
30921,158540,0,                       0,158540,158540,0,                       0,158540
30922,158539,0,                       0,158541,158541,0,                       0,158539
30923,158538,0,                       0,158542,158542,0,                       0,158538
30924,158537,0,                       0,158543,158543,0,                       0,158537
30925,158538,0,                       0,158542,158542,0,                       0,158538
30926,158539,0,                       0,158541,158541,0,                       0,158539
30927,158540,0,                       0,158540,158540,0,                       0,158540
30928,158541,0,                       0,158539,158539,0,                       0,158541
30929,158540,0,                       0,158540,158540,0,                       0,158540
30930,158539,0,                       0,158541,158541,0,                       0,158539
30931,158538,0,                       0,158542,158542,0,                       0,158538
30932,158539,0,                       0,158541,158541,0,                       0,158539
30933,158538,0,                       0,158542,158542,0,                       0,158538
30934,158539,0,                       0,158541,158541,0,                       0,158539
30935,158540,0,                       0,158540,158540,0,                       0,158540
30936,158539,0,                       0,158541,158541,0,                       0,158539
30937,158538,0,                       0,158542,158542,0,                       0,158538
30938,158537,0,                       0,158543,158543,0,                       0,158537
30939,158538,0,                       0,158542,158542,0,                       0,158538
30940,158539,0,                       0,158541,158541,0,                       0,158539
30941,158538,0,                       0,158542,158542,0,                       0,158538
30942,158539,0,                       0,158541,158541,0,                       0,158539
30943,158540,0,                       0,158540,158540,0,                       0,158540
30944,158541,0,                       0,158539,158539,0,                       0,158541
30945,158540,0,                       0,158540,158540,0,                       0,158540
30946,158539,0,                       0,158541,158541,0,                       0,158539
30947,158540,0,                       0,158540,158540,0,                       0,158540
30948,158541,0,                       0,158539,158539,0,                       0,158541
30949,158540,0,                       0,158540,158540,0,                       0,158540
30950,158541,0,                       0,158539,158539,0,                       0,158541
30951,158542,0,                       0,158538,158538,0,                       0,158542
30952,158543,0,                       0,158537,158537,0,                       0,158543
30953,158542,0,                       0,158538,158538,0,                       0,158542
30954,158541,0,                       0,158539,158539,0,                       0,158541
30955,158542,0,                       0,158538,158538,0,                       0,158542
30956,158541,0,                       0,158539,158539,0,                       0,158541
30957,158542,0,                       0,158538,158538,0,                       0,158542
30958,158541,0,                       0,158539,158539,0,                       0,158541
30959,158542,0,                       0,158538,158538,0,                       0,158542
30960,158541,0,                       0,158539,158539,0,                       0,158541
30961,158540,0,                       0,158540,158540,0,                       0,158540
30962,158541,0,                       0,158539,158539,0,                       0,158541
30963,158542,0,                       0,158538,158538,0,                       0,158542
30964,158541,0,                       0,158539,158539,0,                       0,158541
30965,158540,0,                       0,158540,158540,0,                       0,158540
30966,158539,0,                       0,158541,158541,0,                       0,158539
30967,158538,0,                       0,158542,158542,0,                       0,158538
30968,158539,0,                       0,158541,158541,0,                       0,158539
30969,158538,0,                       0,158542,158542,0,                       0,158538
30970,158539,0,                       0,158541,158541,0,                       0,158539
30971,158540,0,                       0,158540,158540,0,                       0,158540
30972,158539,0,                       0,158541,158541,0,                       0,158539
30973,158540,0,                       0,158540,158540,0,                       0,158540
30974,158539,0,                       0,158541,158541,0,                       0,158539
30975,158540,0,                       0,158540,158540,0,                       0,158540
30976,158541,0,                       0,158539,158539,0,                       0,158541
30977,158540,0,                       0,158540,158540,0,                       0,158540
30978,158541,0,                       0,158539,158539,0,                       0,158541
30979,158540,0,                       0,158540,158540,0,                       0,158540
30980,158539,0,                       0,158541,158541,0,                       0,158539
30981,158538,0,                       0,158542,158542,0,                       0,158538
30982,158539,0,                       0,158541,158541,0,                       0,158539
30983,158538,0,                       0,158542,158542,0,                       0,158538
30984,158539,0,                       0,158541,158541,0,                       0,158539
30985,158538,0,                       0,158542,158542,0,                       0,158538
30986,158539,0,                       0,158541,158541,0,                       0,158539
30987,158540,0,                       0,158540,158540,0,                       0,158540
30988,158539,0,                       0,158541,158541,0,                       0,158539
30989,158540,0,                       0,158540,158540,0,                       0,158540
30990,158539,0,                       0,158541,158541,0,                       0,158539
30991,158538,0,                       0,158542,158542,0,                       0,158538
30992,158537,0,                       0,158543,158543,0,                       0,158537
30993,158538,0,                       0,158542,158542,0,                       0,158538
30994,158539,0,                       0,158541,158541,0,                       0,158539
30995,158540,0,                       0,158540,158540,0,                       0,158540
30996,158539,0,                       0,158541,158541,0,                       0,158539
30997,158538,0,                       0,158542,158542,0,                       0,158538
30998,158539,0,                       0,158541,158541,0,                       0,158539
30999,158540,0,                       0,158540,158540,0,                       0,158540
31000,158539,0,                       0,158541,158541,0,                       0,158539
31001,158540,0,                       0,158540,158540,0,                       0,158540
31002,158541,0,                       0,158539,158539,0,                       0,158541
31003,158542,0,                       0,158538,158538,0,                       0,158542
31004,158541,0,                       0,158539,158539,0,                       0,158541
31005,158540,0,                       0,158540,158540,0,                       0,158540
31006,158539,0,                       0,158541,158541,0,                       0,158539
31007,158540,0,                       0,158540,158540,0,                       0,158540
31008,158541,0,                       0,158539,158539,0,                       0,158541
31009,158540,0,                       0,158540,158540,0,                       0,158540
31010,158539,0,                       0,158541,158541,0,                       0,158539
31011,158540,0,                       0,158540,158540,0,                       0,158540
31012,158539,0,                       0,158541,158541,0,                       0,158539
31013,158540,0,                       0,158540,158540,0,                       0,158540
31014,158541,0,                       0,158539,158539,0,                       0,158541
31015,158540,0,                       0,158540,158540,0,                       0,158540
31016,158541,0,                       0,158539,158539,0,                       0,158541
31017,158540,0,                       0,158540,158540,0,                       0,158540
31018,158539,0,                       0,158541,158541,0,                       0,158539
31019,158540,0,                       0,158540,158540,0,                       0,158540
31020,158539,0,                       0,158541,158541,0,                       0,158539
31021,158540,0,                       0,158540,158540,0,                       0,158540
31022,158539,0,                       0,158541,158541,0,                       0,158539
31023,158540,0,                       0,158540,158540,0,                       0,158540
31024,158539,0,                       0,158541,158541,0,                       0,158539
31025,158540,0,                       0,158540,158540,0,                       0,158540
31026,158539,0,                       0,158541,158541,0,                       0,158539
31027,158538,0,                       0,158542,158542,0,                       0,158538
31028,158539,0,                       0,158541,158541,0,                       0,158539
31029,158540,0,                       0,158540,158540,0,                       0,158540
31030,158539,0,                       0,158541,158541,0,                       0,158539
31031,158540,0,                       0,158540,158540,0,                       0,158540
31032,158541,0,                       0,158539,158539,0,                       0,158541
31033,158540,0,                       0,158540,158540,0,                       0,158540
31034,158541,0,                       0,158539,158539,0,                       0,158541
31035,158540,0,                       0,158540,158540,0,                       0,158540
31036,158539,0,                       0,158541,158541,0,                       0,158539
31037,158538,0,                       0,158542,158542,0,                       0,158538
31038,158539,0,                       0,158541,158541,0,                       0,158539
31039,158540,0,                       0,158540,158540,0,                       0,158540
31040,158541,0,                       0,158539,158539,0,                       0,158541
31041,158542,0,                       0,158538,158538,0,                       0,158542
31042,158541,0,                       0,158539,158539,0,                       0,158541
31043,158542,0,                       0,158538,158538,0,                       0,158542
31044,158543,0,                       0,158537,158537,0,                       0,158543
31045,158542,0,                       0,158538,158538,0,                       0,158542
31046,158541,0,                       0,158539,158539,0,                       0,158541
31047,158540,0,                       0,158540,158540,0,                       0,158540
31048,158541,0,                       0,158539,158539,0,                       0,158541
31049,158540,0,                       0,158540,158540,0,                       0,158540
31050,158539,0,                       0,158541,158541,0,                       0,158539
31051,158540,0,                       0,158540,158540,0,                       0,158540
31052,158541,0,                       0,158539,158539,0,                       0,158541
31053,158540,0,                       0,158540,158540,0,                       0,158540
31054,158539,0,                       0,158541,158541,0,                       0,158539
31055,158538,0,                       0,158542,158542,0,                       0,158538
31056,158537,0,                       0,158543,158543,0,                       0,158537
31057,158536,0,                       0,158544,158544,0,                       0,158536
31058,158537,0,                       0,158543,158543,0,                       0,158537
31059,158536,0,                       0,158544,158544,0,                       0,158536
31060,158537,0,                       0,158543,158543,0,                       0,158537
31061,158538,0,                       0,158542,158542,0,                       0,158538
31062,158539,0,                       0,158541,158541,0,                       0,158539
31063,158540,0,                       0,158540,158540,0,                       0,158540
31064,158541,0,                       0,158539,158539,0,                       0,158541
31065,158540,0,                       0,158540,158540,0,                       0,158540
31066,158541,0,                       0,158539,158539,0,                       0,158541
31067,158540,0,                       0,158540,158540,0,                       0,158540
31068,158541,0,                       0,158539,158539,0,                       0,158541
31069,158540,0,                       0,158540,158540,0,                       0,158540
31070,158539,0,                       0,158541,158541,0,                       0,158539
31071,158540,0,                       0,158540,158540,0,                       0,158540
31072,158539,0,                       0,158541,158541,0,                       0,158539
31073,158540,0,                       0,158540,158540,0,                       0,158540
31074,158539,0,                       0,158541,158541,0,                       0,158539
31075,158540,0,                       0,158540,158540,0,                       0,158540
31076,158541,0,                       0,158539,158539,0,                       0,158541
31077,158540,0,                       0,158540,158540,0,                       0,158540
31078,158539,0,                       0,158541,158541,0,                       0,158539
31079,158540,0,                       0,158540,158540,0,                       0,158540
31080,158541,0,                       0,158539,158539,0,                       0,158541
31081,158540,0,                       0,158540,158540,0,                       0,158540
31082,158541,0,                       0,158539,158539,0,                       0,158541
31083,158540,0,                       0,158540,158540,0,                       0,158540
31084,158539,0,                       0,158541,158541,0,                       0,158539
31085,158538,0,                       0,158542,158542,0,                       0,158538
31086,158539,0,                       0,158541,158541,0,                       0,158539
31087,158538,0,                       0,158542,158542,0,                       0,158538
31088,158537,0,                       0,158543,158543,0,                       0,158537
31089,158538,0,                       0,158542,158542,0,                       0,158538
31090,158539,0,                       0,158541,158541,0,                       0,158539
31091,158538,0,                       0,158542,158542,0,                       0,158538
31092,158537,0,                       0,158543,158543,0,                       0,158537
31093,158536,0,                       0,158544,158544,0,                       0,158536
31094,158537,0,                       0,158543,158543,0,                       0,158537
31095,158538,0,                       0,158542,158542,0,                       0,158538
31096,158539,0,                       0,158541,158541,0,                       0,158539
31097,158540,0,                       0,158540,158540,0,                       0,158540
31098,158541,0,                       0,158539,158539,0,                       0,158541
31099,158540,0,                       0,158540,158540,0,                       0,158540
31100,158539,0,                       0,158541,158541,0,                       0,158539
31101,158540,0,                       0,158540,158540,0,                       0,158540
31102,158541,0,                       0,158539,158539,0,                       0,158541
31103,158542,0,                       0,158538,158538,0,                       0,158542
31104,158541,0,                       0,158539,158539,0,                       0,158541
31105,158540,0,                       0,158540,158540,0,                       0,158540
31106,158541,0,                       0,158539,158539,0,                       0,158541
31107,158540,0,                       0,158540,158540,0,                       0,158540
31108,158541,0,                       0,158539,158539,0,                       0,158541
31109,158540,0,                       0,158540,158540,0,                       0,158540
31110,158539,0,                       0,158541,158541,0,                       0,158539
31111,158540,0,                       0,158540,158540,0,                       0,158540
31112,158541,0,                       0,158539,158539,0,                       0,158541
31113,158540,0,                       0,158540,158540,0,                       0,158540
31114,158539,0,                       0,158541,158541,0,                       0,158539
31115,158540,0,                       0,158540,158540,0,                       0,158540
31116,158539,0,                       0,158541,158541,0,                       0,158539
31117,158540,0,                       0,158540,158540,0,                       0,158540
31118,158539,0,                       0,158541,158541,0,                       0,158539
31119,158540,0,                       0,158540,158540,0,                       0,158540
31120,158539,0,                       0,158541,158541,0,                       0,158539
31121,158540,0,                       0,158540,158540,0,                       0,158540
31122,158539,0,                       0,158541,158541,0,                       0,158539
31123,158540,0,                       0,158540,158540,0,                       0,158540
31124,158539,0,                       0,158541,158541,0,                       0,158539
31125,158540,0,                       0,158540,158540,0,                       0,158540
31126,158541,0,                       0,158539,158539,0,                       0,158541
31127,158540,0,                       0,158540,158540,0,                       0,158540
31128,158539,0,                       0,158541,158541,0,                       0,158539
31129,158540,0,                       0,158540,158540,0,                       0,158540
31130,158541,0,                       0,158539,158539,0,                       0,158541
31131,158540,0,                       0,158540,158540,0,                       0,158540
31132,158541,0,                       0,158539,158539,0,                       0,158541
31133,158542,0,                       0,158538,158538,0,                       0,158542
31134,158541,0,                       0,158539,158539,0,                       0,158541
31135,158542,0,                       0,158538,158538,0,                       0,158542
31136,158541,0,                       0,158539,158539,0,                       0,158541
31137,158542,0,                       0,158538,158538,0,                       0,158542
31138,158541,0,                       0,158539,158539,0,                       0,158541
31139,158540,0,                       0,158540,158540,0,                       0,158540
31140,158541,0,                       0,158539,158539,0,                       0,158541
31141,158540,0,                       0,158540,158540,0,                       0,158540
31142,158541,0,                       0,158539,158539,0,                       0,158541
31143,158540,0,                       0,158540,158540,0,                       0,158540
31144,158541,0,                       0,158539,158539,0,                       0,158541
31145,158540,0,                       0,158540,158540,0,                       0,158540
31146,158541,0,                       0,158539,158539,0,                       0,158541
31147,158540,0,                       0,158540,158540,0,                       0,158540
31148,158541,0,                       0,158539,158539,0,                       0,158541
31149,158540,0,                       0,158540,158540,0,                       0,158540
31150,158541,0,                       0,158539,158539,0,                       0,158541
31151,158540,0,                       0,158540,158540,0,                       0,158540
31152,158539,0,                       0,158541,158541,0,                       0,158539
31153,158540,0,                       0,158540,158540,0,                       0,158540
31154,158539,0,                       0,158541,158541,0,                       0,158539
31155,158540,0,                       0,158540,158540,0,                       0,158540
31156,158541,0,                       0,158539,158539,0,                       0,158541
31157,158540,0,                       0,158540,158540,0,                       0,158540
31158,158539,0,                       0,158541,158541,0,                       0,158539
31159,158540,0,                       0,158540,158540,0,                       0,158540
31160,158539,0,                       0,158541,158541,0,                       0,158539
31161,158538,0,                       0,158542,158542,0,                       0,158538
31162,158539,0,                       0,158541,158541,0,                       0,158539
31163,158538,0,                       0,158542,158542,0,                       0,158538
31164,158539,0,                       0,158541,158541,0,                       0,158539
31165,158540,0,                       0,158540,158540,0,                       0,158540
31166,158541,0,                       0,158539,158539,0,                       0,158541
31167,158540,0,                       0,158540,158540,0,                       0,158540
31168,158541,0,                       0,158539,158539,0,                       0,158541
31169,158540,0,                       0,158540,158540,0,                       0,158540
31170,158539,0,                       0,158541,158541,0,                       0,158539
31171,158540,0,                       0,158540,158540,0,                       0,158540
31172,158539,0,                       0,158541,158541,0,                       0,158539
31173,158540,0,                       0,158540,158540,0,                       0,158540
31174,158539,0,                       0,158541,158541,0,                       0,158539
31175,158540,0,                       0,158540,158540,0,                       0,158540
31176,158541,0,                       0,158539,158539,0,                       0,158541
31177,158540,0,                       0,158540,158540,0,                       0,158540
31178,158541,0,                       0,158539,158539,0,                       0,158541
31179,158540,0,                       0,158540,158540,0,                       0,158540
31180,158541,0,                       0,158539,158539,0,                       0,158541
31181,158540,0,                       0,158540,158540,0,                       0,158540
31182,158541,0,                       0,158539,158539,0,                       0,158541
31183,158540,0,                       0,158540,158540,0,                       0,158540
31184,158541,0,                       0,158539,158539,0,                       0,158541
31185,158542,0,                       0,158538,158538,0,                       0,158542
31186,158541,0,                       0,158539,158539,0,                       0,158541
31187,158540,0,                       0,158540,158540,0,                       0,158540
31188,158541,0,                       0,158539,158539,0,                       0,158541
31189,158542,0,                       0,158538,158538,0,                       0,158542
31190,158541,0,                       0,158539,158539,0,                       0,158541
31191,158540,0,                       0,158540,158540,0,                       0,158540
31192,158541,0,                       0,158539,158539,0,                       0,158541
31193,158540,0,                       0,158540,158540,0,                       0,158540
31194,158541,0,                       0,158539,158539,0,                       0,158541
31195,158540,0,                       0,158540,158540,0,                       0,158540
31196,158541,0,                       0,158539,158539,0,                       0,158541
31197,158542,0,                       0,158538,158538,0,                       0,158542
31198,158541,0,                       0,158539,158539,0,                       0,158541
31199,158540,0,                       0,158540,158540,0,                       0,158540
31200,158541,0,                       0,158539,158539,0,                       0,158541
31201,158540,0,                       0,158540,158540,0,                       0,158540
31202,158539,0,                       0,158541,158541,0,                       0,158539
31203,158540,0,                       0,158540,158540,0,                       0,158540
31204,158539,0,                       0,158541,158541,0,                       0,158539
31205,158540,0,                       0,158540,158540,0,                       0,158540
31206,158541,0,                       0,158539,158539,0,                       0,158541
31207,158540,0,                       0,158540,158540,0,                       0,158540
31208,158541,0,                       0,158539,158539,0,                       0,158541
31209,158540,0,                       0,158540,158540,0,                       0,158540
31210,158541,0,                       0,158539,158539,0,                       0,158541
31211,158540,0,                       0,158540,158540,0,                       0,158540
31212,158541,0,                       0,158539,158539,0,                       0,158541
31213,158540,0,                       0,158540,158540,0,                       0,158540
31214,158539,0,                       0,158541,158541,0,                       0,158539
31215,158540,0,                       0,158540,158540,0,                       0,158540
31216,158541,0,                       0,158539,158539,0,                       0,158541
31217,158542,0,                       0,158538,158538,0,                       0,158542
31218,158541,0,                       0,158539,158539,0,                       0,158541
31219,158540,0,                       0,158540,158540,0,                       0,158540
31220,158541,0,                       0,158539,158539,0,                       0,158541
31221,158542,0,                       0,158538,158538,0,                       0,158542
31222,158541,0,                       0,158539,158539,0,                       0,158541
31223,158540,0,                       0,158540,158540,0,                       0,158540
31224,158541,0,                       0,158539,158539,0,                       0,158541
31225,158542,0,                       0,158538,158538,0,                       0,158542
31226,158541,0,                       0,158539,158539,0,                       0,158541
31227,158540,0,                       0,158540,158540,0,                       0,158540
31228,158539,0,                       0,158541,158541,0,                       0,158539
31229,158540,0,                       0,158540,158540,0,                       0,158540
31230,158541,0,                       0,158539,158539,0,                       0,158541
31231,158540,0,                       0,158540,158540,0,                       0,158540
31232,158539,0,                       0,158541,158541,0,                       0,158539
31233,158538,0,                       0,158542,158542,0,                       0,158538
31234,158537,0,                       0,158543,158543,0,                       0,158537
31235,158536,0,                       0,158544,158544,0,                       0,158536
31236,158537,0,                       0,158543,158543,0,                       0,158537
31237,158538,0,                       0,158542,158542,0,                       0,158538
31238,158539,0,                       0,158541,158541,0,                       0,158539
31239,158540,0,                       0,158540,158540,0,                       0,158540
31240,158541,0,                       0,158539,158539,0,                       0,158541
31241,158542,0,                       0,158538,158538,0,                       0,158542
31242,158541,0,                       0,158539,158539,0,                       0,158541
31243,158542,0,                       0,158538,158538,0,                       0,158542
31244,158541,0,                       0,158539,158539,0,                       0,158541
31245,158540,0,                       0,158540,158540,0,                       0,158540
31246,158539,0,                       0,158541,158541,0,                       0,158539
31247,158540,0,                       0,158540,158540,0,                       0,158540
31248,158541,0,                       0,158539,158539,0,                       0,158541
31249,158540,0,                       0,158540,158540,0,                       0,158540
31250,158541,0,                       0,158539,158539,0,                       0,158541
31251,158540,0,                       0,158540,158540,0,                       0,158540
31252,158541,0,                       0,158539,158539,0,                       0,158541
31253,158540,0,                       0,158540,158540,0,                       0,158540
31254,158541,0,                       0,158539,158539,0,                       0,158541
31255,158540,0,                       0,158540,158540,0,                       0,158540
31256,158539,0,                       0,158541,158541,0,                       0,158539
31257,158540,0,                       0,158540,158540,0,                       0,158540
31258,158541,0,                       0,158539,158539,0,                       0,158541
31259,158540,0,                       0,158540,158540,0,                       0,158540
31260,158541,0,                       0,158539,158539,0,                       0,158541
31261,158540,0,                       0,158540,158540,0,                       0,158540
31262,158541,0,                       0,158539,158539,0,                       0,158541
31263,158540,0,                       0,158540,158540,0,                       0,158540
31264,158541,0,                       0,158539,158539,0,                       0,158541
31265,158540,0,                       0,158540,158540,0,                       0,158540
31266,158539,0,                       0,158541,158541,0,                       0,158539
31267,158538,0,                       0,158542,158542,0,                       0,158538
31268,158539,0,                       0,158541,158541,0,                       0,158539
31269,158538,0,                       0,158542,158542,0,                       0,158538
31270,158539,0,                       0,158541,158541,0,                       0,158539
31271,158538,0,                       0,158542,158542,0,                       0,158538
31272,158539,0,                       0,158541,158541,0,                       0,158539
31273,158540,0,                       0,158540,158540,0,                       0,158540
31274,158541,0,                       0,158539,158539,0,                       0,158541
31275,158540,0,                       0,158540,158540,0,                       0,158540
31276,158539,0,                       0,158541,158541,0,                       0,158539
31277,158540,0,                       0,158540,158540,0,                       0,158540
31278,158541,0,                       0,158539,158539,0,                       0,158541
31279,158542,0,                       0,158538,158538,0,                       0,158542
31280,158543,0,                       0,158537,158537,0,                       0,158543
31281,158542,0,                       0,158538,158538,0,                       0,158542
31282,158541,0,                       0,158539,158539,0,                       0,158541
31283,158542,0,                       0,158538,158538,0,                       0,158542
31284,158543,0,                       0,158537,158537,0,                       0,158543
31285,158542,0,                       0,158538,158538,0,                       0,158542
31286,158543,0,                       0,158537,158537,0,                       0,158543
31287,158542,0,                       0,158538,158538,0,                       0,158542
31288,158541,0,                       0,158539,158539,0,                       0,158541
31289,158540,0,                       0,158540,158540,0,                       0,158540
31290,158539,0,                       0,158541,158541,0,                       0,158539
31291,158540,0,                       0,158540,158540,0,                       0,158540
31292,158541,0,                       0,158539,158539,0,                       0,158541
31293,158540,0,                       0,158540,158540,0,                       0,158540
31294,158539,0,                       0,158541,158541,0,                       0,158539
31295,158538,0,                       0,158542,158542,0,                       0,158538
31296,158537,0,                       0,158543,158543,0,                       0,158537
31297,158538,0,                       0,158542,158542,0,                       0,158538
31298,158539,0,                       0,158541,158541,0,                       0,158539
31299,158540,0,                       0,158540,158540,0,                       0,158540
31300,158541,0,                       0,158539,158539,0,                       0,158541
31301,158542,0,                       0,158538,158538,0,                       0,158542
31302,158541,0,                       0,158539,158539,0,                       0,158541
31303,158540,0,                       0,158540,158540,0,                       0,158540
31304,158539,0,                       0,158541,158541,0,                       0,158539
31305,158540,0,                       0,158540,158540,0,                       0,158540
31306,158539,0,                       0,158541,158541,0,                       0,158539
31307,158540,0,                       0,158540,158540,0,                       0,158540
31308,158539,0,                       0,158541,158541,0,                       0,158539
31309,158540,0,                       0,158540,158540,0,                       0,158540
31310,158541,0,                       0,158539,158539,0,                       0,158541
31311,158542,0,                       0,158538,158538,0,                       0,158542
31312,158541,0,                       0,158539,158539,0,                       0,158541
31313,158540,0,                       0,158540,158540,0,                       0,158540
31314,158539,0,                       0,158541,158541,0,                       0,158539
31315,158540,0,                       0,158540,158540,0,                       0,158540
31316,158539,0,                       0,158541,158541,0,                       0,158539
31317,158540,0,                       0,158540,158540,0,                       0,158540
31318,158541,0,                       0,158539,158539,0,                       0,158541
31319,158540,0,                       0,158540,158540,0,                       0,158540
31320,158541,0,                       0,158539,158539,0,                       0,158541
31321,158542,0,                       0,158538,158538,0,                       0,158542
31322,158541,0,                       0,158539,158539,0,                       0,158541
31323,158540,0,                       0,158540,158540,0,                       0,158540
31324,158539,0,                       0,158541,158541,0,                       0,158539
31325,158540,0,                       0,158540,158540,0,                       0,158540
31326,158539,0,                       0,158541,158541,0,                       0,158539
31327,158540,0,                       0,158540,158540,0,                       0,158540
31328,158541,0,                       0,158539,158539,0,                       0,158541
31329,158540,0,                       0,158540,158540,0,                       0,158540
31330,158539,0,                       0,158541,158541,0,                       0,158539
31331,158540,0,                       0,158540,158540,0,                       0,158540
31332,158539,0,                       0,158541,158541,0,                       0,158539
31333,158538,0,                       0,158542,158542,0,                       0,158538
31334,158539,0,                       0,158541,158541,0,                       0,158539
31335,158540,0,                       0,158540,158540,0,                       0,158540
31336,158541,0,                       0,158539,158539,0,                       0,158541
31337,158540,0,                       0,158540,158540,0,                       0,158540
31338,158539,0,                       0,158541,158541,0,                       0,158539
31339,158538,0,                       0,158542,158542,0,                       0,158538
31340,158537,0,                       0,158543,158543,0,                       0,158537
31341,158536,0,                       0,158544,158544,0,                       0,158536
31342,158535,0,                       0,158545,158545,0,                       0,158535
31343,158536,0,                       0,158544,158544,0,                       0,158536
31344,158537,0,                       0,158543,158543,0,                       0,158537
31345,158538,0,                       0,158542,158542,0,                       0,158538
31346,158539,0,                       0,158541,158541,0,                       0,158539
31347,158540,0,                       0,158540,158540,0,                       0,158540
31348,158541,0,                       0,158539,158539,0,                       0,158541
31349,158542,0,                       0,158538,158538,0,                       0,158542
31350,158541,0,                       0,158539,158539,0,                       0,158541
31351,158540,0,                       0,158540,158540,0,                       0,158540
31352,158539,0,                       0,158541,158541,0,                       0,158539
31353,158540,0,                       0,158540,158540,0,                       0,158540
31354,158541,0,                       0,158539,158539,0,                       0,158541
31355,158540,0,                       0,158540,158540,0,                       0,158540
31356,158541,0,                       0,158539,158539,0,                       0,158541
31357,158540,0,                       0,158540,158540,0,                       0,158540
31358,158541,0,                       0,158539,158539,0,                       0,158541
31359,158542,0,                       0,158538,158538,0,                       0,158542
31360,158541,0,                       0,158539,158539,0,                       0,158541
31361,158542,0,                       0,158538,158538,0,                       0,158542
31362,158541,0,                       0,158539,158539,0,                       0,158541
31363,158540,0,                       0,158540,158540,0,                       0,158540
31364,158539,0,                       0,158541,158541,0,                       0,158539
31365,158540,0,                       0,158540,158540,0,                       0,158540
31366,158541,0,                       0,158539,158539,0,                       0,158541
31367,158542,0,                       0,158538,158538,0,                       0,158542
31368,158541,0,                       0,158539,158539,0,                       0,158541
31369,158540,0,                       0,158540,158540,0,                       0,158540
31370,158541,0,                       0,158539,158539,0,                       0,158541
31371,158542,0,                       0,158538,158538,0,                       0,158542
31372,158541,0,                       0,158539,158539,0,                       0,158541
31373,158540,0,                       0,158540,158540,0,                       0,158540
31374,158539,0,                       0,158541,158541,0,                       0,158539
31375,158540,0,                       0,158540,158540,0,                       0,158540
31376,158541,0,                       0,158539,158539,0,                       0,158541
31377,158540,0,                       0,158540,158540,0,                       0,158540
31378,158539,0,                       0,158541,158541,0,                       0,158539
31379,158538,0,                       0,158542,158542,0,                       0,158538
31380,158539,0,                       0,158541,158541,0,                       0,158539
31381,158540,0,                       0,158540,158540,0,                       0,158540
31382,158541,0,                       0,158539,158539,0,                       0,158541
31383,158542,0,                       0,158538,158538,0,                       0,158542
31384,158541,0,                       0,158539,158539,0,                       0,158541
31385,158540,0,                       0,158540,158540,0,                       0,158540
31386,158541,0,                       0,158539,158539,0,                       0,158541
31387,158542,0,                       0,158538,158538,0,                       0,158542
31388,158541,0,                       0,158539,158539,0,                       0,158541
31389,158542,0,                       0,158538,158538,0,                       0,158542
31390,158541,0,                       0,158539,158539,0,                       0,158541
31391,158542,0,                       0,158538,158538,0,                       0,158542
31392,158541,0,                       0,158539,158539,0,                       0,158541
31393,158540,0,                       0,158540,158540,0,                       0,158540
31394,158541,0,                       0,158539,158539,0,                       0,158541
31395,158540,0,                       0,158540,158540,0,                       0,158540
31396,158541,0,                       0,158539,158539,0,                       0,158541
31397,158540,0,                       0,158540,158540,0,                       0,158540
31398,158539,0,                       0,158541,158541,0,                       0,158539
31399,158538,0,                       0,158542,158542,0,                       0,158538
31400,158537,0,                       0,158543,158543,0,                       0,158537
31401,158536,0,                       0,158544,158544,0,                       0,158536
31402,158535,0,                       0,158545,158545,0,                       0,158535
31403,158536,0,                       0,158544,158544,0,                       0,158536
31404,158537,0,                       0,158543,158543,0,                       0,158537
31405,158538,0,                       0,158542,158542,0,                       0,158538
31406,158539,0,                       0,158541,158541,0,                       0,158539
31407,158538,0,                       0,158542,158542,0,                       0,158538
31408,158539,0,                       0,158541,158541,0,                       0,158539
31409,158540,0,                       0,158540,158540,0,                       0,158540
31410,158541,0,                       0,158539,158539,0,                       0,158541
31411,158540,0,                       0,158540,158540,0,                       0,158540
31412,158541,0,                       0,158539,158539,0,                       0,158541
31413,158540,0,                       0,158540,158540,0,                       0,158540
31414,158539,0,                       0,158541,158541,0,                       0,158539
31415,158538,0,                       0,158542,158542,0,                       0,158538
31416,158539,0,                       0,158541,158541,0,                       0,158539
31417,158538,0,                       0,158542,158542,0,                       0,158538
31418,158539,0,                       0,158541,158541,0,                       0,158539
31419,158540,0,                       0,158540,158540,0,                       0,158540
31420,158541,0,                       0,158539,158539,0,                       0,158541
31421,158542,0,                       0,158538,158538,0,                       0,158542
31422,158541,0,                       0,158539,158539,0,                       0,158541
31423,158540,0,                       0,158540,158540,0,                       0,158540
31424,158539,0,                       0,158541,158541,0,                       0,158539
31425,158538,0,                       0,158542,158542,0,                       0,158538
31426,158539,0,                       0,158541,158541,0,                       0,158539
31427,158540,0,                       0,158540,158540,0,                       0,158540
31428,158541,0,                       0,158539,158539,0,                       0,158541
31429,158540,0,                       0,158540,158540,0,                       0,158540
31430,158541,0,                       0,158539,158539,0,                       0,158541
31431,158540,0,                       0,158540,158540,0,                       0,158540
31432,158541,0,                       0,158539,158539,0,                       0,158541
31433,158540,0,                       0,158540,158540,0,                       0,158540
31434,158541,0,                       0,158539,158539,0,                       0,158541
31435,158540,0,                       0,158540,158540,0,                       0,158540
31436,158539,0,                       0,158541,158541,0,                       0,158539
31437,158540,0,                       0,158540,158540,0,                       0,158540
31438,158539,0,                       0,158541,158541,0,                       0,158539
31439,158540,0,                       0,158540,158540,0,                       0,158540
31440,158541,0,                       0,158539,158539,0,                       0,158541
31441,158540,0,                       0,158540,158540,0,                       0,158540
31442,158539,0,                       0,158541,158541,0,                       0,158539
31443,158540,0,                       0,158540,158540,0,                       0,158540
31444,158541,0,                       0,158539,158539,0,                       0,158541
31445,158542,0,                       0,158538,158538,0,                       0,158542
31446,158541,0,                       0,158539,158539,0,                       0,158541
31447,158540,0,                       0,158540,158540,0,                       0,158540
31448,158539,0,                       0,158541,158541,0,                       0,158539
31449,158540,0,                       0,158540,158540,0,                       0,158540
31450,158539,0,                       0,158541,158541,0,                       0,158539
31451,158540,0,                       0,158540,158540,0,                       0,158540
31452,158539,0,                       0,158541,158541,0,                       0,158539
31453,158540,0,                       0,158540,158540,0,                       0,158540
31454,158541,0,                       0,158539,158539,0,                       0,158541
31455,158540,0,                       0,158540,158540,0,                       0,158540
31456,158539,0,                       0,158541,158541,0,                       0,158539
31457,158540,0,                       0,158540,158540,0,                       0,158540
31458,158539,0,                       0,158541,158541,0,                       0,158539
31459,158538,0,                       0,158542,158542,0,                       0,158538
31460,158539,0,                       0,158541,158541,0,                       0,158539
31461,158540,0,                       0,158540,158540,0,                       0,158540
31462,158541,0,                       0,158539,158539,0,                       0,158541
31463,158540,0,                       0,158540,158540,0,                       0,158540
31464,158539,0,                       0,158541,158541,0,                       0,158539
31465,158540,0,                       0,158540,158540,0,                       0,158540
31466,158539,0,                       0,158541,158541,0,                       0,158539
31467,158540,0,                       0,158540,158540,0,                       0,158540
31468,158539,0,                       0,158541,158541,0,                       0,158539
31469,158540,0,                       0,158540,158540,0,                       0,158540
31470,158539,0,                       0,158541,158541,0,                       0,158539
31471,158540,0,                       0,158540,158540,0,                       0,158540
31472,158541,0,                       0,158539,158539,0,                       0,158541
31473,158540,0,                       0,158540,158540,0,                       0,158540
31474,158539,0,                       0,158541,158541,0,                       0,158539
31475,158540,0,                       0,158540,158540,0,                       0,158540
31476,158539,0,                       0,158541,158541,0,                       0,158539
31477,158540,0,                       0,158540,158540,0,                       0,158540
31478,158541,0,                       0,158539,158539,0,                       0,158541
31479,158540,0,                       0,158540,158540,0,                       0,158540
31480,158541,0,                       0,158539,158539,0,                       0,158541
31481,158542,0,                       0,158538,158538,0,                       0,158542
31482,158543,0,                       0,158537,158537,0,                       0,158543
31483,158542,0,                       0,158538,158538,0,                       0,158542
31484,158541,0,                       0,158539,158539,0,                       0,158541
31485,158540,0,                       0,158540,158540,0,                       0,158540
31486,158539,0,                       0,158541,158541,0,                       0,158539
31487,158540,0,                       0,158540,158540,0,                       0,158540
31488,158541,0,                       0,158539,158539,0,                       0,158541
31489,158540,0,                       0,158540,158540,0,                       0,158540
31490,158539,0,                       0,158541,158541,0,                       0,158539
31491,158540,0,                       0,158540,158540,0,                       0,158540
31492,158541,0,                       0,158539,158539,0,                       0,158541
31493,158540,0,                       0,158540,158540,0,                       0,158540
31494,158539,0,                       0,158541,158541,0,                       0,158539
31495,158540,0,                       0,158540,158540,0,                       0,158540
31496,158541,0,                       0,158539,158539,0,                       0,158541
31497,158540,0,                       0,158540,158540,0,                       0,158540
31498,158539,0,                       0,158541,158541,0,                       0,158539
31499,158540,0,                       0,158540,158540,0,                       0,158540
31500,158541,0,                       0,158539,158539,0,                       0,158541
31501,158540,0,                       0,158540,158540,0,                       0,158540
31502,158541,0,                       0,158539,158539,0,                       0,158541
31503,158542,0,                       0,158538,158538,0,                       0,158542
31504,158541,0,                       0,158539,158539,0,                       0,158541
31505,158540,0,                       0,158540,158540,0,                       0,158540
31506,158539,0,                       0,158541,158541,0,                       0,158539
31507,158540,0,                       0,158540,158540,0,                       0,158540
31508,158539,0,                       0,158541,158541,0,                       0,158539
31509,158540,0,                       0,158540,158540,0,                       0,158540
31510,158541,0,                       0,158539,158539,0,                       0,158541
31511,158542,0,                       0,158538,158538,0,                       0,158542
31512,158541,0,                       0,158539,158539,0,                       0,158541
31513,158540,0,                       0,158540,158540,0,                       0,158540
31514,158541,0,                       0,158539,158539,0,                       0,158541
31515,158540,0,                       0,158540,158540,0,                       0,158540
31516,158541,0,                       0,158539,158539,0,                       0,158541
31517,158540,0,                       0,158540,158540,0,                       0,158540
31518,158539,0,                       0,158541,158541,0,                       0,158539
31519,158540,0,                       0,158540,158540,0,                       0,158540
31520,158539,0,                       0,158541,158541,0,                       0,158539
31521,158540,0,                       0,158540,158540,0,                       0,158540
31522,158541,0,                       0,158539,158539,0,                       0,158541
31523,158540,0,                       0,158540,158540,0,                       0,158540
31524,158539,0,                       0,158541,158541,0,                       0,158539
31525,158540,0,                       0,158540,158540,0,                       0,158540
31526,158541,0,                       0,158539,158539,0,                       0,158541
31527,158540,0,                       0,158540,158540,0,                       0,158540
31528,158539,0,                       0,158541,158541,0,                       0,158539
31529,158540,0,                       0,158540,158540,0,                       0,158540
31530,158541,0,                       0,158539,158539,0,                       0,158541
31531,158540,0,                       0,158540,158540,0,                       0,158540
31532,158541,0,                       0,158539,158539,0,                       0,158541
31533,158540,0,                       0,158540,158540,0,                       0,158540
31534,158541,0,                       0,158539,158539,0,                       0,158541
31535,158540,0,                       0,158540,158540,0,                       0,158540
31536,158541,0,                       0,158539,158539,0,                       0,158541
31537,158542,0,                       0,158538,158538,0,                       0,158542
31538,158541,0,                       0,158539,158539,0,                       0,158541
31539,158540,0,                       0,158540,158540,0,                       0,158540
31540,158539,0,                       0,158541,158541,0,                       0,158539
31541,158540,0,                       0,158540,158540,0,                       0,158540
31542,158539,0,                       0,158541,158541,0,                       0,158539
31543,158538,0,                       0,158542,158542,0,                       0,158538
31544,158539,0,                       0,158541,158541,0,                       0,158539
31545,158538,0,                       0,158542,158542,0,                       0,158538
31546,158537,0,                       0,158543,158543,0,                       0,158537
31547,158538,0,                       0,158542,158542,0,                       0,158538
31548,158539,0,                       0,158541,158541,0,                       0,158539
31549,158538,0,                       0,158542,158542,0,                       0,158538
31550,158537,0,                       0,158543,158543,0,                       0,158537
31551,158538,0,                       0,158542,158542,0,                       0,158538
31552,158539,0,                       0,158541,158541,0,                       0,158539
31553,158540,0,                       0,158540,158540,0,                       0,158540
31554,158541,0,                       0,158539,158539,0,                       0,158541
31555,158540,0,                       0,158540,158540,0,                       0,158540
31556,158539,0,                       0,158541,158541,0,                       0,158539
31557,158540,0,                       0,158540,158540,0,                       0,158540
31558,158541,0,                       0,158539,158539,0,                       0,158541
31559,158542,0,                       0,158538,158538,0,                       0,158542
31560,158543,0,                       0,158537,158537,0,                       0,158543
31561,158542,0,                       0,158538,158538,0,                       0,158542
31562,158541,0,                       0,158539,158539,0,                       0,158541
31563,158540,0,                       0,158540,158540,0,                       0,158540
31564,158541,0,                       0,158539,158539,0,                       0,158541
31565,158542,0,                       0,158538,158538,0,                       0,158542
31566,158541,0,                       0,158539,158539,0,                       0,158541
31567,158542,0,                       0,158538,158538,0,                       0,158542
31568,158541,0,                       0,158539,158539,0,                       0,158541
31569,158540,0,                       0,158540,158540,0,                       0,158540
31570,158539,0,                       0,158541,158541,0,                       0,158539
31571,158540,0,                       0,158540,158540,0,                       0,158540
31572,158539,0,                       0,158541,158541,0,                       0,158539
31573,158540,0,                       0,158540,158540,0,                       0,158540
31574,158541,0,                       0,158539,158539,0,                       0,158541
31575,158540,0,                       0,158540,158540,0,                       0,158540
31576,158541,0,                       0,158539,158539,0,                       0,158541
31577,158540,0,                       0,158540,158540,0,                       0,158540
31578,158541,0,                       0,158539,158539,0,                       0,158541
31579,158540,0,                       0,158540,158540,0,                       0,158540
31580,158541,0,                       0,158539,158539,0,                       0,158541
31581,158540,0,                       0,158540,158540,0,                       0,158540
31582,158539,0,                       0,158541,158541,0,                       0,158539
31583,158540,0,                       0,158540,158540,0,                       0,158540
31584,158539,0,                       0,158541,158541,0,                       0,158539
31585,158540,0,                       0,158540,158540,0,                       0,158540
31586,158541,0,                       0,158539,158539,0,                       0,158541
31587,158542,0,                       0,158538,158538,0,                       0,158542
31588,158541,0,                       0,158539,158539,0,                       0,158541
31589,158540,0,                       0,158540,158540,0,                       0,158540
31590,158539,0,                       0,158541,158541,0,                       0,158539
31591,158538,0,                       0,158542,158542,0,                       0,158538
31592,158537,0,                       0,158543,158543,0,                       0,158537
31593,158538,0,                       0,158542,158542,0,                       0,158538
31594,158539,0,                       0,158541,158541,0,                       0,158539
31595,158540,0,                       0,158540,158540,0,                       0,158540
31596,158539,0,                       0,158541,158541,0,                       0,158539
31597,158540,0,                       0,158540,158540,0,                       0,158540
31598,158541,0,                       0,158539,158539,0,                       0,158541
31599,158542,0,                       0,158538,158538,0,                       0,158542
31600,158543,0,                       0,158537,158537,0,                       0,158543
31601,158542,0,                       0,158538,158538,0,                       0,158542
31602,158541,0,                       0,158539,158539,0,                       0,158541
31603,158542,0,                       0,158538,158538,0,                       0,158542
31604,158541,0,                       0,158539,158539,0,                       0,158541
31605,158540,0,                       0,158540,158540,0,                       0,158540
31606,158539,0,                       0,158541,158541,0,                       0,158539
31607,158540,0,                       0,158540,158540,0,                       0,158540
31608,158539,0,                       0,158541,158541,0,                       0,158539
31609,158540,0,                       0,158540,158540,0,                       0,158540
31610,158541,0,                       0,158539,158539,0,                       0,158541
31611,158540,0,                       0,158540,158540,0,                       0,158540
31612,158539,0,                       0,158541,158541,0,                       0,158539
31613,158540,0,                       0,158540,158540,0,                       0,158540
31614,158539,0,                       0,158541,158541,0,                       0,158539
31615,158540,0,                       0,158540,158540,0,                       0,158540
31616,158539,0,                       0,158541,158541,0,                       0,158539
31617,158538,0,                       0,158542,158542,0,                       0,158538
31618,158539,0,                       0,158541,158541,0,                       0,158539
31619,158538,0,                       0,158542,158542,0,                       0,158538
31620,158539,0,                       0,158541,158541,0,                       0,158539
31621,158540,0,                       0,158540,158540,0,                       0,158540
31622,158541,0,                       0,158539,158539,0,                       0,158541
31623,158540,0,                       0,158540,158540,0,                       0,158540
31624,158541,0,                       0,158539,158539,0,                       0,158541
31625,158540,0,                       0,158540,158540,0,                       0,158540
31626,158539,0,                       0,158541,158541,0,                       0,158539
31627,158540,0,                       0,158540,158540,0,                       0,158540
31628,158541,0,                       0,158539,158539,0,                       0,158541
31629,158540,0,                       0,158540,158540,0,                       0,158540
31630,158539,0,                       0,158541,158541,0,                       0,158539
31631,158538,0,                       0,158542,158542,0,                       0,158538
31632,158537,0,                       0,158543,158543,0,                       0,158537
31633,158536,0,                       0,158544,158544,0,                       0,158536
31634,158535,0,                       0,158545,158545,0,                       0,158535
31635,158536,0,                       0,158544,158544,0,                       0,158536
31636,158537,0,                       0,158543,158543,0,                       0,158537
31637,158538,0,                       0,158542,158542,0,                       0,158538
31638,158539,0,                       0,158541,158541,0,                       0,158539
31639,158540,0,                       0,158540,158540,0,                       0,158540
31640,158539,0,                       0,158541,158541,0,                       0,158539
31641,158540,0,                       0,158540,158540,0,                       0,158540
31642,158539,0,                       0,158541,158541,0,                       0,158539
31643,158538,0,                       0,158542,158542,0,                       0,158538
31644,158539,0,                       0,158541,158541,0,                       0,158539
31645,158540,0,                       0,158540,158540,0,                       0,158540
31646,158541,0,                       0,158539,158539,0,                       0,158541
31647,158542,0,                       0,158538,158538,0,                       0,158542
31648,158541,0,                       0,158539,158539,0,                       0,158541
31649,158540,0,                       0,158540,158540,0,                       0,158540
31650,158541,0,                       0,158539,158539,0,                       0,158541
31651,158542,0,                       0,158538,158538,0,                       0,158542
31652,158541,0,                       0,158539,158539,0,                       0,158541
31653,158540,0,                       0,158540,158540,0,                       0,158540
31654,158539,0,                       0,158541,158541,0,                       0,158539
31655,158540,0,                       0,158540,158540,0,                       0,158540
31656,158541,0,                       0,158539,158539,0,                       0,158541
31657,158542,0,                       0,158538,158538,0,                       0,158542
31658,158543,0,                       0,158537,158537,0,                       0,158543
31659,158542,0,                       0,158538,158538,0,                       0,158542
31660,158541,0,                       0,158539,158539,0,                       0,158541
31661,158540,0,                       0,158540,158540,0,                       0,158540
31662,158539,0,                       0,158541,158541,0,                       0,158539
31663,158540,0,                       0,158540,158540,0,                       0,158540
31664,158539,0,                       0,158541,158541,0,                       0,158539
31665,158538,0,                       0,158542,158542,0,                       0,158538
31666,158539,0,                       0,158541,158541,0,                       0,158539
31667,158540,0,                       0,158540,158540,0,                       0,158540
31668,158539,0,                       0,158541,158541,0,                       0,158539
31669,158540,0,                       0,158540,158540,0,                       0,158540
31670,158539,0,                       0,158541,158541,0,                       0,158539
31671,158540,0,                       0,158540,158540,0,                       0,158540
31672,158539,0,                       0,158541,158541,0,                       0,158539
31673,158540,0,                       0,158540,158540,0,                       0,158540
31674,158539,0,                       0,158541,158541,0,                       0,158539
31675,158540,0,                       0,158540,158540,0,                       0,158540
31676,158541,0,                       0,158539,158539,0,                       0,158541
31677,158542,0,                       0,158538,158538,0,                       0,158542
31678,158541,0,                       0,158539,158539,0,                       0,158541
31679,158540,0,                       0,158540,158540,0,                       0,158540
31680,158541,0,                       0,158539,158539,0,                       0,158541
31681,158540,0,                       0,158540,158540,0,                       0,158540
31682,158541,0,                       0,158539,158539,0,                       0,158541
31683,158540,0,                       0,158540,158540,0,                       0,158540
31684,158539,0,                       0,158541,158541,0,                       0,158539
31685,158540,0,                       0,158540,158540,0,                       0,158540
31686,158541,0,                       0,158539,158539,0,                       0,158541
31687,158542,0,                       0,158538,158538,0,                       0,158542
31688,158543,0,                       0,158537,158537,0,                       0,158543
31689,158542,0,                       0,158538,158538,0,                       0,158542
31690,158541,0,                       0,158539,158539,0,                       0,158541
31691,158540,0,                       0,158540,158540,0,                       0,158540
31692,158539,0,                       0,158541,158541,0,                       0,158539
31693,158540,0,                       0,158540,158540,0,                       0,158540
31694,158539,0,                       0,158541,158541,0,                       0,158539
31695,158540,0,                       0,158540,158540,0,                       0,158540
31696,158539,0,                       0,158541,158541,0,                       0,158539
31697,158540,0,                       0,158540,158540,0,                       0,158540
31698,158541,0,                       0,158539,158539,0,                       0,158541
31699,158540,0,                       0,158540,158540,0,                       0,158540
31700,158539,0,                       0,158541,158541,0,                       0,158539
31701,158540,0,                       0,158540,158540,0,                       0,158540
31702,158539,0,                       0,158541,158541,0,                       0,158539
31703,158538,0,                       0,158542,158542,0,                       0,158538
31704,158539,0,                       0,158541,158541,0,                       0,158539
31705,158540,0,                       0,158540,158540,0,                       0,158540
31706,158541,0,                       0,158539,158539,0,                       0,158541
31707,158542,0,                       0,158538,158538,0,                       0,158542
31708,158541,0,                       0,158539,158539,0,                       0,158541
31709,158540,0,                       0,158540,158540,0,                       0,158540
31710,158539,0,                       0,158541,158541,0,                       0,158539
31711,158540,0,                       0,158540,158540,0,                       0,158540
31712,158539,0,                       0,158541,158541,0,                       0,158539
31713,158538,0,                       0,158542,158542,0,                       0,158538
31714,158537,0,                       0,158543,158543,0,                       0,158537
31715,158538,0,                       0,158542,158542,0,                       0,158538
31716,158539,0,                       0,158541,158541,0,                       0,158539
31717,158540,0,                       0,158540,158540,0,                       0,158540
31718,158539,0,                       0,158541,158541,0,                       0,158539
31719,158538,0,                       0,158542,158542,0,                       0,158538
31720,158539,0,                       0,158541,158541,0,                       0,158539
31721,158540,0,                       0,158540,158540,0,                       0,158540
31722,158539,0,                       0,158541,158541,0,                       0,158539
31723,158538,0,                       0,158542,158542,0,                       0,158538
31724,158539,0,                       0,158541,158541,0,                       0,158539
31725,158538,0,                       0,158542,158542,0,                       0,158538
31726,158537,0,                       0,158543,158543,0,                       0,158537
31727,158536,0,                       0,158544,158544,0,                       0,158536
31728,158537,0,                       0,158543,158543,0,                       0,158537
31729,158538,0,                       0,158542,158542,0,                       0,158538
31730,158539,0,                       0,158541,158541,0,                       0,158539
31731,158538,0,                       0,158542,158542,0,                       0,158538
31732,158539,0,                       0,158541,158541,0,                       0,158539
31733,158540,0,                       0,158540,158540,0,                       0,158540
31734,158539,0,                       0,158541,158541,0,                       0,158539
31735,158538,0,                       0,158542,158542,0,                       0,158538
31736,158539,0,                       0,158541,158541,0,                       0,158539
31737,158538,0,                       0,158542,158542,0,                       0,158538
31738,158539,0,                       0,158541,158541,0,                       0,158539
31739,158540,0,                       0,158540,158540,0,                       0,158540
31740,158541,0,                       0,158539,158539,0,                       0,158541
31741,158540,0,                       0,158540,158540,0,                       0,158540
31742,158541,0,                       0,158539,158539,0,                       0,158541
31743,158540,0,                       0,158540,158540,0,                       0,158540
31744,158539,0,                       0,158541,158541,0,                       0,158539
31745,158540,0,                       0,158540,158540,0,                       0,158540
31746,158539,0,                       0,158541,158541,0,                       0,158539
31747,158540,0,                       0,158540,158540,0,                       0,158540
31748,158541,0,                       0,158539,158539,0,                       0,158541
31749,158540,0,                       0,158540,158540,0,                       0,158540
31750,158539,0,                       0,158541,158541,0,                       0,158539
31751,158540,0,                       0,158540,158540,0,                       0,158540
31752,158541,0,                       0,158539,158539,0,                       0,158541
31753,158542,0,                       0,158538,158538,0,                       0,158542
31754,158541,0,                       0,158539,158539,0,                       0,158541
31755,158540,0,                       0,158540,158540,0,                       0,158540
31756,158539,0,                       0,158541,158541,0,                       0,158539
31757,158540,0,                       0,158540,158540,0,                       0,158540
31758,158539,0,                       0,158541,158541,0,                       0,158539
31759,158540,0,                       0,158540,158540,0,                       0,158540
31760,158539,0,                       0,158541,158541,0,                       0,158539
31761,158540,0,                       0,158540,158540,0,                       0,158540
31762,158541,0,                       0,158539,158539,0,                       0,158541
31763,158540,0,                       0,158540,158540,0,                       0,158540
31764,158539,0,                       0,158541,158541,0,                       0,158539
31765,158538,0,                       0,158542,158542,0,                       0,158538
31766,158539,0,                       0,158541,158541,0,                       0,158539
31767,158540,0,                       0,158540,158540,0,                       0,158540
31768,158539,0,                       0,158541,158541,0,                       0,158539
31769,158540,0,                       0,158540,158540,0,                       0,158540
31770,158541,0,                       0,158539,158539,0,                       0,158541
31771,158542,0,                       0,158538,158538,0,                       0,158542
31772,158541,0,                       0,158539,158539,0,                       0,158541
31773,158540,0,                       0,158540,158540,0,                       0,158540
31774,158541,0,                       0,158539,158539,0,                       0,158541
31775,158540,0,                       0,158540,158540,0,                       0,158540
31776,158539,0,                       0,158541,158541,0,                       0,158539
31777,158540,0,                       0,158540,158540,0,                       0,158540
31778,158539,0,                       0,158541,158541,0,                       0,158539
31779,158540,0,                       0,158540,158540,0,                       0,158540
31780,158541,0,                       0,158539,158539,0,                       0,158541
31781,158542,0,                       0,158538,158538,0,                       0,158542
31782,158541,0,                       0,158539,158539,0,                       0,158541
31783,158542,0,                       0,158538,158538,0,                       0,158542
31784,158543,0,                       0,158537,158537,0,                       0,158543
31785,158544,0,                       0,158536,158536,0,                       0,158544
31786,158543,0,                       0,158537,158537,0,                       0,158543
31787,158542,0,                       0,158538,158538,0,                       0,158542
31788,158541,0,                       0,158539,158539,0,                       0,158541
31789,158540,0,                       0,158540,158540,0,                       0,158540
31790,158539,0,                       0,158541,158541,0,                       0,158539
31791,158540,0,                       0,158540,158540,0,                       0,158540
31792,158541,0,                       0,158539,158539,0,                       0,158541
31793,158542,0,                       0,158538,158538,0,                       0,158542
31794,158541,0,                       0,158539,158539,0,                       0,158541
31795,158542,0,                       0,158538,158538,0,                       0,158542
31796,158541,0,                       0,158539,158539,0,                       0,158541
31797,158540,0,                       0,158540,158540,0,                       0,158540
31798,158539,0,                       0,158541,158541,0,                       0,158539
31799,158540,0,                       0,158540,158540,0,                       0,158540
31800,158541,0,                       0,158539,158539,0,                       0,158541
31801,158540,0,                       0,158540,158540,0,                       0,158540
31802,158539,0,                       0,158541,158541,0,                       0,158539
31803,158540,0,                       0,158540,158540,0,                       0,158540
31804,158541,0,                       0,158539,158539,0,                       0,158541
31805,158542,0,                       0,158538,158538,0,                       0,158542
31806,158541,0,                       0,158539,158539,0,                       0,158541
31807,158542,0,                       0,158538,158538,0,                       0,158542
31808,158543,0,                       0,158537,158537,0,                       0,158543
31809,158542,0,                       0,158538,158538,0,                       0,158542
31810,158543,0,                       0,158537,158537,0,                       0,158543
31811,158544,0,                       0,158536,158536,0,                       0,158544
31812,158545,0,                       0,158535,158535,0,                       0,158545
31813,158546,0,                       0,158534,158534,0,                       0,158546
31814,158547,0,                       0,158533,158533,0,                       0,158547
31815,158546,0,                       0,158534,158534,0,                       0,158546
31816,158545,0,                       0,158535,158535,0,                       0,158545
31817,158544,0,                       0,158536,158536,0,                       0,158544
31818,158543,0,                       0,158537,158537,0,                       0,158543
31819,158542,0,                       0,158538,158538,0,                       0,158542
31820,158541,0,                       0,158539,158539,0,                       0,158541
31821,158540,0,                       0,158540,158540,0,                       0,158540
31822,158541,0,                       0,158539,158539,0,                       0,158541
31823,158540,0,                       0,158540,158540,0,                       0,158540
31824,158539,0,                       0,158541,158541,0,                       0,158539
31825,158538,0,                       0,158542,158542,0,                       0,158538
31826,158539,0,                       0,158541,158541,0,                       0,158539
31827,158538,0,                       0,158542,158542,0,                       0,158538
31828,158539,0,                       0,158541,158541,0,                       0,158539
31829,158538,0,                       0,158542,158542,0,                       0,158538
31830,158539,0,                       0,158541,158541,0,                       0,158539
31831,158540,0,                       0,158540,158540,0,                       0,158540
31832,158539,0,                       0,158541,158541,0,                       0,158539
31833,158540,0,                       0,158540,158540,0,                       0,158540
31834,158541,0,                       0,158539,158539,0,                       0,158541
31835,158542,0,                       0,158538,158538,0,                       0,158542
31836,158541,0,                       0,158539,158539,0,                       0,158541
31837,158542,0,                       0,158538,158538,0,                       0,158542
31838,158541,0,                       0,158539,158539,0,                       0,158541
31839,158540,0,                       0,158540,158540,0,                       0,158540
31840,158539,0,                       0,158541,158541,0,                       0,158539
31841,158540,0,                       0,158540,158540,0,                       0,158540
31842,158541,0,                       0,158539,158539,0,                       0,158541
31843,158542,0,                       0,158538,158538,0,                       0,158542
31844,158541,0,                       0,158539,158539,0,                       0,158541
31845,158540,0,                       0,158540,158540,0,                       0,158540
31846,158539,0,                       0,158541,158541,0,                       0,158539
31847,158538,0,                       0,158542,158542,0,                       0,158538
31848,158539,0,                       0,158541,158541,0,                       0,158539
31849,158540,0,                       0,158540,158540,0,                       0,158540
31850,158541,0,                       0,158539,158539,0,                       0,158541
31851,158542,0,                       0,158538,158538,0,                       0,158542
31852,158541,0,                       0,158539,158539,0,                       0,158541
31853,158540,0,                       0,158540,158540,0,                       0,158540
31854,158541,0,                       0,158539,158539,0,                       0,158541
31855,158540,0,                       0,158540,158540,0,                       0,158540
31856,158541,0,                       0,158539,158539,0,                       0,158541
31857,158540,0,                       0,158540,158540,0,                       0,158540
31858,158539,0,                       0,158541,158541,0,                       0,158539
31859,158540,0,                       0,158540,158540,0,                       0,158540
31860,158541,0,                       0,158539,158539,0,                       0,158541
31861,158542,0,                       0,158538,158538,0,                       0,158542
31862,158541,0,                       0,158539,158539,0,                       0,158541
31863,158540,0,                       0,158540,158540,0,                       0,158540
31864,158541,0,                       0,158539,158539,0,                       0,158541
31865,158542,0,                       0,158538,158538,0,                       0,158542
31866,158541,0,                       0,158539,158539,0,                       0,158541
31867,158542,0,                       0,158538,158538,0,                       0,158542
31868,158541,0,                       0,158539,158539,0,                       0,158541
31869,158540,0,                       0,158540,158540,0,                       0,158540
31870,158539,0,                       0,158541,158541,0,                       0,158539
31871,158538,0,                       0,158542,158542,0,                       0,158538
31872,158539,0,                       0,158541,158541,0,                       0,158539
31873,158540,0,                       0,158540,158540,0,                       0,158540
31874,158539,0,                       0,158541,158541,0,                       0,158539
31875,158540,0,                       0,158540,158540,0,                       0,158540
31876,158539,0,                       0,158541,158541,0,                       0,158539
31877,158540,0,                       0,158540,158540,0,                       0,158540
31878,158541,0,                       0,158539,158539,0,                       0,158541
31879,158542,0,                       0,158538,158538,0,                       0,158542
31880,158541,0,                       0,158539,158539,0,                       0,158541
31881,158540,0,                       0,158540,158540,0,                       0,158540
31882,158539,0,                       0,158541,158541,0,                       0,158539
31883,158540,0,                       0,158540,158540,0,                       0,158540
31884,158539,0,                       0,158541,158541,0,                       0,158539
31885,158538,0,                       0,158542,158542,0,                       0,158538
31886,158539,0,                       0,158541,158541,0,                       0,158539
31887,158540,0,                       0,158540,158540,0,                       0,158540
31888,158541,0,                       0,158539,158539,0,                       0,158541
31889,158542,0,                       0,158538,158538,0,                       0,158542
31890,158541,0,                       0,158539,158539,0,                       0,158541
31891,158540,0,                       0,158540,158540,0,                       0,158540
31892,158541,0,                       0,158539,158539,0,                       0,158541
31893,158540,0,                       0,158540,158540,0,                       0,158540
31894,158541,0,                       0,158539,158539,0,                       0,158541
31895,158540,0,                       0,158540,158540,0,                       0,158540
31896,158541,0,                       0,158539,158539,0,                       0,158541
31897,158542,0,                       0,158538,158538,0,                       0,158542
31898,158541,0,                       0,158539,158539,0,                       0,158541
31899,158542,0,                       0,158538,158538,0,                       0,158542
31900,158541,0,                       0,158539,158539,0,                       0,158541
31901,158540,0,                       0,158540,158540,0,                       0,158540
31902,158539,0,                       0,158541,158541,0,                       0,158539
31903,158538,0,                       0,158542,158542,0,                       0,158538
31904,158539,0,                       0,158541,158541,0,                       0,158539
31905,158540,0,                       0,158540,158540,0,                       0,158540
31906,158539,0,                       0,158541,158541,0,                       0,158539
31907,158538,0,                       0,158542,158542,0,                       0,158538
31908,158537,0,                       0,158543,158543,0,                       0,158537
31909,158536,0,                       0,158544,158544,0,                       0,158536
31910,158535,0,                       0,158545,158545,0,                       0,158535
31911,158536,0,                       0,158544,158544,0,                       0,158536
31912,158537,0,                       0,158543,158543,0,                       0,158537
31913,158538,0,                       0,158542,158542,0,                       0,158538
31914,158539,0,                       0,158541,158541,0,                       0,158539
31915,158538,0,                       0,158542,158542,0,                       0,158538
31916,158537,0,                       0,158543,158543,0,                       0,158537
31917,158536,0,                       0,158544,158544,0,                       0,158536
31918,158535,0,                       0,158545,158545,0,                       0,158535
31919,158534,0,                       0,158546,158546,0,                       0,158534
31920,158535,0,                       0,158545,158545,0,                       0,158535
31921,158536,0,                       0,158544,158544,0,                       0,158536
31922,158537,0,                       0,158543,158543,0,                       0,158537
31923,158538,0,                       0,158542,158542,0,                       0,158538
31924,158539,0,                       0,158541,158541,0,                       0,158539
31925,158540,0,                       0,158540,158540,0,                       0,158540
31926,158541,0,                       0,158539,158539,0,                       0,158541
31927,158542,0,                       0,158538,158538,0,                       0,158542
31928,158543,0,                       0,158537,158537,0,                       0,158543
31929,158542,0,                       0,158538,158538,0,                       0,158542
31930,158541,0,                       0,158539,158539,0,                       0,158541
31931,158542,0,                       0,158538,158538,0,                       0,158542
31932,158541,0,                       0,158539,158539,0,                       0,158541
31933,158540,0,                       0,158540,158540,0,                       0,158540
31934,158539,0,                       0,158541,158541,0,                       0,158539
31935,158538,0,                       0,158542,158542,0,                       0,158538
31936,158537,0,                       0,158543,158543,0,                       0,158537
31937,158538,0,                       0,158542,158542,0,                       0,158538
31938,158539,0,                       0,158541,158541,0,                       0,158539
31939,158538,0,                       0,158542,158542,0,                       0,158538
31940,158539,0,                       0,158541,158541,0,                       0,158539
31941,158540,0,                       0,158540,158540,0,                       0,158540
31942,158541,0,                       0,158539,158539,0,                       0,158541
31943,158540,0,                       0,158540,158540,0,                       0,158540
31944,158541,0,                       0,158539,158539,0,                       0,158541
31945,158542,0,                       0,158538,158538,0,                       0,158542
31946,158541,0,                       0,158539,158539,0,                       0,158541
31947,158540,0,                       0,158540,158540,0,                       0,158540
31948,158539,0,                       0,158541,158541,0,                       0,158539
31949,158538,0,                       0,158542,158542,0,                       0,158538
31950,158537,0,                       0,158543,158543,0,                       0,158537
31951,158538,0,                       0,158542,158542,0,                       0,158538
31952,158539,0,                       0,158541,158541,0,                       0,158539
31953,158540,0,                       0,158540,158540,0,                       0,158540
31954,158541,0,                       0,158539,158539,0,                       0,158541
31955,158540,0,                       0,158540,158540,0,                       0,158540
31956,158541,0,                       0,158539,158539,0,                       0,158541
31957,158540,0,                       0,158540,158540,0,                       0,158540
31958,158539,0,                       0,158541,158541,0,                       0,158539
31959,158540,0,                       0,158540,158540,0,                       0,158540
31960,158539,0,                       0,158541,158541,0,                       0,158539
31961,158540,0,                       0,158540,158540,0,                       0,158540
31962,158539,0,                       0,158541,158541,0,                       0,158539
31963,158540,0,                       0,158540,158540,0,                       0,158540
31964,158539,0,                       0,158541,158541,0,                       0,158539
31965,158538,0,                       0,158542,158542,0,                       0,158538
31966,158539,0,                       0,158541,158541,0,                       0,158539
31967,158538,0,                       0,158542,158542,0,                       0,158538
31968,158539,0,                       0,158541,158541,0,                       0,158539
31969,158540,0,                       0,158540,158540,0,                       0,158540
31970,158539,0,                       0,158541,158541,0,                       0,158539
31971,158540,0,                       0,158540,158540,0,                       0,158540
31972,158539,0,                       0,158541,158541,0,                       0,158539
31973,158540,0,                       0,158540,158540,0,                       0,158540
31974,158541,0,                       0,158539,158539,0,                       0,158541
31975,158540,0,                       0,158540,158540,0,                       0,158540
31976,158539,0,                       0,158541,158541,0,                       0,158539
31977,158538,0,                       0,158542,158542,0,                       0,158538
31978,158539,0,                       0,158541,158541,0,                       0,158539
31979,158540,0,                       0,158540,158540,0,                       0,158540
31980,158541,0,                       0,158539,158539,0,                       0,158541
31981,158542,0,                       0,158538,158538,0,                       0,158542
31982,158541,0,                       0,158539,158539,0,                       0,158541
31983,158540,0,                       0,158540,158540,0,                       0,158540
31984,158541,0,                       0,158539,158539,0,                       0,158541
31985,158542,0,                       0,158538,158538,0,                       0,158542
31986,158541,0,                       0,158539,158539,0,                       0,158541
31987,158540,0,                       0,158540,158540,0,                       0,158540
31988,158541,0,                       0,158539,158539,0,                       0,158541
31989,158542,0,                       0,158538,158538,0,                       0,158542
31990,158543,0,                       0,158537,158537,0,                       0,158543
31991,158542,0,                       0,158538,158538,0,                       0,158542
31992,158541,0,                       0,158539,158539,0,                       0,158541
31993,158540,0,                       0,158540,158540,0,                       0,158540
31994,158541,0,                       0,158539,158539,0,                       0,158541
31995,158542,0,                       0,158538,158538,0,                       0,158542
31996,158541,0,                       0,158539,158539,0,                       0,158541
31997,158540,0,                       0,158540,158540,0,                       0,158540
31998,158541,0,                       0,158539,158539,0,                       0,158541
31999,158540,0,                       0,158540,158540,0,                       0,158540
32000,158541,0,                       0,158539,158539,0,                       0,158541
32001,158542,0,                       0,158538,158538,0,                       0,158542
32002,158541,0,                       0,158539,158539,0,                       0,158541
32003,158540,0,                       0,158540,158540,0,                       0,158540
32004,158541,0,                       0,158539,158539,0,                       0,158541
32005,158542,0,                       0,158538,158538,0,                       0,158542
32006,158541,0,                       0,158539,158539,0,                       0,158541
32007,158542,0,                       0,158538,158538,0,                       0,158542
32008,158541,0,                       0,158539,158539,0,                       0,158541
32009,158542,0,                       0,158538,158538,0,                       0,158542
32010,158541,0,                       0,158539,158539,0,                       0,158541
32011,158542,0,                       0,158538,158538,0,                       0,158542
32012,158543,0,                       0,158537,158537,0,                       0,158543
32013,158544,0,                       0,158536,158536,0,                       0,158544
32014,158543,0,                       0,158537,158537,0,                       0,158543
32015,158542,0,                       0,158538,158538,0,                       0,158542
32016,158541,0,                       0,158539,158539,0,                       0,158541
32017,158540,0,                       0,158540,158540,0,                       0,158540
32018,158539,0,                       0,158541,158541,0,                       0,158539
32019,158540,0,                       0,158540,158540,0,                       0,158540
32020,158541,0,                       0,158539,158539,0,                       0,158541
32021,158540,0,                       0,158540,158540,0,                       0,158540
32022,158539,0,                       0,158541,158541,0,                       0,158539
32023,158540,0,                       0,158540,158540,0,                       0,158540
32024,158541,0,                       0,158539,158539,0,                       0,158541
32025,158540,0,                       0,158540,158540,0,                       0,158540
32026,158539,0,                       0,158541,158541,0,                       0,158539
32027,158540,0,                       0,158540,158540,0,                       0,158540
32028,158541,0,                       0,158539,158539,0,                       0,158541
32029,158540,0,                       0,158540,158540,0,                       0,158540
32030,158539,0,                       0,158541,158541,0,                       0,158539
32031,158538,0,                       0,158542,158542,0,                       0,158538
32032,158539,0,                       0,158541,158541,0,                       0,158539
32033,158540,0,                       0,158540,158540,0,                       0,158540
32034,158541,0,                       0,158539,158539,0,                       0,158541
32035,158542,0,                       0,158538,158538,0,                       0,158542
32036,158541,0,                       0,158539,158539,0,                       0,158541
32037,158540,0,                       0,158540,158540,0,                       0,158540
32038,158541,0,                       0,158539,158539,0,                       0,158541
32039,158542,0,                       0,158538,158538,0,                       0,158542
32040,158541,0,                       0,158539,158539,0,                       0,158541
32041,158542,0,                       0,158538,158538,0,                       0,158542
32042,158543,0,                       0,158537,158537,0,                       0,158543
32043,158542,0,                       0,158538,158538,0,                       0,158542
32044,158541,0,                       0,158539,158539,0,                       0,158541
32045,158540,0,                       0,158540,158540,0,                       0,158540
32046,158539,0,                       0,158541,158541,0,                       0,158539
32047,158540,0,                       0,158540,158540,0,                       0,158540
32048,158539,0,                       0,158541,158541,0,                       0,158539
32049,158540,0,                       0,158540,158540,0,                       0,158540
32050,158539,0,                       0,158541,158541,0,                       0,158539
32051,158540,0,                       0,158540,158540,0,                       0,158540
32052,158541,0,                       0,158539,158539,0,                       0,158541
32053,158540,0,                       0,158540,158540,0,                       0,158540
32054,158539,0,                       0,158541,158541,0,                       0,158539
32055,158538,0,                       0,158542,158542,0,                       0,158538
32056,158539,0,                       0,158541,158541,0,                       0,158539
32057,158540,0,                       0,158540,158540,0,                       0,158540
32058,158539,0,                       0,158541,158541,0,                       0,158539
32059,158538,0,                       0,158542,158542,0,                       0,158538
32060,158539,0,                       0,158541,158541,0,                       0,158539
32061,158540,0,                       0,158540,158540,0,                       0,158540
32062,158539,0,                       0,158541,158541,0,                       0,158539
32063,158540,0,                       0,158540,158540,0,                       0,158540
32064,158541,0,                       0,158539,158539,0,                       0,158541
32065,158540,0,                       0,158540,158540,0,                       0,158540
32066,158541,0,                       0,158539,158539,0,                       0,158541
32067,158542,0,                       0,158538,158538,0,                       0,158542
32068,158541,0,                       0,158539,158539,0,                       0,158541
32069,158540,0,                       0,158540,158540,0,                       0,158540
32070,158541,0,                       0,158539,158539,0,                       0,158541
32071,158540,0,                       0,158540,158540,0,                       0,158540
32072,158539,0,                       0,158541,158541,0,                       0,158539
32073,158538,0,                       0,158542,158542,0,                       0,158538
32074,158539,0,                       0,158541,158541,0,                       0,158539
32075,158538,0,                       0,158542,158542,0,                       0,158538
32076,158539,0,                       0,158541,158541,0,                       0,158539
32077,158540,0,                       0,158540,158540,0,                       0,158540
32078,158541,0,                       0,158539,158539,0,                       0,158541
32079,158540,0,                       0,158540,158540,0,                       0,158540
32080,158541,0,                       0,158539,158539,0,                       0,158541
32081,158540,0,                       0,158540,158540,0,                       0,158540
32082,158539,0,                       0,158541,158541,0,                       0,158539
32083,158540,0,                       0,158540,158540,0,                       0,158540
32084,158541,0,                       0,158539,158539,0,                       0,158541
32085,158540,0,                       0,158540,158540,0,                       0,158540
32086,158541,0,                       0,158539,158539,0,                       0,158541
32087,158542,0,                       0,158538,158538,0,                       0,158542
32088,158541,0,                       0,158539,158539,0,                       0,158541
32089,158540,0,                       0,158540,158540,0,                       0,158540
32090,158539,0,                       0,158541,158541,0,                       0,158539
32091,158540,0,                       0,158540,158540,0,                       0,158540
32092,158539,0,                       0,158541,158541,0,                       0,158539
32093,158540,0,                       0,158540,158540,0,                       0,158540
32094,158541,0,                       0,158539,158539,0,                       0,158541
32095,158540,0,                       0,158540,158540,0,                       0,158540
32096,158539,0,                       0,158541,158541,0,                       0,158539
32097,158540,0,                       0,158540,158540,0,                       0,158540
32098,158541,0,                       0,158539,158539,0,                       0,158541
32099,158542,0,                       0,158538,158538,0,                       0,158542
32100,158541,0,                       0,158539,158539,0,                       0,158541
32101,158542,0,                       0,158538,158538,0,                       0,158542
32102,158541,0,                       0,158539,158539,0,                       0,158541
32103,158542,0,                       0,158538,158538,0,                       0,158542
32104,158541,0,                       0,158539,158539,0,                       0,158541
32105,158540,0,                       0,158540,158540,0,                       0,158540
32106,158541,0,                       0,158539,158539,0,                       0,158541
32107,158540,0,                       0,158540,158540,0,                       0,158540
32108,158539,0,                       0,158541,158541,0,                       0,158539
32109,158540,0,                       0,158540,158540,0,                       0,158540
32110,158539,0,                       0,158541,158541,0,                       0,158539
32111,158538,0,                       0,158542,158542,0,                       0,158538
32112,158539,0,                       0,158541,158541,0,                       0,158539
32113,158540,0,                       0,158540,158540,0,                       0,158540
32114,158541,0,                       0,158539,158539,0,                       0,158541
32115,158540,0,                       0,158540,158540,0,                       0,158540
32116,158541,0,                       0,158539,158539,0,                       0,158541
32117,158542,0,                       0,158538,158538,0,                       0,158542
32118,158541,0,                       0,158539,158539,0,                       0,158541
32119,158542,0,                       0,158538,158538,0,                       0,158542
32120,158541,0,                       0,158539,158539,0,                       0,158541
32121,158540,0,                       0,158540,158540,0,                       0,158540
32122,158539,0,                       0,158541,158541,0,                       0,158539
32123,158540,0,                       0,158540,158540,0,                       0,158540
32124,158539,0,                       0,158541,158541,0,                       0,158539
32125,158540,0,                       0,158540,158540,0,                       0,158540
32126,158539,0,                       0,158541,158541,0,                       0,158539
32127,158540,0,                       0,158540,158540,0,                       0,158540
32128,158541,0,                       0,158539,158539,0,                       0,158541
32129,158542,0,                       0,158538,158538,0,                       0,158542
32130,158541,0,                       0,158539,158539,0,                       0,158541
32131,158540,0,                       0,158540,158540,0,                       0,158540
32132,158539,0,                       0,158541,158541,0,                       0,158539
32133,158538,0,                       0,158542,158542,0,                       0,158538
32134,158539,0,                       0,158541,158541,0,                       0,158539
32135,158538,0,                       0,158542,158542,0,                       0,158538
32136,158539,0,                       0,158541,158541,0,                       0,158539
32137,158540,0,                       0,158540,158540,0,                       0,158540
32138,158539,0,                       0,158541,158541,0,                       0,158539
32139,158538,0,                       0,158542,158542,0,                       0,158538
32140,158539,0,                       0,158541,158541,0,                       0,158539
32141,158538,0,                       0,158542,158542,0,                       0,158538
32142,158539,0,                       0,158541,158541,0,                       0,158539
32143,158540,0,                       0,158540,158540,0,                       0,158540
32144,158539,0,                       0,158541,158541,0,                       0,158539
32145,158538,0,                       0,158542,158542,0,                       0,158538
32146,158539,0,                       0,158541,158541,0,                       0,158539
32147,158540,0,                       0,158540,158540,0,                       0,158540
32148,158539,0,                       0,158541,158541,0,                       0,158539
32149,158538,0,                       0,158542,158542,0,                       0,158538
32150,158539,0,                       0,158541,158541,0,                       0,158539
32151,158540,0,                       0,158540,158540,0,                       0,158540
32152,158541,0,                       0,158539,158539,0,                       0,158541
32153,158542,0,                       0,158538,158538,0,                       0,158542
32154,158541,0,                       0,158539,158539,0,                       0,158541
32155,158540,0,                       0,158540,158540,0,                       0,158540
32156,158541,0,                       0,158539,158539,0,                       0,158541
32157,158540,0,                       0,158540,158540,0,                       0,158540
32158,158539,0,                       0,158541,158541,0,                       0,158539
32159,158540,0,                       0,158540,158540,0,                       0,158540
32160,158541,0,                       0,158539,158539,0,                       0,158541
32161,158540,0,                       0,158540,158540,0,                       0,158540
32162,158541,0,                       0,158539,158539,0,                       0,158541
32163,158542,0,                       0,158538,158538,0,                       0,158542
32164,158541,0,                       0,158539,158539,0,                       0,158541
32165,158540,0,                       0,158540,158540,0,                       0,158540
32166,158539,0,                       0,158541,158541,0,                       0,158539
32167,158540,0,                       0,158540,158540,0,                       0,158540
32168,158541,0,                       0,158539,158539,0,                       0,158541
32169,158542,0,                       0,158538,158538,0,                       0,158542
32170,158541,0,                       0,158539,158539,0,                       0,158541
32171,158540,0,                       0,158540,158540,0,                       0,158540
32172,158539,0,                       0,158541,158541,0,                       0,158539
32173,158540,0,                       0,158540,158540,0,                       0,158540
32174,158539,0,                       0,158541,158541,0,                       0,158539
32175,158540,0,                       0,158540,158540,0,                       0,158540
32176,158539,0,                       0,158541,158541,0,                       0,158539
32177,158540,0,                       0,158540,158540,0,                       0,158540
32178,158541,0,                       0,158539,158539,0,                       0,158541
32179,158540,0,                       0,158540,158540,0,                       0,158540
32180,158539,0,                       0,158541,158541,0,                       0,158539
32181,158538,0,                       0,158542,158542,0,                       0,158538
32182,158539,0,                       0,158541,158541,0,                       0,158539
32183,158540,0,                       0,158540,158540,0,                       0,158540
32184,158541,0,                       0,158539,158539,0,                       0,158541
32185,158540,0,                       0,158540,158540,0,                       0,158540
32186,158539,0,                       0,158541,158541,0,                       0,158539
32187,158540,0,                       0,158540,158540,0,                       0,158540
32188,158541,0,                       0,158539,158539,0,                       0,158541
32189,158542,0,                       0,158538,158538,0,                       0,158542
32190,158541,0,                       0,158539,158539,0,                       0,158541
32191,158540,0,                       0,158540,158540,0,                       0,158540
32192,158541,0,                       0,158539,158539,0,                       0,158541
32193,158540,0,                       0,158540,158540,0,                       0,158540
32194,158539,0,                       0,158541,158541,0,                       0,158539
32195,158540,0,                       0,158540,158540,0,                       0,158540
32196,158541,0,                       0,158539,158539,0,                       0,158541
32197,158540,0,                       0,158540,158540,0,                       0,158540
32198,158539,0,                       0,158541,158541,0,                       0,158539
32199,158540,0,                       0,158540,158540,0,                       0,158540
32200,158539,0,                       0,158541,158541,0,                       0,158539
32201,158538,0,                       0,158542,158542,0,                       0,158538
32202,158537,0,                       0,158543,158543,0,                       0,158537
32203,158536,0,                       0,158544,158544,0,                       0,158536
32204,158537,0,                       0,158543,158543,0,                       0,158537
32205,158538,0,                       0,158542,158542,0,                       0,158538
32206,158539,0,                       0,158541,158541,0,                       0,158539
32207,158540,0,                       0,158540,158540,0,                       0,158540
32208,158539,0,                       0,158541,158541,0,                       0,158539
32209,158540,0,                       0,158540,158540,0,                       0,158540
32210,158541,0,                       0,158539,158539,0,                       0,158541
32211,158542,0,                       0,158538,158538,0,                       0,158542
32212,158541,0,                       0,158539,158539,0,                       0,158541
32213,158540,0,                       0,158540,158540,0,                       0,158540
32214,158541,0,                       0,158539,158539,0,                       0,158541
32215,158540,0,                       0,158540,158540,0,                       0,158540
32216,158541,0,                       0,158539,158539,0,                       0,158541
32217,158540,0,                       0,158540,158540,0,                       0,158540
32218,158541,0,                       0,158539,158539,0,                       0,158541
32219,158540,0,                       0,158540,158540,0,                       0,158540
32220,158539,0,                       0,158541,158541,0,                       0,158539
32221,158538,0,                       0,158542,158542,0,                       0,158538
32222,158539,0,                       0,158541,158541,0,                       0,158539
32223,158540,0,                       0,158540,158540,0,                       0,158540
32224,158541,0,                       0,158539,158539,0,                       0,158541
32225,158542,0,                       0,158538,158538,0,                       0,158542
32226,158541,0,                       0,158539,158539,0,                       0,158541
32227,158540,0,                       0,158540,158540,0,                       0,158540
32228,158539,0,                       0,158541,158541,0,                       0,158539
32229,158540,0,                       0,158540,158540,0,                       0,158540
32230,158539,0,                       0,158541,158541,0,                       0,158539
32231,158538,0,                       0,158542,158542,0,                       0,158538
32232,158539,0,                       0,158541,158541,0,                       0,158539
32233,158540,0,                       0,158540,158540,0,                       0,158540
32234,158541,0,                       0,158539,158539,0,                       0,158541
32235,158540,0,                       0,158540,158540,0,                       0,158540
32236,158539,0,                       0,158541,158541,0,                       0,158539
32237,158540,0,                       0,158540,158540,0,                       0,158540
32238,158541,0,                       0,158539,158539,0,                       0,158541
32239,158542,0,                       0,158538,158538,0,                       0,158542
32240,158541,0,                       0,158539,158539,0,                       0,158541
32241,158542,0,                       0,158538,158538,0,                       0,158542
32242,158541,0,                       0,158539,158539,0,                       0,158541
32243,158540,0,                       0,158540,158540,0,                       0,158540
32244,158541,0,                       0,158539,158539,0,                       0,158541
32245,158540,0,                       0,158540,158540,0,                       0,158540
32246,158539,0,                       0,158541,158541,0,                       0,158539
32247,158540,0,                       0,158540,158540,0,                       0,158540
32248,158541,0,                       0,158539,158539,0,                       0,158541
32249,158542,0,                       0,158538,158538,0,                       0,158542
32250,158541,0,                       0,158539,158539,0,                       0,158541
32251,158542,0,                       0,158538,158538,0,                       0,158542
32252,158541,0,                       0,158539,158539,0,                       0,158541
32253,158540,0,                       0,158540,158540,0,                       0,158540
32254,158541,0,                       0,158539,158539,0,                       0,158541
32255,158540,0,                       0,158540,158540,0,                       0,158540
32256,158539,0,                       0,158541,158541,0,                       0,158539
32257,158540,0,                       0,158540,158540,0,                       0,158540
32258,158541,0,                       0,158539,158539,0,                       0,158541
32259,158542,0,                       0,158538,158538,0,                       0,158542
32260,158541,0,                       0,158539,158539,0,                       0,158541
32261,158540,0,                       0,158540,158540,0,                       0,158540
32262,158541,0,                       0,158539,158539,0,                       0,158541
32263,158540,0,                       0,158540,158540,0,                       0,158540
32264,158541,0,                       0,158539,158539,0,                       0,158541
32265,158540,0,                       0,158540,158540,0,                       0,158540
32266,158541,0,                       0,158539,158539,0,                       0,158541
32267,158542,0,                       0,158538,158538,0,                       0,158542
32268,158543,0,                       0,158537,158537,0,                       0,158543
32269,158542,0,                       0,158538,158538,0,                       0,158542
32270,158541,0,                       0,158539,158539,0,                       0,158541
32271,158540,0,                       0,158540,158540,0,                       0,158540
32272,158539,0,                       0,158541,158541,0,                       0,158539
32273,158538,0,                       0,158542,158542,0,                       0,158538
32274,158539,0,                       0,158541,158541,0,                       0,158539
32275,158540,0,                       0,158540,158540,0,                       0,158540
32276,158541,0,                       0,158539,158539,0,                       0,158541
32277,158540,0,                       0,158540,158540,0,                       0,158540
32278,158539,0,                       0,158541,158541,0,                       0,158539
32279,158540,0,                       0,158540,158540,0,                       0,158540
32280,158539,0,                       0,158541,158541,0,                       0,158539
32281,158540,0,                       0,158540,158540,0,                       0,158540
32282,158541,0,                       0,158539,158539,0,                       0,158541
32283,158542,0,                       0,158538,158538,0,                       0,158542
32284,158541,0,                       0,158539,158539,0,                       0,158541
32285,158540,0,                       0,158540,158540,0,                       0,158540
32286,158541,0,                       0,158539,158539,0,                       0,158541
32287,158540,0,                       0,158540,158540,0,                       0,158540
32288,158539,0,                       0,158541,158541,0,                       0,158539
32289,158540,0,                       0,158540,158540,0,                       0,158540
32290,158539,0,                       0,158541,158541,0,                       0,158539
32291,158538,0,                       0,158542,158542,0,                       0,158538
32292,158537,0,                       0,158543,158543,0,                       0,158537
32293,158538,0,                       0,158542,158542,0,                       0,158538
32294,158539,0,                       0,158541,158541,0,                       0,158539
32295,158540,0,                       0,158540,158540,0,                       0,158540
32296,158541,0,                       0,158539,158539,0,                       0,158541
32297,158542,0,                       0,158538,158538,0,                       0,158542
32298,158541,0,                       0,158539,158539,0,                       0,158541
32299,158540,0,                       0,158540,158540,0,                       0,158540
32300,158539,0,                       0,158541,158541,0,                       0,158539
32301,158540,0,                       0,158540,158540,0,                       0,158540
32302,158539,0,                       0,158541,158541,0,                       0,158539
32303,158538,0,                       0,158542,158542,0,                       0,158538
32304,158537,0,                       0,158543,158543,0,                       0,158537
32305,158538,0,                       0,158542,158542,0,                       0,158538
32306,158539,0,                       0,158541,158541,0,                       0,158539
32307,158540,0,                       0,158540,158540,0,                       0,158540
32308,158539,0,                       0,158541,158541,0,                       0,158539
32309,158538,0,                       0,158542,158542,0,                       0,158538
32310,158539,0,                       0,158541,158541,0,                       0,158539
32311,158540,0,                       0,158540,158540,0,                       0,158540
32312,158539,0,                       0,158541,158541,0,                       0,158539
32313,158540,0,                       0,158540,158540,0,                       0,158540
32314,158539,0,                       0,158541,158541,0,                       0,158539
32315,158538,0,                       0,158542,158542,0,                       0,158538
32316,158537,0,                       0,158543,158543,0,                       0,158537
32317,158538,0,                       0,158542,158542,0,                       0,158538
32318,158539,0,                       0,158541,158541,0,                       0,158539
32319,158538,0,                       0,158542,158542,0,                       0,158538
32320,158537,0,                       0,158543,158543,0,                       0,158537
32321,158536,0,                       0,158544,158544,0,                       0,158536
32322,158537,0,                       0,158543,158543,0,                       0,158537
32323,158538,0,                       0,158542,158542,0,                       0,158538
32324,158539,0,                       0,158541,158541,0,                       0,158539
32325,158540,0,                       0,158540,158540,0,                       0,158540
32326,158539,0,                       0,158541,158541,0,                       0,158539
32327,158540,0,                       0,158540,158540,0,                       0,158540
32328,158541,0,                       0,158539,158539,0,                       0,158541
32329,158542,0,                       0,158538,158538,0,                       0,158542
32330,158541,0,                       0,158539,158539,0,                       0,158541
32331,158540,0,                       0,158540,158540,0,                       0,158540
32332,158541,0,                       0,158539,158539,0,                       0,158541
32333,158542,0,                       0,158538,158538,0,                       0,158542
32334,158541,0,                       0,158539,158539,0,                       0,158541
32335,158540,0,                       0,158540,158540,0,                       0,158540
32336,158541,0,                       0,158539,158539,0,                       0,158541
32337,158542,0,                       0,158538,158538,0,                       0,158542
32338,158541,0,                       0,158539,158539,0,                       0,158541
32339,158540,0,                       0,158540,158540,0,                       0,158540
32340,158541,0,                       0,158539,158539,0,                       0,158541
32341,158540,0,                       0,158540,158540,0,                       0,158540
32342,158541,0,                       0,158539,158539,0,                       0,158541
32343,158542,0,                       0,158538,158538,0,                       0,158542
32344,158541,0,                       0,158539,158539,0,                       0,158541
32345,158542,0,                       0,158538,158538,0,                       0,158542
32346,158541,0,                       0,158539,158539,0,                       0,158541
32347,158542,0,                       0,158538,158538,0,                       0,158542
32348,158541,0,                       0,158539,158539,0,                       0,158541
32349,158540,0,                       0,158540,158540,0,                       0,158540
32350,158539,0,                       0,158541,158541,0,                       0,158539
32351,158538,0,                       0,158542,158542,0,                       0,158538
32352,158539,0,                       0,158541,158541,0,                       0,158539
32353,158538,0,                       0,158542,158542,0,                       0,158538
32354,158539,0,                       0,158541,158541,0,                       0,158539
32355,158538,0,                       0,158542,158542,0,                       0,158538
32356,158539,0,                       0,158541,158541,0,                       0,158539
32357,158538,0,                       0,158542,158542,0,                       0,158538
32358,158539,0,                       0,158541,158541,0,                       0,158539
32359,158540,0,                       0,158540,158540,0,                       0,158540
32360,158539,0,                       0,158541,158541,0,                       0,158539
32361,158538,0,                       0,158542,158542,0,                       0,158538
32362,158539,0,                       0,158541,158541,0,                       0,158539
32363,158540,0,                       0,158540,158540,0,                       0,158540
32364,158541,0,                       0,158539,158539,0,                       0,158541
32365,158542,0,                       0,158538,158538,0,                       0,158542
32366,158541,0,                       0,158539,158539,0,                       0,158541
32367,158542,0,                       0,158538,158538,0,                       0,158542
32368,158543,0,                       0,158537,158537,0,                       0,158543
32369,158542,0,                       0,158538,158538,0,                       0,158542
32370,158541,0,                       0,158539,158539,0,                       0,158541
32371,158540,0,                       0,158540,158540,0,                       0,158540
32372,158541,0,                       0,158539,158539,0,                       0,158541
32373,158540,0,                       0,158540,158540,0,                       0,158540
32374,158541,0,                       0,158539,158539,0,                       0,158541
32375,158540,0,                       0,158540,158540,0,                       0,158540
32376,158541,0,                       0,158539,158539,0,                       0,158541
32377,158540,0,                       0,158540,158540,0,                       0,158540
32378,158539,0,                       0,158541,158541,0,                       0,158539
32379,158538,0,                       0,158542,158542,0,                       0,158538
32380,158539,0,                       0,158541,158541,0,                       0,158539
32381,158538,0,                       0,158542,158542,0,                       0,158538
32382,158539,0,                       0,158541,158541,0,                       0,158539
32383,158540,0,                       0,158540,158540,0,                       0,158540
32384,158539,0,                       0,158541,158541,0,                       0,158539
32385,158540,0,                       0,158540,158540,0,                       0,158540
32386,158539,0,                       0,158541,158541,0,                       0,158539
32387,158538,0,                       0,158542,158542,0,                       0,158538
32388,158537,0,                       0,158543,158543,0,                       0,158537
32389,158536,0,                       0,158544,158544,0,                       0,158536
32390,158537,0,                       0,158543,158543,0,                       0,158537
32391,158538,0,                       0,158542,158542,0,                       0,158538
32392,158537,0,                       0,158543,158543,0,                       0,158537
32393,158536,0,                       0,158544,158544,0,                       0,158536
32394,158537,0,                       0,158543,158543,0,                       0,158537
32395,158538,0,                       0,158542,158542,0,                       0,158538
32396,158537,0,                       0,158543,158543,0,                       0,158537
32397,158536,0,                       0,158544,158544,0,                       0,158536
32398,158537,0,                       0,158543,158543,0,                       0,158537
32399,158538,0,                       0,158542,158542,0,                       0,158538
32400,158539,0,                       0,158541,158541,0,                       0,158539
32401,158540,0,                       0,158540,158540,0,                       0,158540
32402,158541,0,                       0,158539,158539,0,                       0,158541
32403,158540,0,                       0,158540,158540,0,                       0,158540
32404,158539,0,                       0,158541,158541,0,                       0,158539
32405,158540,0,                       0,158540,158540,0,                       0,158540
32406,158539,0,                       0,158541,158541,0,                       0,158539
32407,158540,0,                       0,158540,158540,0,                       0,158540
32408,158541,0,                       0,158539,158539,0,                       0,158541
32409,158542,0,                       0,158538,158538,0,                       0,158542
32410,158541,0,                       0,158539,158539,0,                       0,158541
32411,158540,0,                       0,158540,158540,0,                       0,158540
32412,158541,0,                       0,158539,158539,0,                       0,158541
32413,158540,0,                       0,158540,158540,0,                       0,158540
32414,158541,0,                       0,158539,158539,0,                       0,158541
32415,158542,0,                       0,158538,158538,0,                       0,158542
32416,158543,0,                       0,158537,158537,0,                       0,158543
32417,158542,0,                       0,158538,158538,0,                       0,158542
32418,158541,0,                       0,158539,158539,0,                       0,158541
32419,158540,0,                       0,158540,158540,0,                       0,158540
32420,158541,0,                       0,158539,158539,0,                       0,158541
32421,158542,0,                       0,158538,158538,0,                       0,158542
32422,158541,0,                       0,158539,158539,0,                       0,158541
32423,158540,0,                       0,158540,158540,0,                       0,158540
32424,158539,0,                       0,158541,158541,0,                       0,158539
32425,158538,0,                       0,158542,158542,0,                       0,158538
32426,158537,0,                       0,158543,158543,0,                       0,158537
32427,158538,0,                       0,158542,158542,0,                       0,158538
32428,158539,0,                       0,158541,158541,0,                       0,158539
32429,158540,0,                       0,158540,158540,0,                       0,158540
32430,158541,0,                       0,158539,158539,0,                       0,158541
32431,158540,0,                       0,158540,158540,0,                       0,158540
32432,158539,0,                       0,158541,158541,0,                       0,158539
32433,158538,0,                       0,158542,158542,0,                       0,158538
32434,158537,0,                       0,158543,158543,0,                       0,158537
32435,158538,0,                       0,158542,158542,0,                       0,158538
32436,158539,0,                       0,158541,158541,0,                       0,158539
32437,158538,0,                       0,158542,158542,0,                       0,158538
32438,158537,0,                       0,158543,158543,0,                       0,158537
32439,158538,0,                       0,158542,158542,0,                       0,158538
32440,158539,0,                       0,158541,158541,0,                       0,158539
32441,158538,0,                       0,158542,158542,0,                       0,158538
32442,158537,0,                       0,158543,158543,0,                       0,158537
32443,158536,0,                       0,158544,158544,0,                       0,158536
32444,158537,0,                       0,158543,158543,0,                       0,158537
32445,158538,0,                       0,158542,158542,0,                       0,158538
32446,158537,0,                       0,158543,158543,0,                       0,158537
32447,158538,0,                       0,158542,158542,0,                       0,158538
32448,158539,0,                       0,158541,158541,0,                       0,158539
32449,158538,0,                       0,158542,158542,0,                       0,158538
32450,158537,0,                       0,158543,158543,0,                       0,158537
32451,158538,0,                       0,158542,158542,0,                       0,158538
32452,158539,0,                       0,158541,158541,0,                       0,158539
32453,158538,0,                       0,158542,158542,0,                       0,158538
32454,158537,0,                       0,158543,158543,0,                       0,158537
32455,158538,0,                       0,158542,158542,0,                       0,158538
32456,158539,0,                       0,158541,158541,0,                       0,158539
32457,158540,0,                       0,158540,158540,0,                       0,158540
32458,158541,0,                       0,158539,158539,0,                       0,158541
32459,158542,0,                       0,158538,158538,0,                       0,158542
32460,158541,0,                       0,158539,158539,0,                       0,158541
32461,158540,0,                       0,158540,158540,0,                       0,158540
32462,158541,0,                       0,158539,158539,0,                       0,158541
32463,158542,0,                       0,158538,158538,0,                       0,158542
32464,158541,0,                       0,158539,158539,0,                       0,158541
32465,158540,0,                       0,158540,158540,0,                       0,158540
32466,158539,0,                       0,158541,158541,0,                       0,158539
32467,158538,0,                       0,158542,158542,0,                       0,158538
32468,158539,0,                       0,158541,158541,0,                       0,158539
32469,158540,0,                       0,158540,158540,0,                       0,158540
32470,158539,0,                       0,158541,158541,0,                       0,158539
32471,158540,0,                       0,158540,158540,0,                       0,158540
32472,158541,0,                       0,158539,158539,0,                       0,158541
32473,158540,0,                       0,158540,158540,0,                       0,158540
32474,158541,0,                       0,158539,158539,0,                       0,158541
32475,158540,0,                       0,158540,158540,0,                       0,158540
32476,158541,0,                       0,158539,158539,0,                       0,158541
32477,158540,0,                       0,158540,158540,0,                       0,158540
32478,158541,0,                       0,158539,158539,0,                       0,158541
32479,158540,0,                       0,158540,158540,0,                       0,158540
32480,158539,0,                       0,158541,158541,0,                       0,158539
32481,158540,0,                       0,158540,158540,0,                       0,158540
32482,158541,0,                       0,158539,158539,0,                       0,158541
32483,158540,0,                       0,158540,158540,0,                       0,158540
32484,158541,0,                       0,158539,158539,0,                       0,158541
32485,158540,0,                       0,158540,158540,0,                       0,158540
32486,158541,0,                       0,158539,158539,0,                       0,158541
32487,158540,0,                       0,158540,158540,0,                       0,158540
32488,158541,0,                       0,158539,158539,0,                       0,158541
32489,158540,0,                       0,158540,158540,0,                       0,158540
32490,158541,0,                       0,158539,158539,0,                       0,158541
32491,158540,0,                       0,158540,158540,0,                       0,158540
32492,158539,0,                       0,158541,158541,0,                       0,158539
32493,158540,0,                       0,158540,158540,0,                       0,158540
32494,158541,0,                       0,158539,158539,0,                       0,158541
32495,158542,0,                       0,158538,158538,0,                       0,158542
32496,158541,0,                       0,158539,158539,0,                       0,158541
32497,158540,0,                       0,158540,158540,0,                       0,158540
32498,158541,0,                       0,158539,158539,0,                       0,158541
32499,158540,0,                       0,158540,158540,0,                       0,158540
32500,158541,0,                       0,158539,158539,0,                       0,158541
32501,158540,0,                       0,158540,158540,0,                       0,158540
32502,158539,0,                       0,158541,158541,0,                       0,158539
32503,158540,0,                       0,158540,158540,0,                       0,158540
32504,158539,0,                       0,158541,158541,0,                       0,158539
32505,158538,0,                       0,158542,158542,0,                       0,158538
32506,158539,0,                       0,158541,158541,0,                       0,158539
32507,158538,0,                       0,158542,158542,0,                       0,158538
32508,158537,0,                       0,158543,158543,0,                       0,158537
32509,158538,0,                       0,158542,158542,0,                       0,158538
32510,158539,0,                       0,158541,158541,0,                       0,158539
32511,158540,0,                       0,158540,158540,0,                       0,158540
32512,158541,0,                       0,158539,158539,0,                       0,158541
32513,158540,0,                       0,158540,158540,0,                       0,158540
32514,158541,0,                       0,158539,158539,0,                       0,158541
32515,158540,0,                       0,158540,158540,0,                       0,158540
32516,158539,0,                       0,158541,158541,0,                       0,158539
32517,158540,0,                       0,158540,158540,0,                       0,158540
32518,158539,0,                       0,158541,158541,0,                       0,158539
32519,158540,0,                       0,158540,158540,0,                       0,158540
32520,158539,0,                       0,158541,158541,0,                       0,158539
32521,158538,0,                       0,158542,158542,0,                       0,158538
32522,158537,0,                       0,158543,158543,0,                       0,158537
32523,158538,0,                       0,158542,158542,0,                       0,158538
32524,158539,0,                       0,158541,158541,0,                       0,158539
32525,158538,0,                       0,158542,158542,0,                       0,158538
32526,158539,0,                       0,158541,158541,0,                       0,158539
32527,158538,0,                       0,158542,158542,0,                       0,158538
32528,158539,0,                       0,158541,158541,0,                       0,158539
32529,158538,0,                       0,158542,158542,0,                       0,158538
32530,158539,0,                       0,158541,158541,0,                       0,158539
32531,158540,0,                       0,158540,158540,0,                       0,158540
32532,158541,0,                       0,158539,158539,0,                       0,158541
32533,158540,0,                       0,158540,158540,0,                       0,158540
32534,158541,0,                       0,158539,158539,0,                       0,158541
32535,158542,0,                       0,158538,158538,0,                       0,158542
32536,158541,0,                       0,158539,158539,0,                       0,158541
32537,158540,0,                       0,158540,158540,0,                       0,158540
32538,158541,0,                       0,158539,158539,0,                       0,158541
32539,158540,0,                       0,158540,158540,0,                       0,158540
32540,158539,0,                       0,158541,158541,0,                       0,158539
32541,158538,0,                       0,158542,158542,0,                       0,158538
32542,158537,0,                       0,158543,158543,0,                       0,158537
32543,158536,0,                       0,158544,158544,0,                       0,158536
32544,158537,0,                       0,158543,158543,0,                       0,158537
32545,158536,0,                       0,158544,158544,0,                       0,158536
32546,158537,0,                       0,158543,158543,0,                       0,158537
32547,158536,0,                       0,158544,158544,0,                       0,158536
32548,158537,0,                       0,158543,158543,0,                       0,158537
32549,158538,0,                       0,158542,158542,0,                       0,158538
32550,158539,0,                       0,158541,158541,0,                       0,158539
32551,158540,0,                       0,158540,158540,0,                       0,158540
32552,158541,0,                       0,158539,158539,0,                       0,158541
32553,158542,0,                       0,158538,158538,0,                       0,158542
32554,158543,0,                       0,158537,158537,0,                       0,158543
32555,158544,0,                       0,158536,158536,0,                       0,158544
32556,158543,0,                       0,158537,158537,0,                       0,158543
32557,158542,0,                       0,158538,158538,0,                       0,158542
32558,158541,0,                       0,158539,158539,0,                       0,158541
32559,158540,0,                       0,158540,158540,0,                       0,158540
32560,158539,0,                       0,158541,158541,0,                       0,158539
32561,158540,0,                       0,158540,158540,0,                       0,158540
32562,158541,0,                       0,158539,158539,0,                       0,158541
32563,158542,0,                       0,158538,158538,0,                       0,158542
32564,158541,0,                       0,158539,158539,0,                       0,158541
32565,158540,0,                       0,158540,158540,0,                       0,158540
32566,158539,0,                       0,158541,158541,0,                       0,158539
32567,158540,0,                       0,158540,158540,0,                       0,158540
32568,158541,0,                       0,158539,158539,0,                       0,158541
32569,158542,0,                       0,158538,158538,0,                       0,158542
32570,158541,0,                       0,158539,158539,0,                       0,158541
32571,158540,0,                       0,158540,158540,0,                       0,158540
32572,158539,0,                       0,158541,158541,0,                       0,158539
32573,158538,0,                       0,158542,158542,0,                       0,158538
32574,158539,0,                       0,158541,158541,0,                       0,158539
32575,158540,0,                       0,158540,158540,0,                       0,158540
32576,158539,0,                       0,158541,158541,0,                       0,158539
32577,158540,0,                       0,158540,158540,0,                       0,158540
32578,158541,0,                       0,158539,158539,0,                       0,158541
32579,158540,0,                       0,158540,158540,0,                       0,158540
32580,158539,0,                       0,158541,158541,0,                       0,158539
32581,158540,0,                       0,158540,158540,0,                       0,158540
32582,158541,0,                       0,158539,158539,0,                       0,158541
32583,158540,0,                       0,158540,158540,0,                       0,158540
32584,158541,0,                       0,158539,158539,0,                       0,158541
32585,158542,0,                       0,158538,158538,0,                       0,158542
32586,158541,0,                       0,158539,158539,0,                       0,158541
32587,158542,0,                       0,158538,158538,0,                       0,158542
32588,158541,0,                       0,158539,158539,0,                       0,158541
32589,158540,0,                       0,158540,158540,0,                       0,158540
32590,158541,0,                       0,158539,158539,0,                       0,158541
32591,158540,0,                       0,158540,158540,0,                       0,158540
32592,158539,0,                       0,158541,158541,0,                       0,158539
32593,158540,0,                       0,158540,158540,0,                       0,158540
32594,158539,0,                       0,158541,158541,0,                       0,158539
32595,158538,0,                       0,158542,158542,0,                       0,158538
32596,158539,0,                       0,158541,158541,0,                       0,158539
32597,158538,0,                       0,158542,158542,0,                       0,158538
32598,158537,0,                       0,158543,158543,0,                       0,158537
32599,158538,0,                       0,158542,158542,0,                       0,158538
32600,158539,0,                       0,158541,158541,0,                       0,158539
32601,158540,0,                       0,158540,158540,0,                       0,158540
32602,158541,0,                       0,158539,158539,0,                       0,158541
32603,158542,0,                       0,158538,158538,0,                       0,158542
32604,158541,0,                       0,158539,158539,0,                       0,158541
32605,158540,0,                       0,158540,158540,0,                       0,158540
32606,158541,0,                       0,158539,158539,0,                       0,158541
32607,158540,0,                       0,158540,158540,0,                       0,158540
32608,158539,0,                       0,158541,158541,0,                       0,158539
32609,158540,0,                       0,158540,158540,0,                       0,158540
32610,158539,0,                       0,158541,158541,0,                       0,158539
32611,158540,0,                       0,158540,158540,0,                       0,158540
32612,158541,0,                       0,158539,158539,0,                       0,158541
32613,158542,0,                       0,158538,158538,0,                       0,158542
32614,158541,0,                       0,158539,158539,0,                       0,158541
32615,158540,0,                       0,158540,158540,0,                       0,158540
32616,158541,0,                       0,158539,158539,0,                       0,158541
32617,158540,0,                       0,158540,158540,0,                       0,158540
32618,158541,0,                       0,158539,158539,0,                       0,158541
32619,158542,0,                       0,158538,158538,0,                       0,158542
32620,158543,0,                       0,158537,158537,0,                       0,158543
32621,158542,0,                       0,158538,158538,0,                       0,158542
32622,158541,0,                       0,158539,158539,0,                       0,158541
32623,158542,0,                       0,158538,158538,0,                       0,158542
32624,158541,0,                       0,158539,158539,0,                       0,158541
32625,158540,0,                       0,158540,158540,0,                       0,158540
32626,158541,0,                       0,158539,158539,0,                       0,158541
32627,158542,0,                       0,158538,158538,0,                       0,158542
32628,158543,0,                       0,158537,158537,0,                       0,158543
32629,158544,0,                       0,158536,158536,0,                       0,158544
32630,158543,0,                       0,158537,158537,0,                       0,158543
32631,158542,0,                       0,158538,158538,0,                       0,158542
32632,158543,0,                       0,158537,158537,0,                       0,158543
32633,158542,0,                       0,158538,158538,0,                       0,158542
32634,158541,0,                       0,158539,158539,0,                       0,158541
32635,158540,0,                       0,158540,158540,0,                       0,158540
32636,158539,0,                       0,158541,158541,0,                       0,158539
32637,158538,0,                       0,158542,158542,0,                       0,158538
32638,158537,0,                       0,158543,158543,0,                       0,158537
32639,158538,0,                       0,158542,158542,0,                       0,158538
32640,158539,0,                       0,158541,158541,0,                       0,158539
32641,158540,0,                       0,158540,158540,0,                       0,158540
32642,158541,0,                       0,158539,158539,0,                       0,158541
32643,158542,0,                       0,158538,158538,0,                       0,158542
32644,158541,0,                       0,158539,158539,0,                       0,158541
32645,158540,0,                       0,158540,158540,0,                       0,158540
32646,158541,0,                       0,158539,158539,0,                       0,158541
32647,158542,0,                       0,158538,158538,0,                       0,158542
32648,158541,0,                       0,158539,158539,0,                       0,158541
32649,158540,0,                       0,158540,158540,0,                       0,158540
32650,158539,0,                       0,158541,158541,0,                       0,158539
32651,158540,0,                       0,158540,158540,0,                       0,158540
32652,158539,0,                       0,158541,158541,0,                       0,158539
32653,158540,0,                       0,158540,158540,0,                       0,158540
32654,158539,0,                       0,158541,158541,0,                       0,158539
32655,158540,0,                       0,158540,158540,0,                       0,158540
32656,158541,0,                       0,158539,158539,0,                       0,158541
32657,158540,0,                       0,158540,158540,0,                       0,158540
32658,158541,0,                       0,158539,158539,0,                       0,158541
32659,158540,0,                       0,158540,158540,0,                       0,158540
32660,158539,0,                       0,158541,158541,0,                       0,158539
32661,158540,0,                       0,158540,158540,0,                       0,158540
32662,158541,0,                       0,158539,158539,0,                       0,158541
32663,158540,0,                       0,158540,158540,0,                       0,158540
32664,158541,0,                       0,158539,158539,0,                       0,158541
32665,158542,0,                       0,158538,158538,0,                       0,158542
32666,158543,0,                       0,158537,158537,0,                       0,158543
32667,158542,0,                       0,158538,158538,0,                       0,158542
32668,158541,0,                       0,158539,158539,0,                       0,158541
32669,158540,0,                       0,158540,158540,0,                       0,158540
32670,158539,0,                       0,158541,158541,0,                       0,158539
32671,158540,0,                       0,158540,158540,0,                       0,158540
32672,158541,0,                       0,158539,158539,0,                       0,158541
32673,158542,0,                       0,158538,158538,0,                       0,158542
32674,158541,0,                       0,158539,158539,0,                       0,158541
32675,158540,0,                       0,158540,158540,0,                       0,158540
32676,158539,0,                       0,158541,158541,0,                       0,158539
32677,158540,0,                       0,158540,158540,0,                       0,158540
32678,158541,0,                       0,158539,158539,0,                       0,158541
32679,158540,0,                       0,158540,158540,0,                       0,158540
32680,158539,0,                       0,158541,158541,0,                       0,158539
32681,158540,0,                       0,158540,158540,0,                       0,158540
32682,158541,0,                       0,158539,158539,0,                       0,158541
32683,158540,0,                       0,158540,158540,0,                       0,158540
32684,158539,0,                       0,158541,158541,0,                       0,158539
32685,158540,0,                       0,158540,158540,0,                       0,158540
32686,158539,0,                       0,158541,158541,0,                       0,158539
32687,158540,0,                       0,158540,158540,0,                       0,158540
32688,158539,0,                       0,158541,158541,0,                       0,158539
32689,158540,0,                       0,158540,158540,0,                       0,158540
32690,158539,0,                       0,158541,158541,0,                       0,158539
32691,158540,0,                       0,158540,158540,0,                       0,158540
32692,158541,0,                       0,158539,158539,0,                       0,158541
32693,158540,0,                       0,158540,158540,0,                       0,158540
32694,158539,0,                       0,158541,158541,0,                       0,158539
32695,158540,0,                       0,158540,158540,0,                       0,158540
32696,158539,0,                       0,158541,158541,0,                       0,158539
32697,158540,0,                       0,158540,158540,0,                       0,158540
32698,158539,0,                       0,158541,158541,0,                       0,158539
32699,158538,0,                       0,158542,158542,0,                       0,158538
32700,158537,0,                       0,158543,158543,0,                       0,158537
32701,158538,0,                       0,158542,158542,0,                       0,158538
32702,158539,0,                       0,158541,158541,0,                       0,158539
32703,158540,0,                       0,158540,158540,0,                       0,158540
32704,158541,0,                       0,158539,158539,0,                       0,158541
32705,158540,0,                       0,158540,158540,0,                       0,158540
32706,158539,0,                       0,158541,158541,0,                       0,158539
32707,158540,0,                       0,158540,158540,0,                       0,158540
32708,158541,0,                       0,158539,158539,0,                       0,158541
32709,158542,0,                       0,158538,158538,0,                       0,158542
32710,158541,0,                       0,158539,158539,0,                       0,158541
32711,158540,0,                       0,158540,158540,0,                       0,158540
32712,158539,0,                       0,158541,158541,0,                       0,158539
32713,158540,0,                       0,158540,158540,0,                       0,158540
32714,158539,0,                       0,158541,158541,0,                       0,158539
32715,158538,0,                       0,158542,158542,0,                       0,158538
32716,158539,0,                       0,158541,158541,0,                       0,158539
32717,158540,0,                       0,158540,158540,0,                       0,158540
32718,158539,0,                       0,158541,158541,0,                       0,158539
32719,158538,0,                       0,158542,158542,0,                       0,158538
32720,158539,0,                       0,158541,158541,0,                       0,158539
32721,158538,0,                       0,158542,158542,0,                       0,158538
32722,158539,0,                       0,158541,158541,0,                       0,158539
32723,158540,0,                       0,158540,158540,0,                       0,158540
32724,158539,0,                       0,158541,158541,0,                       0,158539
32725,158538,0,                       0,158542,158542,0,                       0,158538
32726,158539,0,                       0,158541,158541,0,                       0,158539
32727,158540,0,                       0,158540,158540,0,                       0,158540
32728,158541,0,                       0,158539,158539,0,                       0,158541
32729,158540,0,                       0,158540,158540,0,                       0,158540
32730,158539,0,                       0,158541,158541,0,                       0,158539
32731,158538,0,                       0,158542,158542,0,                       0,158538
32732,158537,0,                       0,158543,158543,0,                       0,158537
32733,158538,0,                       0,158542,158542,0,                       0,158538
32734,158539,0,                       0,158541,158541,0,                       0,158539
32735,158538,0,                       0,158542,158542,0,                       0,158538
32736,158539,0,                       0,158541,158541,0,                       0,158539
32737,158540,0,                       0,158540,158540,0,                       0,158540
32738,158539,0,                       0,158541,158541,0,                       0,158539
32739,158538,0,                       0,158542,158542,0,                       0,158538
32740,158539,0,                       0,158541,158541,0,                       0,158539
32741,158540,0,                       0,158540,158540,0,                       0,158540
32742,158539,0,                       0,158541,158541,0,                       0,158539
32743,158538,0,                       0,158542,158542,0,                       0,158538
32744,158537,0,                       0,158543,158543,0,                       0,158537
32745,158538,0,                       0,158542,158542,0,                       0,158538
32746,158539,0,                       0,158541,158541,0,                       0,158539
32747,158538,0,                       0,158542,158542,0,                       0,158538
32748,158539,0,                       0,158541,158541,0,                       0,158539
32749,158538,0,                       0,158542,158542,0,                       0,158538
32750,158537,0,                       0,158543,158543,0,                       0,158537
32751,158538,0,                       0,158542,158542,0,                       0,158538
32752,158539,0,                       0,158541,158541,0,                       0,158539
32753,158538,0,                       0,158542,158542,0,                       0,158538
32754,158539,0,                       0,158541,158541,0,                       0,158539
32755,158538,0,                       0,158542,158542,0,                       0,158538
32756,158539,0,                       0,158541,158541,0,                       0,158539
32757,158538,0,                       0,158542,158542,0,                       0,158538
32758,158539,0,                       0,158541,158541,0,                       0,158539
32759,158538,0,                       0,158542,158542,0,                       0,158538
32760,158539,0,                       0,158541,158541,0,                       0,158539
32761,158540,0,                       0,158540,158540,0,                       0,158540
32762,158541,0,                       0,158539,158539,0,                       0,158541
32763,158540,0,                       0,158540,158540,0,                       0,158540
32764,158541,0,                       0,158539,158539,0,                       0,158541
32765,158542,0,                       0,158538,158538,0,                       0,158542
32766,158541,0,                       0,158539,158539,0,                       0,158541
32767,158542,0,                       0,158538,158538,0,                       0,158542
32768,158541,0,                       0,158539,158539,0,                       0,158541
32769,158540,0,                       0,158540,158540,0,                       0,158540
32770,158539,0,                       0,158541,158541,0,                       0,158539
32771,158540,0,                       0,158540,158540,0,                       0,158540
32772,158541,0,                       0,158539,158539,0,                       0,158541
32773,158540,0,                       0,158540,158540,0,                       0,158540
32774,158539,0,                       0,158541,158541,0,                       0,158539
32775,158538,0,                       0,158542,158542,0,                       0,158538
32776,158539,0,                       0,158541,158541,0,                       0,158539
32777,158540,0,                       0,158540,158540,0,                       0,158540
32778,158539,0,                       0,158541,158541,0,                       0,158539
32779,158538,0,                       0,158542,158542,0,                       0,158538
32780,158539,0,                       0,158541,158541,0,                       0,158539
32781,158540,0,                       0,158540,158540,0,                       0,158540
32782,158541,0,                       0,158539,158539,0,                       0,158541
32783,158540,0,                       0,158540,158540,0,                       0,158540
32784,158539,0,                       0,158541,158541,0,                       0,158539
32785,158540,0,                       0,158540,158540,0,                       0,158540
32786,158541,0,                       0,158539,158539,0,                       0,158541
32787,158542,0,                       0,158538,158538,0,                       0,158542
32788,158541,0,                       0,158539,158539,0,                       0,158541
32789,158542,0,                       0,158538,158538,0,                       0,158542
32790,158541,0,                       0,158539,158539,0,                       0,158541
32791,158540,0,                       0,158540,158540,0,                       0,158540
32792,158539,0,                       0,158541,158541,0,                       0,158539
32793,158540,0,                       0,158540,158540,0,                       0,158540
32794,158541,0,                       0,158539,158539,0,                       0,158541
32795,158540,0,                       0,158540,158540,0,                       0,158540
32796,158541,0,                       0,158539,158539,0,                       0,158541
32797,158540,0,                       0,158540,158540,0,                       0,158540
32798,158539,0,                       0,158541,158541,0,                       0,158539
32799,158540,0,                       0,158540,158540,0,                       0,158540
32800,158539,0,                       0,158541,158541,0,                       0,158539
32801,158540,0,                       0,158540,158540,0,                       0,158540
32802,158541,0,                       0,158539,158539,0,                       0,158541
32803,158540,0,                       0,158540,158540,0,                       0,158540
32804,158541,0,                       0,158539,158539,0,                       0,158541
32805,158540,0,                       0,158540,158540,0,                       0,158540
32806,158541,0,                       0,158539,158539,0,                       0,158541
32807,158542,0,                       0,158538,158538,0,                       0,158542
32808,158541,0,                       0,158539,158539,0,                       0,158541
32809,158540,0,                       0,158540,158540,0,                       0,158540
32810,158539,0,                       0,158541,158541,0,                       0,158539
32811,158540,0,                       0,158540,158540,0,                       0,158540
32812,158539,0,                       0,158541,158541,0,                       0,158539
32813,158538,0,                       0,158542,158542,0,                       0,158538
32814,158539,0,                       0,158541,158541,0,                       0,158539
32815,158540,0,                       0,158540,158540,0,                       0,158540
32816,158539,0,                       0,158541,158541,0,                       0,158539
32817,158538,0,                       0,158542,158542,0,                       0,158538
32818,158539,0,                       0,158541,158541,0,                       0,158539
32819,158540,0,                       0,158540,158540,0,                       0,158540
32820,158539,0,                       0,158541,158541,0,                       0,158539
32821,158540,0,                       0,158540,158540,0,                       0,158540
32822,158541,0,                       0,158539,158539,0,                       0,158541
32823,158540,0,                       0,158540,158540,0,                       0,158540
32824,158539,0,                       0,158541,158541,0,                       0,158539
32825,158538,0,                       0,158542,158542,0,                       0,158538
32826,158539,0,                       0,158541,158541,0,                       0,158539
32827,158538,0,                       0,158542,158542,0,                       0,158538
32828,158539,0,                       0,158541,158541,0,                       0,158539
32829,158538,0,                       0,158542,158542,0,                       0,158538
32830,158539,0,                       0,158541,158541,0,                       0,158539
32831,158540,0,                       0,158540,158540,0,                       0,158540
32832,158541,0,                       0,158539,158539,0,                       0,158541
32833,158540,0,                       0,158540,158540,0,                       0,158540
32834,158541,0,                       0,158539,158539,0,                       0,158541
32835,158540,0,                       0,158540,158540,0,                       0,158540
32836,158539,0,                       0,158541,158541,0,                       0,158539
32837,158540,0,                       0,158540,158540,0,                       0,158540
32838,158539,0,                       0,158541,158541,0,                       0,158539
32839,158540,0,                       0,158540,158540,0,                       0,158540
32840,158541,0,                       0,158539,158539,0,                       0,158541
32841,158540,0,                       0,158540,158540,0,                       0,158540
32842,158539,0,                       0,158541,158541,0,                       0,158539
32843,158538,0,                       0,158542,158542,0,                       0,158538
32844,158537,0,                       0,158543,158543,0,                       0,158537
32845,158538,0,                       0,158542,158542,0,                       0,158538
32846,158539,0,                       0,158541,158541,0,                       0,158539
32847,158540,0,                       0,158540,158540,0,                       0,158540
32848,158541,0,                       0,158539,158539,0,                       0,158541
32849,158540,0,                       0,158540,158540,0,                       0,158540
32850,158539,0,                       0,158541,158541,0,                       0,158539
32851,158540,0,                       0,158540,158540,0,                       0,158540
32852,158541,0,                       0,158539,158539,0,                       0,158541
32853,158540,0,                       0,158540,158540,0,                       0,158540
32854,158539,0,                       0,158541,158541,0,                       0,158539
32855,158540,0,                       0,158540,158540,0,                       0,158540
32856,158541,0,                       0,158539,158539,0,                       0,158541
32857,158540,0,                       0,158540,158540,0,                       0,158540
32858,158539,0,                       0,158541,158541,0,                       0,158539
32859,158540,0,                       0,158540,158540,0,                       0,158540
32860,158541,0,                       0,158539,158539,0,                       0,158541
32861,158542,0,                       0,158538,158538,0,                       0,158542
32862,158541,0,                       0,158539,158539,0,                       0,158541
32863,158540,0,                       0,158540,158540,0,                       0,158540
32864,158541,0,                       0,158539,158539,0,                       0,158541
32865,158542,0,                       0,158538,158538,0,                       0,158542
32866,158541,0,                       0,158539,158539,0,                       0,158541
32867,158540,0,                       0,158540,158540,0,                       0,158540
32868,158541,0,                       0,158539,158539,0,                       0,158541
32869,158540,0,                       0,158540,158540,0,                       0,158540
32870,158539,0,                       0,158541,158541,0,                       0,158539
32871,158538,0,                       0,158542,158542,0,                       0,158538
32872,158537,0,                       0,158543,158543,0,                       0,158537
32873,158538,0,                       0,158542,158542,0,                       0,158538
32874,158539,0,                       0,158541,158541,0,                       0,158539
32875,158540,0,                       0,158540,158540,0,                       0,158540
32876,158541,0,                       0,158539,158539,0,                       0,158541
32877,158540,0,                       0,158540,158540,0,                       0,158540
32878,158539,0,                       0,158541,158541,0,                       0,158539
32879,158540,0,                       0,158540,158540,0,                       0,158540
32880,158541,0,                       0,158539,158539,0,                       0,158541
32881,158540,0,                       0,158540,158540,0,                       0,158540
32882,158539,0,                       0,158541,158541,0,                       0,158539
32883,158540,0,                       0,158540,158540,0,                       0,158540
32884,158539,0,                       0,158541,158541,0,                       0,158539
32885,158538,0,                       0,158542,158542,0,                       0,158538
32886,158539,0,                       0,158541,158541,0,                       0,158539
32887,158540,0,                       0,158540,158540,0,                       0,158540
32888,158539,0,                       0,158541,158541,0,                       0,158539
32889,158538,0,                       0,158542,158542,0,                       0,158538
32890,158537,0,                       0,158543,158543,0,                       0,158537
32891,158536,0,                       0,158544,158544,0,                       0,158536
32892,158537,0,                       0,158543,158543,0,                       0,158537
32893,158538,0,                       0,158542,158542,0,                       0,158538
32894,158539,0,                       0,158541,158541,0,                       0,158539
32895,158540,0,                       0,158540,158540,0,                       0,158540
32896,158541,0,                       0,158539,158539,0,                       0,158541
32897,158540,0,                       0,158540,158540,0,                       0,158540
32898,158541,0,                       0,158539,158539,0,                       0,158541
32899,158540,0,                       0,158540,158540,0,                       0,158540
32900,158539,0,                       0,158541,158541,0,                       0,158539
32901,158538,0,                       0,158542,158542,0,                       0,158538
32902,158539,0,                       0,158541,158541,0,                       0,158539
32903,158540,0,                       0,158540,158540,0,                       0,158540
32904,158541,0,                       0,158539,158539,0,                       0,158541
32905,158542,0,                       0,158538,158538,0,                       0,158542
32906,158543,0,                       0,158537,158537,0,                       0,158543
32907,158542,0,                       0,158538,158538,0,                       0,158542
32908,158541,0,                       0,158539,158539,0,                       0,158541
32909,158540,0,                       0,158540,158540,0,                       0,158540
32910,158539,0,                       0,158541,158541,0,                       0,158539
32911,158538,0,                       0,158542,158542,0,                       0,158538
32912,158537,0,                       0,158543,158543,0,                       0,158537
32913,158538,0,                       0,158542,158542,0,                       0,158538
32914,158539,0,                       0,158541,158541,0,                       0,158539
32915,158540,0,                       0,158540,158540,0,                       0,158540
32916,158541,0,                       0,158539,158539,0,                       0,158541
32917,158540,0,                       0,158540,158540,0,                       0,158540
32918,158539,0,                       0,158541,158541,0,                       0,158539
32919,158540,0,                       0,158540,158540,0,                       0,158540
32920,158539,0,                       0,158541,158541,0,                       0,158539
32921,158538,0,                       0,158542,158542,0,                       0,158538
32922,158539,0,                       0,158541,158541,0,                       0,158539
32923,158540,0,                       0,158540,158540,0,                       0,158540
32924,158541,0,                       0,158539,158539,0,                       0,158541
32925,158542,0,                       0,158538,158538,0,                       0,158542
32926,158541,0,                       0,158539,158539,0,                       0,158541
32927,158540,0,                       0,158540,158540,0,                       0,158540
32928,158541,0,                       0,158539,158539,0,                       0,158541
32929,158542,0,                       0,158538,158538,0,                       0,158542
32930,158541,0,                       0,158539,158539,0,                       0,158541
32931,158540,0,                       0,158540,158540,0,                       0,158540
32932,158539,0,                       0,158541,158541,0,                       0,158539
32933,158540,0,                       0,158540,158540,0,                       0,158540
32934,158539,0,                       0,158541,158541,0,                       0,158539
32935,158538,0,                       0,158542,158542,0,                       0,158538
32936,158539,0,                       0,158541,158541,0,                       0,158539
32937,158538,0,                       0,158542,158542,0,                       0,158538
32938,158539,0,                       0,158541,158541,0,                       0,158539
32939,158540,0,                       0,158540,158540,0,                       0,158540
32940,158539,0,                       0,158541,158541,0,                       0,158539
32941,158540,0,                       0,158540,158540,0,                       0,158540
32942,158539,0,                       0,158541,158541,0,                       0,158539
32943,158540,0,                       0,158540,158540,0,                       0,158540
32944,158539,0,                       0,158541,158541,0,                       0,158539
32945,158538,0,                       0,158542,158542,0,                       0,158538
32946,158539,0,                       0,158541,158541,0,                       0,158539
32947,158540,0,                       0,158540,158540,0,                       0,158540
32948,158539,0,                       0,158541,158541,0,                       0,158539
32949,158538,0,                       0,158542,158542,0,                       0,158538
32950,158539,0,                       0,158541,158541,0,                       0,158539
32951,158540,0,                       0,158540,158540,0,                       0,158540
32952,158539,0,                       0,158541,158541,0,                       0,158539
32953,158540,0,                       0,158540,158540,0,                       0,158540
32954,158539,0,                       0,158541,158541,0,                       0,158539
32955,158540,0,                       0,158540,158540,0,                       0,158540
32956,158539,0,                       0,158541,158541,0,                       0,158539
32957,158540,0,                       0,158540,158540,0,                       0,158540
32958,158539,0,                       0,158541,158541,0,                       0,158539
32959,158538,0,                       0,158542,158542,0,                       0,158538
32960,158537,0,                       0,158543,158543,0,                       0,158537
32961,158536,0,                       0,158544,158544,0,                       0,158536
32962,158535,0,                       0,158545,158545,0,                       0,158535
32963,158536,0,                       0,158544,158544,0,                       0,158536
32964,158537,0,                       0,158543,158543,0,                       0,158537
32965,158538,0,                       0,158542,158542,0,                       0,158538
32966,158539,0,                       0,158541,158541,0,                       0,158539
32967,158538,0,                       0,158542,158542,0,                       0,158538
32968,158539,0,                       0,158541,158541,0,                       0,158539
32969,158540,0,                       0,158540,158540,0,                       0,158540
32970,158541,0,                       0,158539,158539,0,                       0,158541
32971,158542,0,                       0,158538,158538,0,                       0,158542
32972,158543,0,                       0,158537,158537,0,                       0,158543
32973,158542,0,                       0,158538,158538,0,                       0,158542
32974,158541,0,                       0,158539,158539,0,                       0,158541
32975,158542,0,                       0,158538,158538,0,                       0,158542
32976,158541,0,                       0,158539,158539,0,                       0,158541
32977,158540,0,                       0,158540,158540,0,                       0,158540
32978,158541,0,                       0,158539,158539,0,                       0,158541
32979,158542,0,                       0,158538,158538,0,                       0,158542
32980,158541,0,                       0,158539,158539,0,                       0,158541
32981,158540,0,                       0,158540,158540,0,                       0,158540
32982,158539,0,                       0,158541,158541,0,                       0,158539
32983,158540,0,                       0,158540,158540,0,                       0,158540
32984,158541,0,                       0,158539,158539,0,                       0,158541
32985,158540,0,                       0,158540,158540,0,                       0,158540
32986,158541,0,                       0,158539,158539,0,                       0,158541
32987,158542,0,                       0,158538,158538,0,                       0,158542
32988,158541,0,                       0,158539,158539,0,                       0,158541
32989,158540,0,                       0,158540,158540,0,                       0,158540
32990,158539,0,                       0,158541,158541,0,                       0,158539
32991,158540,0,                       0,158540,158540,0,                       0,158540
32992,158539,0,                       0,158541,158541,0,                       0,158539
32993,158540,0,                       0,158540,158540,0,                       0,158540
32994,158541,0,                       0,158539,158539,0,                       0,158541
32995,158542,0,                       0,158538,158538,0,                       0,158542
32996,158541,0,                       0,158539,158539,0,                       0,158541
32997,158540,0,                       0,158540,158540,0,                       0,158540
32998,158539,0,                       0,158541,158541,0,                       0,158539
32999,158538,0,                       0,158542,158542,0,                       0,158538
33000,158539,0,                       0,158541,158541,0,                       0,158539
33001,158538,0,                       0,158542,158542,0,                       0,158538
33002,158539,0,                       0,158541,158541,0,                       0,158539
33003,158538,0,                       0,158542,158542,0,                       0,158538
33004,158537,0,                       0,158543,158543,0,                       0,158537
33005,158538,0,                       0,158542,158542,0,                       0,158538
33006,158539,0,                       0,158541,158541,0,                       0,158539
33007,158538,0,                       0,158542,158542,0,                       0,158538
33008,158539,0,                       0,158541,158541,0,                       0,158539
33009,158540,0,                       0,158540,158540,0,                       0,158540
33010,158541,0,                       0,158539,158539,0,                       0,158541
33011,158540,0,                       0,158540,158540,0,                       0,158540
33012,158541,0,                       0,158539,158539,0,                       0,158541
33013,158540,0,                       0,158540,158540,0,                       0,158540
33014,158539,0,                       0,158541,158541,0,                       0,158539
33015,158540,0,                       0,158540,158540,0,                       0,158540
33016,158541,0,                       0,158539,158539,0,                       0,158541
33017,158542,0,                       0,158538,158538,0,                       0,158542
33018,158541,0,                       0,158539,158539,0,                       0,158541
33019,158542,0,                       0,158538,158538,0,                       0,158542
33020,158541,0,                       0,158539,158539,0,                       0,158541
33021,158542,0,                       0,158538,158538,0,                       0,158542
33022,158541,0,                       0,158539,158539,0,                       0,158541
33023,158540,0,                       0,158540,158540,0,                       0,158540
33024,158539,0,                       0,158541,158541,0,                       0,158539
33025,158538,0,                       0,158542,158542,0,                       0,158538
33026,158539,0,                       0,158541,158541,0,                       0,158539
33027,158540,0,                       0,158540,158540,0,                       0,158540
33028,158541,0,                       0,158539,158539,0,                       0,158541
33029,158540,0,                       0,158540,158540,0,                       0,158540
33030,158539,0,                       0,158541,158541,0,                       0,158539
33031,158540,0,                       0,158540,158540,0,                       0,158540
33032,158539,0,                       0,158541,158541,0,                       0,158539
33033,158540,0,                       0,158540,158540,0,                       0,158540
33034,158541,0,                       0,158539,158539,0,                       0,158541
33035,158540,0,                       0,158540,158540,0,                       0,158540
33036,158541,0,                       0,158539,158539,0,                       0,158541
33037,158542,0,                       0,158538,158538,0,                       0,158542
33038,158543,0,                       0,158537,158537,0,                       0,158543
33039,158542,0,                       0,158538,158538,0,                       0,158542
33040,158543,0,                       0,158537,158537,0,                       0,158543
33041,158542,0,                       0,158538,158538,0,                       0,158542
33042,158541,0,                       0,158539,158539,0,                       0,158541
33043,158542,0,                       0,158538,158538,0,                       0,158542
33044,158541,0,                       0,158539,158539,0,                       0,158541
33045,158540,0,                       0,158540,158540,0,                       0,158540
33046,158541,0,                       0,158539,158539,0,                       0,158541
33047,158540,0,                       0,158540,158540,0,                       0,158540
33048,158541,0,                       0,158539,158539,0,                       0,158541
33049,158540,0,                       0,158540,158540,0,                       0,158540
33050,158539,0,                       0,158541,158541,0,                       0,158539
33051,158538,0,                       0,158542,158542,0,                       0,158538
33052,158539,0,                       0,158541,158541,0,                       0,158539
33053,158540,0,                       0,158540,158540,0,                       0,158540
33054,158541,0,                       0,158539,158539,0,                       0,158541
33055,158540,0,                       0,158540,158540,0,                       0,158540
33056,158541,0,                       0,158539,158539,0,                       0,158541
33057,158540,0,                       0,158540,158540,0,                       0,158540
33058,158541,0,                       0,158539,158539,0,                       0,158541
33059,158542,0,                       0,158538,158538,0,                       0,158542
33060,158543,0,                       0,158537,158537,0,                       0,158543
33061,158544,0,                       0,158536,158536,0,                       0,158544
33062,158543,0,                       0,158537,158537,0,                       0,158543
33063,158544,0,                       0,158536,158536,0,                       0,158544
33064,158543,0,                       0,158537,158537,0,                       0,158543
33065,158542,0,                       0,158538,158538,0,                       0,158542
33066,158541,0,                       0,158539,158539,0,                       0,158541
33067,158540,0,                       0,158540,158540,0,                       0,158540
33068,158539,0,                       0,158541,158541,0,                       0,158539
33069,158540,0,                       0,158540,158540,0,                       0,158540
33070,158539,0,                       0,158541,158541,0,                       0,158539
33071,158540,0,                       0,158540,158540,0,                       0,158540
33072,158541,0,                       0,158539,158539,0,                       0,158541
33073,158542,0,                       0,158538,158538,0,                       0,158542
33074,158541,0,                       0,158539,158539,0,                       0,158541
33075,158542,0,                       0,158538,158538,0,                       0,158542
33076,158541,0,                       0,158539,158539,0,                       0,158541
33077,158540,0,                       0,158540,158540,0,                       0,158540
33078,158539,0,                       0,158541,158541,0,                       0,158539
33079,158540,0,                       0,158540,158540,0,                       0,158540
33080,158541,0,                       0,158539,158539,0,                       0,158541
33081,158540,0,                       0,158540,158540,0,                       0,158540
33082,158541,0,                       0,158539,158539,0,                       0,158541
33083,158542,0,                       0,158538,158538,0,                       0,158542
33084,158541,0,                       0,158539,158539,0,                       0,158541
33085,158540,0,                       0,158540,158540,0,                       0,158540
33086,158539,0,                       0,158541,158541,0,                       0,158539
33087,158538,0,                       0,158542,158542,0,                       0,158538
33088,158539,0,                       0,158541,158541,0,                       0,158539
33089,158540,0,                       0,158540,158540,0,                       0,158540
33090,158541,0,                       0,158539,158539,0,                       0,158541
33091,158540,0,                       0,158540,158540,0,                       0,158540
33092,158539,0,                       0,158541,158541,0,                       0,158539
33093,158540,0,                       0,158540,158540,0,                       0,158540
33094,158541,0,                       0,158539,158539,0,                       0,158541
33095,158542,0,                       0,158538,158538,0,                       0,158542
33096,158541,0,                       0,158539,158539,0,                       0,158541
33097,158540,0,                       0,158540,158540,0,                       0,158540
33098,158539,0,                       0,158541,158541,0,                       0,158539
33099,158540,0,                       0,158540,158540,0,                       0,158540
33100,158541,0,                       0,158539,158539,0,                       0,158541
33101,158542,0,                       0,158538,158538,0,                       0,158542
33102,158541,0,                       0,158539,158539,0,                       0,158541
33103,158542,0,                       0,158538,158538,0,                       0,158542
33104,158541,0,                       0,158539,158539,0,                       0,158541
33105,158540,0,                       0,158540,158540,0,                       0,158540
33106,158539,0,                       0,158541,158541,0,                       0,158539
33107,158540,0,                       0,158540,158540,0,                       0,158540
33108,158541,0,                       0,158539,158539,0,                       0,158541
33109,158540,0,                       0,158540,158540,0,                       0,158540
33110,158541,0,                       0,158539,158539,0,                       0,158541
33111,158540,0,                       0,158540,158540,0,                       0,158540
33112,158539,0,                       0,158541,158541,0,                       0,158539
33113,158540,0,                       0,158540,158540,0,                       0,158540
33114,158541,0,                       0,158539,158539,0,                       0,158541
33115,158542,0,                       0,158538,158538,0,                       0,158542
33116,158541,0,                       0,158539,158539,0,                       0,158541
33117,158540,0,                       0,158540,158540,0,                       0,158540
33118,158539,0,                       0,158541,158541,0,                       0,158539
33119,158538,0,                       0,158542,158542,0,                       0,158538
33120,158539,0,                       0,158541,158541,0,                       0,158539
33121,158538,0,                       0,158542,158542,0,                       0,158538
33122,158539,0,                       0,158541,158541,0,                       0,158539
33123,158538,0,                       0,158542,158542,0,                       0,158538
33124,158539,0,                       0,158541,158541,0,                       0,158539
33125,158538,0,                       0,158542,158542,0,                       0,158538
33126,158539,0,                       0,158541,158541,0,                       0,158539
33127,158540,0,                       0,158540,158540,0,                       0,158540
33128,158539,0,                       0,158541,158541,0,                       0,158539
33129,158540,0,                       0,158540,158540,0,                       0,158540
33130,158539,0,                       0,158541,158541,0,                       0,158539
33131,158540,0,                       0,158540,158540,0,                       0,158540
33132,158539,0,                       0,158541,158541,0,                       0,158539
33133,158538,0,                       0,158542,158542,0,                       0,158538
33134,158539,0,                       0,158541,158541,0,                       0,158539
33135,158540,0,                       0,158540,158540,0,                       0,158540
33136,158541,0,                       0,158539,158539,0,                       0,158541
33137,158540,0,                       0,158540,158540,0,                       0,158540
33138,158539,0,                       0,158541,158541,0,                       0,158539
33139,158540,0,                       0,158540,158540,0,                       0,158540
33140,158541,0,                       0,158539,158539,0,                       0,158541
33141,158540,0,                       0,158540,158540,0,                       0,158540
33142,158541,0,                       0,158539,158539,0,                       0,158541
33143,158540,0,                       0,158540,158540,0,                       0,158540
33144,158539,0,                       0,158541,158541,0,                       0,158539
33145,158540,0,                       0,158540,158540,0,                       0,158540
33146,158541,0,                       0,158539,158539,0,                       0,158541
33147,158542,0,                       0,158538,158538,0,                       0,158542
33148,158541,0,                       0,158539,158539,0,                       0,158541
33149,158540,0,                       0,158540,158540,0,                       0,158540
33150,158539,0,                       0,158541,158541,0,                       0,158539
33151,158540,0,                       0,158540,158540,0,                       0,158540
33152,158539,0,                       0,158541,158541,0,                       0,158539
33153,158538,0,                       0,158542,158542,0,                       0,158538
33154,158539,0,                       0,158541,158541,0,                       0,158539
33155,158540,0,                       0,158540,158540,0,                       0,158540
33156,158541,0,                       0,158539,158539,0,                       0,158541
33157,158540,0,                       0,158540,158540,0,                       0,158540
33158,158541,0,                       0,158539,158539,0,                       0,158541
33159,158540,0,                       0,158540,158540,0,                       0,158540
33160,158541,0,                       0,158539,158539,0,                       0,158541
33161,158540,0,                       0,158540,158540,0,                       0,158540
33162,158539,0,                       0,158541,158541,0,                       0,158539
33163,158538,0,                       0,158542,158542,0,                       0,158538
33164,158539,0,                       0,158541,158541,0,                       0,158539
33165,158540,0,                       0,158540,158540,0,                       0,158540
33166,158539,0,                       0,158541,158541,0,                       0,158539
33167,158540,0,                       0,158540,158540,0,                       0,158540
33168,158539,0,                       0,158541,158541,0,                       0,158539
33169,158538,0,                       0,158542,158542,0,                       0,158538
33170,158537,0,                       0,158543,158543,0,                       0,158537
33171,158538,0,                       0,158542,158542,0,                       0,158538
33172,158537,0,                       0,158543,158543,0,                       0,158537
33173,158538,0,                       0,158542,158542,0,                       0,158538
33174,158539,0,                       0,158541,158541,0,                       0,158539
33175,158540,0,                       0,158540,158540,0,                       0,158540
33176,158539,0,                       0,158541,158541,0,                       0,158539
33177,158540,0,                       0,158540,158540,0,                       0,158540
33178,158539,0,                       0,158541,158541,0,                       0,158539
33179,158540,0,                       0,158540,158540,0,                       0,158540
33180,158541,0,                       0,158539,158539,0,                       0,158541
33181,158540,0,                       0,158540,158540,0,                       0,158540
33182,158541,0,                       0,158539,158539,0,                       0,158541
33183,158540,0,                       0,158540,158540,0,                       0,158540
33184,158539,0,                       0,158541,158541,0,                       0,158539
33185,158538,0,                       0,158542,158542,0,                       0,158538
33186,158539,0,                       0,158541,158541,0,                       0,158539
33187,158540,0,                       0,158540,158540,0,                       0,158540
33188,158539,0,                       0,158541,158541,0,                       0,158539
33189,158540,0,                       0,158540,158540,0,                       0,158540
33190,158541,0,                       0,158539,158539,0,                       0,158541
33191,158540,0,                       0,158540,158540,0,                       0,158540
33192,158539,0,                       0,158541,158541,0,                       0,158539
33193,158538,0,                       0,158542,158542,0,                       0,158538
33194,158539,0,                       0,158541,158541,0,                       0,158539
33195,158540,0,                       0,158540,158540,0,                       0,158540
33196,158539,0,                       0,158541,158541,0,                       0,158539
33197,158538,0,                       0,158542,158542,0,                       0,158538
33198,158539,0,                       0,158541,158541,0,                       0,158539
33199,158540,0,                       0,158540,158540,0,                       0,158540
33200,158541,0,                       0,158539,158539,0,                       0,158541
33201,158540,0,                       0,158540,158540,0,                       0,158540
33202,158539,0,                       0,158541,158541,0,                       0,158539
33203,158538,0,                       0,158542,158542,0,                       0,158538
33204,158539,0,                       0,158541,158541,0,                       0,158539
33205,158540,0,                       0,158540,158540,0,                       0,158540
33206,158539,0,                       0,158541,158541,0,                       0,158539
33207,158540,0,                       0,158540,158540,0,                       0,158540
33208,158541,0,                       0,158539,158539,0,                       0,158541
33209,158540,0,                       0,158540,158540,0,                       0,158540
33210,158539,0,                       0,158541,158541,0,                       0,158539
33211,158540,0,                       0,158540,158540,0,                       0,158540
33212,158541,0,                       0,158539,158539,0,                       0,158541
33213,158542,0,                       0,158538,158538,0,                       0,158542
33214,158543,0,                       0,158537,158537,0,                       0,158543
33215,158542,0,                       0,158538,158538,0,                       0,158542
33216,158541,0,                       0,158539,158539,0,                       0,158541
33217,158542,0,                       0,158538,158538,0,                       0,158542
33218,158541,0,                       0,158539,158539,0,                       0,158541
33219,158540,0,                       0,158540,158540,0,                       0,158540
33220,158541,0,                       0,158539,158539,0,                       0,158541
33221,158540,0,                       0,158540,158540,0,                       0,158540
33222,158541,0,                       0,158539,158539,0,                       0,158541
33223,158540,0,                       0,158540,158540,0,                       0,158540
33224,158541,0,                       0,158539,158539,0,                       0,158541
33225,158540,0,                       0,158540,158540,0,                       0,158540
33226,158539,0,                       0,158541,158541,0,                       0,158539
33227,158538,0,                       0,158542,158542,0,                       0,158538
33228,158539,0,                       0,158541,158541,0,                       0,158539
33229,158540,0,                       0,158540,158540,0,                       0,158540
33230,158541,0,                       0,158539,158539,0,                       0,158541
33231,158540,0,                       0,158540,158540,0,                       0,158540
33232,158539,0,                       0,158541,158541,0,                       0,158539
33233,158540,0,                       0,158540,158540,0,                       0,158540
33234,158541,0,                       0,158539,158539,0,                       0,158541
33235,158542,0,                       0,158538,158538,0,                       0,158542
33236,158543,0,                       0,158537,158537,0,                       0,158543
33237,158542,0,                       0,158538,158538,0,                       0,158542
33238,158541,0,                       0,158539,158539,0,                       0,158541
33239,158540,0,                       0,158540,158540,0,                       0,158540
33240,158539,0,                       0,158541,158541,0,                       0,158539
33241,158540,0,                       0,158540,158540,0,                       0,158540
33242,158541,0,                       0,158539,158539,0,                       0,158541
33243,158542,0,                       0,158538,158538,0,                       0,158542
33244,158543,0,                       0,158537,158537,0,                       0,158543
33245,158542,0,                       0,158538,158538,0,                       0,158542
33246,158541,0,                       0,158539,158539,0,                       0,158541
33247,158542,0,                       0,158538,158538,0,                       0,158542
33248,158541,0,                       0,158539,158539,0,                       0,158541
33249,158540,0,                       0,158540,158540,0,                       0,158540
33250,158541,0,                       0,158539,158539,0,                       0,158541
33251,158540,0,                       0,158540,158540,0,                       0,158540
33252,158541,0,                       0,158539,158539,0,                       0,158541
33253,158540,0,                       0,158540,158540,0,                       0,158540
33254,158539,0,                       0,158541,158541,0,                       0,158539
33255,158540,0,                       0,158540,158540,0,                       0,158540
33256,158539,0,                       0,158541,158541,0,                       0,158539
33257,158540,0,                       0,158540,158540,0,                       0,158540
33258,158539,0,                       0,158541,158541,0,                       0,158539
33259,158538,0,                       0,158542,158542,0,                       0,158538
33260,158539,0,                       0,158541,158541,0,                       0,158539
33261,158540,0,                       0,158540,158540,0,                       0,158540
33262,158541,0,                       0,158539,158539,0,                       0,158541
33263,158542,0,                       0,158538,158538,0,                       0,158542
33264,158541,0,                       0,158539,158539,0,                       0,158541
33265,158542,0,                       0,158538,158538,0,                       0,158542
33266,158541,0,                       0,158539,158539,0,                       0,158541
33267,158542,0,                       0,158538,158538,0,                       0,158542
33268,158541,0,                       0,158539,158539,0,                       0,158541
33269,158540,0,                       0,158540,158540,0,                       0,158540
33270,158541,0,                       0,158539,158539,0,                       0,158541
33271,158542,0,                       0,158538,158538,0,                       0,158542
33272,158541,0,                       0,158539,158539,0,                       0,158541
33273,158542,0,                       0,158538,158538,0,                       0,158542
33274,158541,0,                       0,158539,158539,0,                       0,158541
33275,158542,0,                       0,158538,158538,0,                       0,158542
33276,158541,0,                       0,158539,158539,0,                       0,158541
33277,158540,0,                       0,158540,158540,0,                       0,158540
33278,158541,0,                       0,158539,158539,0,                       0,158541
33279,158540,0,                       0,158540,158540,0,                       0,158540
33280,158539,0,                       0,158541,158541,0,                       0,158539
33281,158538,0,                       0,158542,158542,0,                       0,158538
33282,158539,0,                       0,158541,158541,0,                       0,158539
33283,158540,0,                       0,158540,158540,0,                       0,158540
33284,158539,0,                       0,158541,158541,0,                       0,158539
33285,158540,0,                       0,158540,158540,0,                       0,158540
33286,158541,0,                       0,158539,158539,0,                       0,158541
33287,158540,0,                       0,158540,158540,0,                       0,158540
33288,158539,0,                       0,158541,158541,0,                       0,158539
33289,158540,0,                       0,158540,158540,0,                       0,158540
33290,158541,0,                       0,158539,158539,0,                       0,158541
33291,158540,0,                       0,158540,158540,0,                       0,158540
33292,158541,0,                       0,158539,158539,0,                       0,158541
33293,158542,0,                       0,158538,158538,0,                       0,158542
33294,158541,0,                       0,158539,158539,0,                       0,158541
33295,158542,0,                       0,158538,158538,0,                       0,158542
33296,158541,0,                       0,158539,158539,0,                       0,158541
33297,158540,0,                       0,158540,158540,0,                       0,158540
33298,158541,0,                       0,158539,158539,0,                       0,158541
33299,158542,0,                       0,158538,158538,0,                       0,158542
33300,158541,0,                       0,158539,158539,0,                       0,158541
33301,158542,0,                       0,158538,158538,0,                       0,158542
33302,158543,0,                       0,158537,158537,0,                       0,158543
33303,158542,0,                       0,158538,158538,0,                       0,158542
33304,158541,0,                       0,158539,158539,0,                       0,158541
33305,158540,0,                       0,158540,158540,0,                       0,158540
33306,158541,0,                       0,158539,158539,0,                       0,158541
33307,158540,0,                       0,158540,158540,0,                       0,158540
33308,158539,0,                       0,158541,158541,0,                       0,158539
33309,158540,0,                       0,158540,158540,0,                       0,158540
33310,158539,0,                       0,158541,158541,0,                       0,158539
33311,158540,0,                       0,158540,158540,0,                       0,158540
33312,158539,0,                       0,158541,158541,0,                       0,158539
33313,158540,0,                       0,158540,158540,0,                       0,158540
33314,158541,0,                       0,158539,158539,0,                       0,158541
33315,158542,0,                       0,158538,158538,0,                       0,158542
33316,158543,0,                       0,158537,158537,0,                       0,158543
33317,158544,0,                       0,158536,158536,0,                       0,158544
33318,158543,0,                       0,158537,158537,0,                       0,158543
33319,158542,0,                       0,158538,158538,0,                       0,158542
33320,158541,0,                       0,158539,158539,0,                       0,158541
33321,158540,0,                       0,158540,158540,0,                       0,158540
33322,158539,0,                       0,158541,158541,0,                       0,158539
33323,158538,0,                       0,158542,158542,0,                       0,158538
33324,158539,0,                       0,158541,158541,0,                       0,158539
33325,158540,0,                       0,158540,158540,0,                       0,158540
33326,158541,0,                       0,158539,158539,0,                       0,158541
33327,158540,0,                       0,158540,158540,0,                       0,158540
33328,158541,0,                       0,158539,158539,0,                       0,158541
33329,158540,0,                       0,158540,158540,0,                       0,158540
33330,158539,0,                       0,158541,158541,0,                       0,158539
33331,158540,0,                       0,158540,158540,0,                       0,158540
33332,158539,0,                       0,158541,158541,0,                       0,158539
33333,158538,0,                       0,158542,158542,0,                       0,158538
33334,158539,0,                       0,158541,158541,0,                       0,158539
33335,158538,0,                       0,158542,158542,0,                       0,158538
33336,158539,0,                       0,158541,158541,0,                       0,158539
33337,158540,0,                       0,158540,158540,0,                       0,158540
33338,158541,0,                       0,158539,158539,0,                       0,158541
33339,158542,0,                       0,158538,158538,0,                       0,158542
33340,158541,0,                       0,158539,158539,0,                       0,158541
33341,158540,0,                       0,158540,158540,0,                       0,158540
33342,158541,0,                       0,158539,158539,0,                       0,158541
33343,158540,0,                       0,158540,158540,0,                       0,158540
33344,158539,0,                       0,158541,158541,0,                       0,158539
33345,158538,0,                       0,158542,158542,0,                       0,158538
33346,158539,0,                       0,158541,158541,0,                       0,158539
33347,158538,0,                       0,158542,158542,0,                       0,158538
33348,158539,0,                       0,158541,158541,0,                       0,158539
33349,158538,0,                       0,158542,158542,0,                       0,158538
33350,158539,0,                       0,158541,158541,0,                       0,158539
33351,158540,0,                       0,158540,158540,0,                       0,158540
33352,158539,0,                       0,158541,158541,0,                       0,158539
33353,158540,0,                       0,158540,158540,0,                       0,158540
33354,158539,0,                       0,158541,158541,0,                       0,158539
33355,158540,0,                       0,158540,158540,0,                       0,158540
33356,158541,0,                       0,158539,158539,0,                       0,158541
33357,158540,0,                       0,158540,158540,0,                       0,158540
33358,158539,0,                       0,158541,158541,0,                       0,158539
33359,158540,0,                       0,158540,158540,0,                       0,158540
33360,158539,0,                       0,158541,158541,0,                       0,158539
33361,158538,0,                       0,158542,158542,0,                       0,158538
33362,158539,0,                       0,158541,158541,0,                       0,158539
33363,158540,0,                       0,158540,158540,0,                       0,158540
33364,158539,0,                       0,158541,158541,0,                       0,158539
33365,158540,0,                       0,158540,158540,0,                       0,158540
33366,158539,0,                       0,158541,158541,0,                       0,158539
33367,158538,0,                       0,158542,158542,0,                       0,158538
33368,158537,0,                       0,158543,158543,0,                       0,158537
33369,158538,0,                       0,158542,158542,0,                       0,158538
33370,158539,0,                       0,158541,158541,0,                       0,158539
33371,158540,0,                       0,158540,158540,0,                       0,158540
33372,158541,0,                       0,158539,158539,0,                       0,158541
33373,158540,0,                       0,158540,158540,0,                       0,158540
33374,158539,0,                       0,158541,158541,0,                       0,158539
33375,158538,0,                       0,158542,158542,0,                       0,158538
33376,158537,0,                       0,158543,158543,0,                       0,158537
33377,158536,0,                       0,158544,158544,0,                       0,158536
33378,158537,0,                       0,158543,158543,0,                       0,158537
33379,158538,0,                       0,158542,158542,0,                       0,158538
33380,158539,0,                       0,158541,158541,0,                       0,158539
33381,158540,0,                       0,158540,158540,0,                       0,158540
33382,158541,0,                       0,158539,158539,0,                       0,158541
33383,158540,0,                       0,158540,158540,0,                       0,158540
33384,158541,0,                       0,158539,158539,0,                       0,158541
33385,158540,0,                       0,158540,158540,0,                       0,158540
33386,158541,0,                       0,158539,158539,0,                       0,158541
33387,158540,0,                       0,158540,158540,0,                       0,158540
33388,158539,0,                       0,158541,158541,0,                       0,158539
33389,158540,0,                       0,158540,158540,0,                       0,158540
33390,158539,0,                       0,158541,158541,0,                       0,158539
33391,158538,0,                       0,158542,158542,0,                       0,158538
33392,158539,0,                       0,158541,158541,0,                       0,158539
33393,158540,0,                       0,158540,158540,0,                       0,158540
33394,158539,0,                       0,158541,158541,0,                       0,158539
33395,158540,0,                       0,158540,158540,0,                       0,158540
33396,158541,0,                       0,158539,158539,0,                       0,158541
33397,158540,0,                       0,158540,158540,0,                       0,158540
33398,158541,0,                       0,158539,158539,0,                       0,158541
33399,158542,0,                       0,158538,158538,0,                       0,158542
33400,158541,0,                       0,158539,158539,0,                       0,158541
33401,158540,0,                       0,158540,158540,0,                       0,158540
33402,158539,0,                       0,158541,158541,0,                       0,158539
33403,158540,0,                       0,158540,158540,0,                       0,158540
33404,158541,0,                       0,158539,158539,0,                       0,158541
33405,158542,0,                       0,158538,158538,0,                       0,158542
33406,158541,0,                       0,158539,158539,0,                       0,158541
33407,158540,0,                       0,158540,158540,0,                       0,158540
33408,158539,0,                       0,158541,158541,0,                       0,158539
33409,158540,0,                       0,158540,158540,0,                       0,158540
33410,158541,0,                       0,158539,158539,0,                       0,158541
33411,158540,0,                       0,158540,158540,0,                       0,158540
33412,158539,0,                       0,158541,158541,0,                       0,158539
33413,158540,0,                       0,158540,158540,0,                       0,158540
33414,158539,0,                       0,158541,158541,0,                       0,158539
33415,158538,0,                       0,158542,158542,0,                       0,158538
33416,158537,0,                       0,158543,158543,0,                       0,158537
33417,158538,0,                       0,158542,158542,0,                       0,158538
33418,158539,0,                       0,158541,158541,0,                       0,158539
33419,158538,0,                       0,158542,158542,0,                       0,158538
33420,158539,0,                       0,158541,158541,0,                       0,158539
33421,158540,0,                       0,158540,158540,0,                       0,158540
33422,158539,0,                       0,158541,158541,0,                       0,158539
33423,158538,0,                       0,158542,158542,0,                       0,158538
33424,158539,0,                       0,158541,158541,0,                       0,158539
33425,158540,0,                       0,158540,158540,0,                       0,158540
33426,158541,0,                       0,158539,158539,0,                       0,158541
33427,158540,0,                       0,158540,158540,0,                       0,158540
33428,158541,0,                       0,158539,158539,0,                       0,158541
33429,158540,0,                       0,158540,158540,0,                       0,158540
33430,158539,0,                       0,158541,158541,0,                       0,158539
33431,158538,0,                       0,158542,158542,0,                       0,158538
33432,158539,0,                       0,158541,158541,0,                       0,158539
33433,158540,0,                       0,158540,158540,0,                       0,158540
33434,158541,0,                       0,158539,158539,0,                       0,158541
33435,158540,0,                       0,158540,158540,0,                       0,158540
33436,158541,0,                       0,158539,158539,0,                       0,158541
33437,158542,0,                       0,158538,158538,0,                       0,158542
33438,158543,0,                       0,158537,158537,0,                       0,158543
33439,158542,0,                       0,158538,158538,0,                       0,158542
33440,158541,0,                       0,158539,158539,0,                       0,158541
33441,158540,0,                       0,158540,158540,0,                       0,158540
33442,158541,0,                       0,158539,158539,0,                       0,158541
33443,158542,0,                       0,158538,158538,0,                       0,158542
33444,158541,0,                       0,158539,158539,0,                       0,158541
33445,158540,0,                       0,158540,158540,0,                       0,158540
33446,158539,0,                       0,158541,158541,0,                       0,158539
33447,158538,0,                       0,158542,158542,0,                       0,158538
33448,158539,0,                       0,158541,158541,0,                       0,158539
33449,158540,0,                       0,158540,158540,0,                       0,158540
33450,158539,0,                       0,158541,158541,0,                       0,158539
33451,158540,0,                       0,158540,158540,0,                       0,158540
33452,158539,0,                       0,158541,158541,0,                       0,158539
33453,158540,0,                       0,158540,158540,0,                       0,158540
33454,158541,0,                       0,158539,158539,0,                       0,158541
33455,158540,0,                       0,158540,158540,0,                       0,158540
33456,158539,0,                       0,158541,158541,0,                       0,158539
33457,158540,0,                       0,158540,158540,0,                       0,158540
33458,158539,0,                       0,158541,158541,0,                       0,158539
33459,158538,0,                       0,158542,158542,0,                       0,158538
33460,158539,0,                       0,158541,158541,0,                       0,158539
33461,158538,0,                       0,158542,158542,0,                       0,158538
33462,158539,0,                       0,158541,158541,0,                       0,158539
33463,158540,0,                       0,158540,158540,0,                       0,158540
33464,158541,0,                       0,158539,158539,0,                       0,158541
33465,158540,0,                       0,158540,158540,0,                       0,158540
33466,158539,0,                       0,158541,158541,0,                       0,158539
33467,158540,0,                       0,158540,158540,0,                       0,158540
33468,158539,0,                       0,158541,158541,0,                       0,158539
33469,158540,0,                       0,158540,158540,0,                       0,158540
33470,158539,0,                       0,158541,158541,0,                       0,158539
33471,158540,0,                       0,158540,158540,0,                       0,158540
33472,158541,0,                       0,158539,158539,0,                       0,158541
33473,158540,0,                       0,158540,158540,0,                       0,158540
33474,158541,0,                       0,158539,158539,0,                       0,158541
33475,158540,0,                       0,158540,158540,0,                       0,158540
33476,158541,0,                       0,158539,158539,0,                       0,158541
33477,158540,0,                       0,158540,158540,0,                       0,158540
33478,158539,0,                       0,158541,158541,0,                       0,158539
33479,158538,0,                       0,158542,158542,0,                       0,158538
33480,158539,0,                       0,158541,158541,0,                       0,158539
33481,158540,0,                       0,158540,158540,0,                       0,158540
33482,158541,0,                       0,158539,158539,0,                       0,158541
33483,158540,0,                       0,158540,158540,0,                       0,158540
33484,158539,0,                       0,158541,158541,0,                       0,158539
33485,158538,0,                       0,158542,158542,0,                       0,158538
33486,158539,0,                       0,158541,158541,0,                       0,158539
33487,158540,0,                       0,158540,158540,0,                       0,158540
33488,158539,0,                       0,158541,158541,0,                       0,158539
33489,158538,0,                       0,158542,158542,0,                       0,158538
33490,158539,0,                       0,158541,158541,0,                       0,158539
33491,158538,0,                       0,158542,158542,0,                       0,158538
33492,158539,0,                       0,158541,158541,0,                       0,158539
33493,158538,0,                       0,158542,158542,0,                       0,158538
33494,158539,0,                       0,158541,158541,0,                       0,158539
33495,158540,0,                       0,158540,158540,0,                       0,158540
33496,158539,0,                       0,158541,158541,0,                       0,158539
33497,158540,0,                       0,158540,158540,0,                       0,158540
33498,158539,0,                       0,158541,158541,0,                       0,158539
33499,158540,0,                       0,158540,158540,0,                       0,158540
33500,158539,0,                       0,158541,158541,0,                       0,158539
33501,158540,0,                       0,158540,158540,0,                       0,158540
33502,158539,0,                       0,158541,158541,0,                       0,158539
33503,158538,0,                       0,158542,158542,0,                       0,158538
33504,158539,0,                       0,158541,158541,0,                       0,158539
33505,158538,0,                       0,158542,158542,0,                       0,158538
33506,158539,0,                       0,158541,158541,0,                       0,158539
33507,158540,0,                       0,158540,158540,0,                       0,158540
33508,158539,0,                       0,158541,158541,0,                       0,158539
33509,158538,0,                       0,158542,158542,0,                       0,158538
33510,158539,0,                       0,158541,158541,0,                       0,158539
33511,158540,0,                       0,158540,158540,0,                       0,158540
33512,158539,0,                       0,158541,158541,0,                       0,158539
33513,158540,0,                       0,158540,158540,0,                       0,158540
33514,158539,0,                       0,158541,158541,0,                       0,158539
33515,158540,0,                       0,158540,158540,0,                       0,158540
33516,158541,0,                       0,158539,158539,0,                       0,158541
33517,158540,0,                       0,158540,158540,0,                       0,158540
33518,158541,0,                       0,158539,158539,0,                       0,158541
33519,158540,0,                       0,158540,158540,0,                       0,158540
33520,158539,0,                       0,158541,158541,0,                       0,158539
33521,158538,0,                       0,158542,158542,0,                       0,158538
33522,158539,0,                       0,158541,158541,0,                       0,158539
33523,158538,0,                       0,158542,158542,0,                       0,158538
33524,158539,0,                       0,158541,158541,0,                       0,158539
33525,158538,0,                       0,158542,158542,0,                       0,158538
33526,158539,0,                       0,158541,158541,0,                       0,158539
33527,158538,0,                       0,158542,158542,0,                       0,158538
33528,158539,0,                       0,158541,158541,0,                       0,158539
33529,158540,0,                       0,158540,158540,0,                       0,158540
33530,158541,0,                       0,158539,158539,0,                       0,158541
33531,158542,0,                       0,158538,158538,0,                       0,158542
33532,158541,0,                       0,158539,158539,0,                       0,158541
33533,158542,0,                       0,158538,158538,0,                       0,158542
33534,158541,0,                       0,158539,158539,0,                       0,158541
33535,158542,0,                       0,158538,158538,0,                       0,158542
33536,158541,0,                       0,158539,158539,0,                       0,158541
33537,158540,0,                       0,158540,158540,0,                       0,158540
33538,158541,0,                       0,158539,158539,0,                       0,158541
33539,158540,0,                       0,158540,158540,0,                       0,158540
33540,158541,0,                       0,158539,158539,0,                       0,158541
33541,158540,0,                       0,158540,158540,0,                       0,158540
33542,158541,0,                       0,158539,158539,0,                       0,158541
33543,158542,0,                       0,158538,158538,0,                       0,158542
33544,158541,0,                       0,158539,158539,0,                       0,158541
33545,158542,0,                       0,158538,158538,0,                       0,158542
33546,158541,0,                       0,158539,158539,0,                       0,158541
33547,158540,0,                       0,158540,158540,0,                       0,158540
33548,158539,0,                       0,158541,158541,0,                       0,158539
33549,158540,0,                       0,158540,158540,0,                       0,158540
33550,158541,0,                       0,158539,158539,0,                       0,158541
33551,158542,0,                       0,158538,158538,0,                       0,158542
33552,158541,0,                       0,158539,158539,0,                       0,158541
33553,158540,0,                       0,158540,158540,0,                       0,158540
33554,158539,0,                       0,158541,158541,0,                       0,158539
33555,158538,0,                       0,158542,158542,0,                       0,158538
33556,158537,0,                       0,158543,158543,0,                       0,158537
33557,158536,0,                       0,158544,158544,0,                       0,158536
33558,158537,0,                       0,158543,158543,0,                       0,158537
33559,158538,0,                       0,158542,158542,0,                       0,158538
33560,158539,0,                       0,158541,158541,0,                       0,158539
33561,158540,0,                       0,158540,158540,0,                       0,158540
33562,158539,0,                       0,158541,158541,0,                       0,158539
33563,158540,0,                       0,158540,158540,0,                       0,158540
33564,158541,0,                       0,158539,158539,0,                       0,158541
33565,158542,0,                       0,158538,158538,0,                       0,158542
33566,158541,0,                       0,158539,158539,0,                       0,158541
33567,158540,0,                       0,158540,158540,0,                       0,158540
33568,158539,0,                       0,158541,158541,0,                       0,158539
33569,158540,0,                       0,158540,158540,0,                       0,158540
33570,158541,0,                       0,158539,158539,0,                       0,158541
33571,158542,0,                       0,158538,158538,0,                       0,158542
33572,158541,0,                       0,158539,158539,0,                       0,158541
33573,158540,0,                       0,158540,158540,0,                       0,158540
33574,158541,0,                       0,158539,158539,0,                       0,158541
33575,158540,0,                       0,158540,158540,0,                       0,158540
33576,158541,0,                       0,158539,158539,0,                       0,158541
33577,158540,0,                       0,158540,158540,0,                       0,158540
33578,158539,0,                       0,158541,158541,0,                       0,158539
33579,158540,0,                       0,158540,158540,0,                       0,158540
33580,158539,0,                       0,158541,158541,0,                       0,158539
33581,158538,0,                       0,158542,158542,0,                       0,158538
33582,158539,0,                       0,158541,158541,0,                       0,158539
33583,158540,0,                       0,158540,158540,0,                       0,158540
33584,158541,0,                       0,158539,158539,0,                       0,158541
33585,158540,0,                       0,158540,158540,0,                       0,158540
33586,158541,0,                       0,158539,158539,0,                       0,158541
33587,158540,0,                       0,158540,158540,0,                       0,158540
33588,158541,0,                       0,158539,158539,0,                       0,158541
33589,158542,0,                       0,158538,158538,0,                       0,158542
33590,158541,0,                       0,158539,158539,0,                       0,158541
33591,158542,0,                       0,158538,158538,0,                       0,158542
33592,158541,0,                       0,158539,158539,0,                       0,158541
33593,158540,0,                       0,158540,158540,0,                       0,158540
33594,158539,0,                       0,158541,158541,0,                       0,158539
33595,158540,0,                       0,158540,158540,0,                       0,158540
33596,158541,0,                       0,158539,158539,0,                       0,158541
33597,158542,0,                       0,158538,158538,0,                       0,158542
33598,158541,0,                       0,158539,158539,0,                       0,158541
33599,158540,0,                       0,158540,158540,0,                       0,158540
33600,158541,0,                       0,158539,158539,0,                       0,158541
33601,158540,0,                       0,158540,158540,0,                       0,158540
33602,158539,0,                       0,158541,158541,0,                       0,158539
33603,158540,0,                       0,158540,158540,0,                       0,158540
33604,158541,0,                       0,158539,158539,0,                       0,158541
33605,158542,0,                       0,158538,158538,0,                       0,158542
33606,158543,0,                       0,158537,158537,0,                       0,158543
33607,158544,0,                       0,158536,158536,0,                       0,158544
33608,158543,0,                       0,158537,158537,0,                       0,158543
33609,158542,0,                       0,158538,158538,0,                       0,158542
33610,158541,0,                       0,158539,158539,0,                       0,158541
33611,158540,0,                       0,158540,158540,0,                       0,158540
33612,158539,0,                       0,158541,158541,0,                       0,158539
33613,158540,0,                       0,158540,158540,0,                       0,158540
33614,158541,0,                       0,158539,158539,0,                       0,158541
33615,158540,0,                       0,158540,158540,0,                       0,158540
33616,158541,0,                       0,158539,158539,0,                       0,158541
33617,158542,0,                       0,158538,158538,0,                       0,158542
33618,158543,0,                       0,158537,158537,0,                       0,158543
33619,158542,0,                       0,158538,158538,0,                       0,158542
33620,158543,0,                       0,158537,158537,0,                       0,158543
33621,158544,0,                       0,158536,158536,0,                       0,158544
33622,158543,0,                       0,158537,158537,0,                       0,158543
33623,158542,0,                       0,158538,158538,0,                       0,158542
33624,158543,0,                       0,158537,158537,0,                       0,158543
33625,158544,0,                       0,158536,158536,0,                       0,158544
33626,158543,0,                       0,158537,158537,0,                       0,158543
33627,158542,0,                       0,158538,158538,0,                       0,158542
33628,158541,0,                       0,158539,158539,0,                       0,158541
33629,158540,0,                       0,158540,158540,0,                       0,158540
33630,158541,0,                       0,158539,158539,0,                       0,158541
33631,158540,0,                       0,158540,158540,0,                       0,158540
33632,158541,0,                       0,158539,158539,0,                       0,158541
33633,158540,0,                       0,158540,158540,0,                       0,158540
33634,158539,0,                       0,158541,158541,0,                       0,158539
33635,158540,0,                       0,158540,158540,0,                       0,158540
33636,158539,0,                       0,158541,158541,0,                       0,158539
33637,158538,0,                       0,158542,158542,0,                       0,158538
33638,158539,0,                       0,158541,158541,0,                       0,158539
33639,158538,0,                       0,158542,158542,0,                       0,158538
33640,158539,0,                       0,158541,158541,0,                       0,158539
33641,158540,0,                       0,158540,158540,0,                       0,158540
33642,158539,0,                       0,158541,158541,0,                       0,158539
33643,158540,0,                       0,158540,158540,0,                       0,158540
33644,158541,0,                       0,158539,158539,0,                       0,158541
33645,158540,0,                       0,158540,158540,0,                       0,158540
33646,158541,0,                       0,158539,158539,0,                       0,158541
33647,158540,0,                       0,158540,158540,0,                       0,158540
33648,158539,0,                       0,158541,158541,0,                       0,158539
33649,158540,0,                       0,158540,158540,0,                       0,158540
33650,158541,0,                       0,158539,158539,0,                       0,158541
33651,158540,0,                       0,158540,158540,0,                       0,158540
33652,158539,0,                       0,158541,158541,0,                       0,158539
33653,158538,0,                       0,158542,158542,0,                       0,158538
33654,158539,0,                       0,158541,158541,0,                       0,158539
33655,158540,0,                       0,158540,158540,0,                       0,158540
33656,158539,0,                       0,158541,158541,0,                       0,158539
33657,158538,0,                       0,158542,158542,0,                       0,158538
33658,158539,0,                       0,158541,158541,0,                       0,158539
33659,158538,0,                       0,158542,158542,0,                       0,158538
33660,158537,0,                       0,158543,158543,0,                       0,158537
33661,158538,0,                       0,158542,158542,0,                       0,158538
33662,158539,0,                       0,158541,158541,0,                       0,158539
33663,158540,0,                       0,158540,158540,0,                       0,158540
33664,158539,0,                       0,158541,158541,0,                       0,158539
33665,158538,0,                       0,158542,158542,0,                       0,158538
33666,158539,0,                       0,158541,158541,0,                       0,158539
33667,158538,0,                       0,158542,158542,0,                       0,158538
33668,158539,0,                       0,158541,158541,0,                       0,158539
33669,158538,0,                       0,158542,158542,0,                       0,158538
33670,158539,0,                       0,158541,158541,0,                       0,158539
33671,158538,0,                       0,158542,158542,0,                       0,158538
33672,158539,0,                       0,158541,158541,0,                       0,158539
33673,158540,0,                       0,158540,158540,0,                       0,158540
33674,158539,0,                       0,158541,158541,0,                       0,158539
33675,158540,0,                       0,158540,158540,0,                       0,158540
33676,158539,0,                       0,158541,158541,0,                       0,158539
33677,158540,0,                       0,158540,158540,0,                       0,158540
33678,158539,0,                       0,158541,158541,0,                       0,158539
33679,158540,0,                       0,158540,158540,0,                       0,158540
33680,158541,0,                       0,158539,158539,0,                       0,158541
33681,158540,0,                       0,158540,158540,0,                       0,158540
33682,158541,0,                       0,158539,158539,0,                       0,158541
33683,158540,0,                       0,158540,158540,0,                       0,158540
33684,158539,0,                       0,158541,158541,0,                       0,158539
33685,158540,0,                       0,158540,158540,0,                       0,158540
33686,158541,0,                       0,158539,158539,0,                       0,158541
33687,158540,0,                       0,158540,158540,0,                       0,158540
33688,158539,0,                       0,158541,158541,0,                       0,158539
33689,158538,0,                       0,158542,158542,0,                       0,158538
33690,158539,0,                       0,158541,158541,0,                       0,158539
33691,158540,0,                       0,158540,158540,0,                       0,158540
33692,158539,0,                       0,158541,158541,0,                       0,158539
33693,158540,0,                       0,158540,158540,0,                       0,158540
33694,158541,0,                       0,158539,158539,0,                       0,158541
33695,158542,0,                       0,158538,158538,0,                       0,158542
33696,158541,0,                       0,158539,158539,0,                       0,158541
33697,158540,0,                       0,158540,158540,0,                       0,158540
33698,158541,0,                       0,158539,158539,0,                       0,158541
33699,158540,0,                       0,158540,158540,0,                       0,158540
33700,158541,0,                       0,158539,158539,0,                       0,158541
33701,158542,0,                       0,158538,158538,0,                       0,158542
33702,158541,0,                       0,158539,158539,0,                       0,158541
33703,158540,0,                       0,158540,158540,0,                       0,158540
33704,158541,0,                       0,158539,158539,0,                       0,158541
33705,158540,0,                       0,158540,158540,0,                       0,158540
33706,158539,0,                       0,158541,158541,0,                       0,158539
33707,158538,0,                       0,158542,158542,0,                       0,158538
33708,158539,0,                       0,158541,158541,0,                       0,158539
33709,158540,0,                       0,158540,158540,0,                       0,158540
33710,158539,0,                       0,158541,158541,0,                       0,158539
33711,158538,0,                       0,158542,158542,0,                       0,158538
33712,158537,0,                       0,158543,158543,0,                       0,158537
33713,158538,0,                       0,158542,158542,0,                       0,158538
33714,158539,0,                       0,158541,158541,0,                       0,158539
33715,158540,0,                       0,158540,158540,0,                       0,158540
33716,158541,0,                       0,158539,158539,0,                       0,158541
33717,158540,0,                       0,158540,158540,0,                       0,158540
33718,158539,0,                       0,158541,158541,0,                       0,158539
33719,158540,0,                       0,158540,158540,0,                       0,158540
33720,158541,0,                       0,158539,158539,0,                       0,158541
33721,158540,0,                       0,158540,158540,0,                       0,158540
33722,158541,0,                       0,158539,158539,0,                       0,158541
33723,158540,0,                       0,158540,158540,0,                       0,158540
33724,158541,0,                       0,158539,158539,0,                       0,158541
33725,158540,0,                       0,158540,158540,0,                       0,158540
33726,158541,0,                       0,158539,158539,0,                       0,158541
33727,158540,0,                       0,158540,158540,0,                       0,158540
33728,158539,0,                       0,158541,158541,0,                       0,158539
33729,158538,0,                       0,158542,158542,0,                       0,158538
33730,158539,0,                       0,158541,158541,0,                       0,158539
33731,158538,0,                       0,158542,158542,0,                       0,158538
33732,158539,0,                       0,158541,158541,0,                       0,158539
33733,158540,0,                       0,158540,158540,0,                       0,158540
33734,158541,0,                       0,158539,158539,0,                       0,158541
33735,158540,0,                       0,158540,158540,0,                       0,158540
33736,158541,0,                       0,158539,158539,0,                       0,158541
33737,158540,0,                       0,158540,158540,0,                       0,158540
33738,158541,0,                       0,158539,158539,0,                       0,158541
33739,158540,0,                       0,158540,158540,0,                       0,158540
33740,158541,0,                       0,158539,158539,0,                       0,158541
33741,158540,0,                       0,158540,158540,0,                       0,158540
33742,158541,0,                       0,158539,158539,0,                       0,158541
33743,158540,0,                       0,158540,158540,0,                       0,158540
33744,158539,0,                       0,158541,158541,0,                       0,158539
33745,158540,0,                       0,158540,158540,0,                       0,158540
33746,158539,0,                       0,158541,158541,0,                       0,158539
33747,158540,0,                       0,158540,158540,0,                       0,158540
33748,158539,0,                       0,158541,158541,0,                       0,158539
33749,158540,0,                       0,158540,158540,0,                       0,158540
33750,158541,0,                       0,158539,158539,0,                       0,158541
33751,158542,0,                       0,158538,158538,0,                       0,158542
33752,158541,0,                       0,158539,158539,0,                       0,158541
33753,158540,0,                       0,158540,158540,0,                       0,158540
33754,158539,0,                       0,158541,158541,0,                       0,158539
33755,158538,0,                       0,158542,158542,0,                       0,158538
33756,158537,0,                       0,158543,158543,0,                       0,158537
33757,158538,0,                       0,158542,158542,0,                       0,158538
33758,158539,0,                       0,158541,158541,0,                       0,158539
33759,158540,0,                       0,158540,158540,0,                       0,158540
33760,158539,0,                       0,158541,158541,0,                       0,158539
33761,158540,0,                       0,158540,158540,0,                       0,158540
33762,158539,0,                       0,158541,158541,0,                       0,158539
33763,158540,0,                       0,158540,158540,0,                       0,158540
33764,158541,0,                       0,158539,158539,0,                       0,158541
33765,158540,0,                       0,158540,158540,0,                       0,158540
33766,158539,0,                       0,158541,158541,0,                       0,158539
33767,158540,0,                       0,158540,158540,0,                       0,158540
33768,158539,0,                       0,158541,158541,0,                       0,158539
33769,158540,0,                       0,158540,158540,0,                       0,158540
33770,158541,0,                       0,158539,158539,0,                       0,158541
33771,158542,0,                       0,158538,158538,0,                       0,158542
33772,158541,0,                       0,158539,158539,0,                       0,158541
33773,158540,0,                       0,158540,158540,0,                       0,158540
33774,158541,0,                       0,158539,158539,0,                       0,158541
33775,158542,0,                       0,158538,158538,0,                       0,158542
33776,158541,0,                       0,158539,158539,0,                       0,158541
33777,158540,0,                       0,158540,158540,0,                       0,158540
33778,158541,0,                       0,158539,158539,0,                       0,158541
33779,158542,0,                       0,158538,158538,0,                       0,158542
33780,158541,0,                       0,158539,158539,0,                       0,158541
33781,158542,0,                       0,158538,158538,0,                       0,158542
33782,158541,0,                       0,158539,158539,0,                       0,158541
33783,158540,0,                       0,158540,158540,0,                       0,158540
33784,158539,0,                       0,158541,158541,0,                       0,158539
33785,158540,0,                       0,158540,158540,0,                       0,158540
33786,158541,0,                       0,158539,158539,0,                       0,158541
33787,158542,0,                       0,158538,158538,0,                       0,158542
33788,158541,0,                       0,158539,158539,0,                       0,158541
33789,158540,0,                       0,158540,158540,0,                       0,158540
33790,158541,0,                       0,158539,158539,0,                       0,158541
33791,158542,0,                       0,158538,158538,0,                       0,158542
33792,158541,0,                       0,158539,158539,0,                       0,158541
33793,158542,0,                       0,158538,158538,0,                       0,158542
33794,158541,0,                       0,158539,158539,0,                       0,158541
33795,158540,0,                       0,158540,158540,0,                       0,158540
33796,158541,0,                       0,158539,158539,0,                       0,158541
33797,158540,0,                       0,158540,158540,0,                       0,158540
33798,158539,0,                       0,158541,158541,0,                       0,158539
33799,158538,0,                       0,158542,158542,0,                       0,158538
33800,158539,0,                       0,158541,158541,0,                       0,158539
33801,158538,0,                       0,158542,158542,0,                       0,158538
33802,158539,0,                       0,158541,158541,0,                       0,158539
33803,158540,0,                       0,158540,158540,0,                       0,158540
33804,158541,0,                       0,158539,158539,0,                       0,158541
33805,158540,0,                       0,158540,158540,0,                       0,158540
33806,158541,0,                       0,158539,158539,0,                       0,158541
33807,158540,0,                       0,158540,158540,0,                       0,158540
33808,158541,0,                       0,158539,158539,0,                       0,158541
33809,158542,0,                       0,158538,158538,0,                       0,158542
33810,158541,0,                       0,158539,158539,0,                       0,158541
33811,158540,0,                       0,158540,158540,0,                       0,158540
33812,158541,0,                       0,158539,158539,0,                       0,158541
33813,158540,0,                       0,158540,158540,0,                       0,158540
33814,158539,0,                       0,158541,158541,0,                       0,158539
33815,158540,0,                       0,158540,158540,0,                       0,158540
33816,158541,0,                       0,158539,158539,0,                       0,158541
33817,158540,0,                       0,158540,158540,0,                       0,158540
33818,158539,0,                       0,158541,158541,0,                       0,158539
33819,158538,0,                       0,158542,158542,0,                       0,158538
33820,158539,0,                       0,158541,158541,0,                       0,158539
33821,158540,0,                       0,158540,158540,0,                       0,158540
33822,158541,0,                       0,158539,158539,0,                       0,158541
33823,158540,0,                       0,158540,158540,0,                       0,158540
33824,158541,0,                       0,158539,158539,0,                       0,158541
33825,158540,0,                       0,158540,158540,0,                       0,158540
33826,158539,0,                       0,158541,158541,0,                       0,158539
33827,158538,0,                       0,158542,158542,0,                       0,158538
33828,158539,0,                       0,158541,158541,0,                       0,158539
33829,158540,0,                       0,158540,158540,0,                       0,158540
33830,158541,0,                       0,158539,158539,0,                       0,158541
33831,158540,0,                       0,158540,158540,0,                       0,158540
33832,158539,0,                       0,158541,158541,0,                       0,158539
33833,158538,0,                       0,158542,158542,0,                       0,158538
33834,158539,0,                       0,158541,158541,0,                       0,158539
33835,158538,0,                       0,158542,158542,0,                       0,158538
33836,158539,0,                       0,158541,158541,0,                       0,158539
33837,158540,0,                       0,158540,158540,0,                       0,158540
33838,158541,0,                       0,158539,158539,0,                       0,158541
33839,158540,0,                       0,158540,158540,0,                       0,158540
33840,158541,0,                       0,158539,158539,0,                       0,158541
33841,158540,0,                       0,158540,158540,0,                       0,158540
33842,158539,0,                       0,158541,158541,0,                       0,158539
33843,158540,0,                       0,158540,158540,0,                       0,158540
33844,158539,0,                       0,158541,158541,0,                       0,158539
33845,158540,0,                       0,158540,158540,0,                       0,158540
33846,158541,0,                       0,158539,158539,0,                       0,158541
33847,158540,0,                       0,158540,158540,0,                       0,158540
33848,158539,0,                       0,158541,158541,0,                       0,158539
33849,158540,0,                       0,158540,158540,0,                       0,158540
33850,158539,0,                       0,158541,158541,0,                       0,158539
33851,158540,0,                       0,158540,158540,0,                       0,158540
33852,158539,0,                       0,158541,158541,0,                       0,158539
33853,158540,0,                       0,158540,158540,0,                       0,158540
33854,158539,0,                       0,158541,158541,0,                       0,158539
33855,158540,0,                       0,158540,158540,0,                       0,158540
33856,158541,0,                       0,158539,158539,0,                       0,158541
33857,158542,0,                       0,158538,158538,0,                       0,158542
33858,158541,0,                       0,158539,158539,0,                       0,158541
33859,158540,0,                       0,158540,158540,0,                       0,158540
33860,158539,0,                       0,158541,158541,0,                       0,158539
33861,158540,0,                       0,158540,158540,0,                       0,158540
33862,158541,0,                       0,158539,158539,0,                       0,158541
33863,158540,0,                       0,158540,158540,0,                       0,158540
33864,158539,0,                       0,158541,158541,0,                       0,158539
33865,158538,0,                       0,158542,158542,0,                       0,158538
33866,158539,0,                       0,158541,158541,0,                       0,158539
33867,158540,0,                       0,158540,158540,0,                       0,158540
33868,158541,0,                       0,158539,158539,0,                       0,158541
33869,158540,0,                       0,158540,158540,0,                       0,158540
33870,158539,0,                       0,158541,158541,0,                       0,158539
33871,158540,0,                       0,158540,158540,0,                       0,158540
33872,158539,0,                       0,158541,158541,0,                       0,158539
33873,158538,0,                       0,158542,158542,0,                       0,158538
33874,158539,0,                       0,158541,158541,0,                       0,158539
33875,158538,0,                       0,158542,158542,0,                       0,158538
33876,158539,0,                       0,158541,158541,0,                       0,158539
33877,158540,0,                       0,158540,158540,0,                       0,158540
33878,158541,0,                       0,158539,158539,0,                       0,158541
33879,158540,0,                       0,158540,158540,0,                       0,158540
33880,158541,0,                       0,158539,158539,0,                       0,158541
33881,158540,0,                       0,158540,158540,0,                       0,158540
33882,158541,0,                       0,158539,158539,0,                       0,158541
33883,158542,0,                       0,158538,158538,0,                       0,158542
33884,158541,0,                       0,158539,158539,0,                       0,158541
33885,158540,0,                       0,158540,158540,0,                       0,158540
33886,158539,0,                       0,158541,158541,0,                       0,158539
33887,158538,0,                       0,158542,158542,0,                       0,158538
33888,158539,0,                       0,158541,158541,0,                       0,158539
33889,158540,0,                       0,158540,158540,0,                       0,158540
33890,158539,0,                       0,158541,158541,0,                       0,158539
33891,158540,0,                       0,158540,158540,0,                       0,158540
33892,158539,0,                       0,158541,158541,0,                       0,158539
33893,158540,0,                       0,158540,158540,0,                       0,158540
33894,158541,0,                       0,158539,158539,0,                       0,158541
33895,158540,0,                       0,158540,158540,0,                       0,158540
33896,158539,0,                       0,158541,158541,0,                       0,158539
33897,158540,0,                       0,158540,158540,0,                       0,158540
33898,158541,0,                       0,158539,158539,0,                       0,158541
33899,158542,0,                       0,158538,158538,0,                       0,158542
33900,158541,0,                       0,158539,158539,0,                       0,158541
33901,158542,0,                       0,158538,158538,0,                       0,158542
33902,158543,0,                       0,158537,158537,0,                       0,158543
33903,158542,0,                       0,158538,158538,0,                       0,158542
33904,158541,0,                       0,158539,158539,0,                       0,158541
33905,158542,0,                       0,158538,158538,0,                       0,158542
33906,158541,0,                       0,158539,158539,0,                       0,158541
33907,158542,0,                       0,158538,158538,0,                       0,158542
33908,158541,0,                       0,158539,158539,0,                       0,158541
33909,158542,0,                       0,158538,158538,0,                       0,158542
33910,158543,0,                       0,158537,158537,0,                       0,158543
33911,158542,0,                       0,158538,158538,0,                       0,158542
33912,158541,0,                       0,158539,158539,0,                       0,158541
33913,158540,0,                       0,158540,158540,0,                       0,158540
33914,158539,0,                       0,158541,158541,0,                       0,158539
33915,158538,0,                       0,158542,158542,0,                       0,158538
33916,158539,0,                       0,158541,158541,0,                       0,158539
33917,158540,0,                       0,158540,158540,0,                       0,158540
33918,158539,0,                       0,158541,158541,0,                       0,158539
33919,158540,0,                       0,158540,158540,0,                       0,158540
33920,158541,0,                       0,158539,158539,0,                       0,158541
33921,158540,0,                       0,158540,158540,0,                       0,158540
33922,158539,0,                       0,158541,158541,0,                       0,158539
33923,158538,0,                       0,158542,158542,0,                       0,158538
33924,158539,0,                       0,158541,158541,0,                       0,158539
33925,158540,0,                       0,158540,158540,0,                       0,158540
33926,158541,0,                       0,158539,158539,0,                       0,158541
33927,158542,0,                       0,158538,158538,0,                       0,158542
33928,158541,0,                       0,158539,158539,0,                       0,158541
33929,158540,0,                       0,158540,158540,0,                       0,158540
33930,158539,0,                       0,158541,158541,0,                       0,158539
33931,158538,0,                       0,158542,158542,0,                       0,158538
33932,158539,0,                       0,158541,158541,0,                       0,158539
33933,158540,0,                       0,158540,158540,0,                       0,158540
33934,158539,0,                       0,158541,158541,0,                       0,158539
33935,158538,0,                       0,158542,158542,0,                       0,158538
33936,158539,0,                       0,158541,158541,0,                       0,158539
33937,158538,0,                       0,158542,158542,0,                       0,158538
33938,158537,0,                       0,158543,158543,0,                       0,158537
33939,158538,0,                       0,158542,158542,0,                       0,158538
33940,158539,0,                       0,158541,158541,0,                       0,158539
33941,158540,0,                       0,158540,158540,0,                       0,158540
33942,158541,0,                       0,158539,158539,0,                       0,158541
33943,158540,0,                       0,158540,158540,0,                       0,158540
33944,158539,0,                       0,158541,158541,0,                       0,158539
33945,158540,0,                       0,158540,158540,0,                       0,158540
33946,158539,0,                       0,158541,158541,0,                       0,158539
33947,158538,0,                       0,158542,158542,0,                       0,158538
33948,158539,0,                       0,158541,158541,0,                       0,158539
33949,158538,0,                       0,158542,158542,0,                       0,158538
33950,158539,0,                       0,158541,158541,0,                       0,158539
33951,158540,0,                       0,158540,158540,0,                       0,158540
33952,158539,0,                       0,158541,158541,0,                       0,158539
33953,158540,0,                       0,158540,158540,0,                       0,158540
33954,158539,0,                       0,158541,158541,0,                       0,158539
33955,158540,0,                       0,158540,158540,0,                       0,158540
33956,158539,0,                       0,158541,158541,0,                       0,158539
33957,158538,0,                       0,158542,158542,0,                       0,158538
33958,158539,0,                       0,158541,158541,0,                       0,158539
33959,158540,0,                       0,158540,158540,0,                       0,158540
33960,158539,0,                       0,158541,158541,0,                       0,158539
33961,158540,0,                       0,158540,158540,0,                       0,158540
33962,158539,0,                       0,158541,158541,0,                       0,158539
33963,158538,0,                       0,158542,158542,0,                       0,158538
33964,158539,0,                       0,158541,158541,0,                       0,158539
33965,158540,0,                       0,158540,158540,0,                       0,158540
33966,158539,0,                       0,158541,158541,0,                       0,158539
33967,158538,0,                       0,158542,158542,0,                       0,158538
33968,158539,0,                       0,158541,158541,0,                       0,158539
33969,158540,0,                       0,158540,158540,0,                       0,158540
33970,158539,0,                       0,158541,158541,0,                       0,158539
33971,158540,0,                       0,158540,158540,0,                       0,158540
33972,158539,0,                       0,158541,158541,0,                       0,158539
33973,158538,0,                       0,158542,158542,0,                       0,158538
33974,158539,0,                       0,158541,158541,0,                       0,158539
33975,158540,0,                       0,158540,158540,0,                       0,158540
33976,158541,0,                       0,158539,158539,0,                       0,158541
33977,158540,0,                       0,158540,158540,0,                       0,158540
33978,158539,0,                       0,158541,158541,0,                       0,158539
33979,158540,0,                       0,158540,158540,0,                       0,158540
33980,158539,0,                       0,158541,158541,0,                       0,158539
33981,158540,0,                       0,158540,158540,0,                       0,158540
33982,158539,0,                       0,158541,158541,0,                       0,158539
33983,158538,0,                       0,158542,158542,0,                       0,158538
33984,158539,0,                       0,158541,158541,0,                       0,158539
33985,158540,0,                       0,158540,158540,0,                       0,158540
33986,158541,0,                       0,158539,158539,0,                       0,158541
33987,158542,0,                       0,158538,158538,0,                       0,158542
33988,158541,0,                       0,158539,158539,0,                       0,158541
33989,158540,0,                       0,158540,158540,0,                       0,158540
33990,158539,0,                       0,158541,158541,0,                       0,158539
33991,158540,0,                       0,158540,158540,0,                       0,158540
33992,158541,0,                       0,158539,158539,0,                       0,158541
33993,158540,0,                       0,158540,158540,0,                       0,158540
33994,158541,0,                       0,158539,158539,0,                       0,158541
33995,158542,0,                       0,158538,158538,0,                       0,158542
33996,158541,0,                       0,158539,158539,0,                       0,158541
33997,158540,0,                       0,158540,158540,0,                       0,158540
33998,158539,0,                       0,158541,158541,0,                       0,158539
33999,158538,0,                       0,158542,158542,0,                       0,158538
34000,158537,0,                       0,158543,158543,0,                       0,158537
34001,158536,0,                       0,158544,158544,0,                       0,158536
34002,158535,0,                       0,158545,158545,0,                       0,158535
34003,158534,0,                       0,158546,158546,0,                       0,158534
34004,158535,0,                       0,158545,158545,0,                       0,158535
34005,158536,0,                       0,158544,158544,0,                       0,158536
34006,158537,0,                       0,158543,158543,0,                       0,158537
34007,158538,0,                       0,158542,158542,0,                       0,158538
34008,158539,0,                       0,158541,158541,0,                       0,158539
34009,158540,0,                       0,158540,158540,0,                       0,158540
34010,158541,0,                       0,158539,158539,0,                       0,158541
34011,158540,0,                       0,158540,158540,0,                       0,158540
34012,158539,0,                       0,158541,158541,0,                       0,158539
34013,158538,0,                       0,158542,158542,0,                       0,158538
34014,158539,0,                       0,158541,158541,0,                       0,158539
34015,158540,0,                       0,158540,158540,0,                       0,158540
34016,158541,0,                       0,158539,158539,0,                       0,158541
34017,158540,0,                       0,158540,158540,0,                       0,158540
34018,158541,0,                       0,158539,158539,0,                       0,158541
34019,158540,0,                       0,158540,158540,0,                       0,158540
34020,158541,0,                       0,158539,158539,0,                       0,158541
34021,158542,0,                       0,158538,158538,0,                       0,158542
34022,158541,0,                       0,158539,158539,0,                       0,158541
34023,158540,0,                       0,158540,158540,0,                       0,158540
34024,158541,0,                       0,158539,158539,0,                       0,158541
34025,158542,0,                       0,158538,158538,0,                       0,158542
34026,158541,0,                       0,158539,158539,0,                       0,158541
34027,158540,0,                       0,158540,158540,0,                       0,158540
34028,158539,0,                       0,158541,158541,0,                       0,158539
34029,158540,0,                       0,158540,158540,0,                       0,158540
34030,158541,0,                       0,158539,158539,0,                       0,158541
34031,158540,0,                       0,158540,158540,0,                       0,158540
34032,158539,0,                       0,158541,158541,0,                       0,158539
34033,158540,0,                       0,158540,158540,0,                       0,158540
34034,158541,0,                       0,158539,158539,0,                       0,158541
34035,158540,0,                       0,158540,158540,0,                       0,158540
34036,158541,0,                       0,158539,158539,0,                       0,158541
34037,158542,0,                       0,158538,158538,0,                       0,158542
34038,158541,0,                       0,158539,158539,0,                       0,158541
34039,158540,0,                       0,158540,158540,0,                       0,158540
34040,158541,0,                       0,158539,158539,0,                       0,158541
34041,158540,0,                       0,158540,158540,0,                       0,158540
34042,158539,0,                       0,158541,158541,0,                       0,158539
34043,158538,0,                       0,158542,158542,0,                       0,158538
34044,158539,0,                       0,158541,158541,0,                       0,158539
34045,158540,0,                       0,158540,158540,0,                       0,158540
34046,158541,0,                       0,158539,158539,0,                       0,158541
34047,158542,0,                       0,158538,158538,0,                       0,158542
34048,158543,0,                       0,158537,158537,0,                       0,158543
34049,158542,0,                       0,158538,158538,0,                       0,158542
34050,158541,0,                       0,158539,158539,0,                       0,158541
34051,158540,0,                       0,158540,158540,0,                       0,158540
34052,158539,0,                       0,158541,158541,0,                       0,158539
34053,158538,0,                       0,158542,158542,0,                       0,158538
34054,158539,0,                       0,158541,158541,0,                       0,158539
34055,158540,0,                       0,158540,158540,0,                       0,158540
34056,158539,0,                       0,158541,158541,0,                       0,158539
34057,158540,0,                       0,158540,158540,0,                       0,158540
34058,158541,0,                       0,158539,158539,0,                       0,158541
34059,158540,0,                       0,158540,158540,0,                       0,158540
34060,158541,0,                       0,158539,158539,0,                       0,158541
34061,158542,0,                       0,158538,158538,0,                       0,158542
34062,158541,0,                       0,158539,158539,0,                       0,158541
34063,158542,0,                       0,158538,158538,0,                       0,158542
34064,158541,0,                       0,158539,158539,0,                       0,158541
34065,158540,0,                       0,158540,158540,0,                       0,158540
34066,158541,0,                       0,158539,158539,0,                       0,158541
34067,158542,0,                       0,158538,158538,0,                       0,158542
34068,158541,0,                       0,158539,158539,0,                       0,158541
34069,158540,0,                       0,158540,158540,0,                       0,158540
34070,158539,0,                       0,158541,158541,0,                       0,158539
34071,158538,0,                       0,158542,158542,0,                       0,158538
34072,158539,0,                       0,158541,158541,0,                       0,158539
34073,158540,0,                       0,158540,158540,0,                       0,158540
34074,158541,0,                       0,158539,158539,0,                       0,158541
34075,158540,0,                       0,158540,158540,0,                       0,158540
34076,158539,0,                       0,158541,158541,0,                       0,158539
34077,158540,0,                       0,158540,158540,0,                       0,158540
34078,158541,0,                       0,158539,158539,0,                       0,158541
34079,158540,0,                       0,158540,158540,0,                       0,158540
34080,158539,0,                       0,158541,158541,0,                       0,158539
34081,158538,0,                       0,158542,158542,0,                       0,158538
34082,158539,0,                       0,158541,158541,0,                       0,158539
34083,158540,0,                       0,158540,158540,0,                       0,158540
34084,158541,0,                       0,158539,158539,0,                       0,158541
34085,158540,0,                       0,158540,158540,0,                       0,158540
34086,158541,0,                       0,158539,158539,0,                       0,158541
34087,158542,0,                       0,158538,158538,0,                       0,158542
34088,158541,0,                       0,158539,158539,0,                       0,158541
34089,158540,0,                       0,158540,158540,0,                       0,158540
34090,158539,0,                       0,158541,158541,0,                       0,158539
34091,158540,0,                       0,158540,158540,0,                       0,158540
34092,158541,0,                       0,158539,158539,0,                       0,158541
34093,158542,0,                       0,158538,158538,0,                       0,158542
34094,158541,0,                       0,158539,158539,0,                       0,158541
34095,158540,0,                       0,158540,158540,0,                       0,158540
34096,158539,0,                       0,158541,158541,0,                       0,158539
34097,158538,0,                       0,158542,158542,0,                       0,158538
34098,158539,0,                       0,158541,158541,0,                       0,158539
34099,158538,0,                       0,158542,158542,0,                       0,158538
34100,158539,0,                       0,158541,158541,0,                       0,158539
34101,158540,0,                       0,158540,158540,0,                       0,158540
34102,158541,0,                       0,158539,158539,0,                       0,158541
34103,158540,0,                       0,158540,158540,0,                       0,158540
34104,158539,0,                       0,158541,158541,0,                       0,158539
34105,158540,0,                       0,158540,158540,0,                       0,158540
34106,158539,0,                       0,158541,158541,0,                       0,158539
34107,158540,0,                       0,158540,158540,0,                       0,158540
34108,158541,0,                       0,158539,158539,0,                       0,158541
34109,158540,0,                       0,158540,158540,0,                       0,158540
34110,158539,0,                       0,158541,158541,0,                       0,158539
34111,158540,0,                       0,158540,158540,0,                       0,158540
34112,158539,0,                       0,158541,158541,0,                       0,158539
34113,158540,0,                       0,158540,158540,0,                       0,158540
34114,158539,0,                       0,158541,158541,0,                       0,158539
34115,158538,0,                       0,158542,158542,0,                       0,158538
34116,158539,0,                       0,158541,158541,0,                       0,158539
34117,158538,0,                       0,158542,158542,0,                       0,158538
34118,158539,0,                       0,158541,158541,0,                       0,158539
34119,158540,0,                       0,158540,158540,0,                       0,158540
34120,158541,0,                       0,158539,158539,0,                       0,158541
34121,158540,0,                       0,158540,158540,0,                       0,158540
34122,158539,0,                       0,158541,158541,0,                       0,158539
34123,158538,0,                       0,158542,158542,0,                       0,158538
34124,158539,0,                       0,158541,158541,0,                       0,158539
34125,158540,0,                       0,158540,158540,0,                       0,158540
34126,158539,0,                       0,158541,158541,0,                       0,158539
34127,158540,0,                       0,158540,158540,0,                       0,158540
34128,158541,0,                       0,158539,158539,0,                       0,158541
34129,158542,0,                       0,158538,158538,0,                       0,158542
34130,158541,0,                       0,158539,158539,0,                       0,158541
34131,158540,0,                       0,158540,158540,0,                       0,158540
34132,158541,0,                       0,158539,158539,0,                       0,158541
34133,158540,0,                       0,158540,158540,0,                       0,158540
34134,158539,0,                       0,158541,158541,0,                       0,158539
34135,158540,0,                       0,158540,158540,0,                       0,158540
34136,158539,0,                       0,158541,158541,0,                       0,158539
34137,158538,0,                       0,158542,158542,0,                       0,158538
34138,158539,0,                       0,158541,158541,0,                       0,158539
34139,158538,0,                       0,158542,158542,0,                       0,158538
34140,158539,0,                       0,158541,158541,0,                       0,158539
34141,158538,0,                       0,158542,158542,0,                       0,158538
34142,158537,0,                       0,158543,158543,0,                       0,158537
34143,158538,0,                       0,158542,158542,0,                       0,158538
34144,158539,0,                       0,158541,158541,0,                       0,158539
34145,158540,0,                       0,158540,158540,0,                       0,158540
34146,158539,0,                       0,158541,158541,0,                       0,158539
34147,158540,0,                       0,158540,158540,0,                       0,158540
34148,158539,0,                       0,158541,158541,0,                       0,158539
34149,158538,0,                       0,158542,158542,0,                       0,158538
34150,158539,0,                       0,158541,158541,0,                       0,158539
34151,158540,0,                       0,158540,158540,0,                       0,158540
34152,158541,0,                       0,158539,158539,0,                       0,158541
34153,158540,0,                       0,158540,158540,0,                       0,158540
34154,158539,0,                       0,158541,158541,0,                       0,158539
34155,158540,0,                       0,158540,158540,0,                       0,158540
34156,158541,0,                       0,158539,158539,0,                       0,158541
34157,158542,0,                       0,158538,158538,0,                       0,158542
34158,158541,0,                       0,158539,158539,0,                       0,158541
34159,158542,0,                       0,158538,158538,0,                       0,158542
34160,158541,0,                       0,158539,158539,0,                       0,158541
34161,158540,0,                       0,158540,158540,0,                       0,158540
34162,158539,0,                       0,158541,158541,0,                       0,158539
34163,158538,0,                       0,158542,158542,0,                       0,158538
34164,158539,0,                       0,158541,158541,0,                       0,158539
34165,158540,0,                       0,158540,158540,0,                       0,158540
34166,158539,0,                       0,158541,158541,0,                       0,158539
34167,158540,0,                       0,158540,158540,0,                       0,158540
34168,158541,0,                       0,158539,158539,0,                       0,158541
34169,158540,0,                       0,158540,158540,0,                       0,158540
34170,158539,0,                       0,158541,158541,0,                       0,158539
34171,158540,0,                       0,158540,158540,0,                       0,158540
34172,158539,0,                       0,158541,158541,0,                       0,158539
34173,158540,0,                       0,158540,158540,0,                       0,158540
34174,158539,0,                       0,158541,158541,0,                       0,158539
34175,158540,0,                       0,158540,158540,0,                       0,158540
34176,158541,0,                       0,158539,158539,0,                       0,158541
34177,158542,0,                       0,158538,158538,0,                       0,158542
34178,158543,0,                       0,158537,158537,0,                       0,158543
34179,158542,0,                       0,158538,158538,0,                       0,158542
34180,158541,0,                       0,158539,158539,0,                       0,158541
34181,158540,0,                       0,158540,158540,0,                       0,158540
34182,158541,0,                       0,158539,158539,0,                       0,158541
34183,158542,0,                       0,158538,158538,0,                       0,158542
34184,158541,0,                       0,158539,158539,0,                       0,158541
34185,158540,0,                       0,158540,158540,0,                       0,158540
34186,158541,0,                       0,158539,158539,0,                       0,158541
34187,158542,0,                       0,158538,158538,0,                       0,158542
34188,158541,0,                       0,158539,158539,0,                       0,158541
34189,158540,0,                       0,158540,158540,0,                       0,158540
34190,158541,0,                       0,158539,158539,0,                       0,158541
34191,158540,0,                       0,158540,158540,0,                       0,158540
34192,158541,0,                       0,158539,158539,0,                       0,158541
34193,158542,0,                       0,158538,158538,0,                       0,158542
34194,158541,0,                       0,158539,158539,0,                       0,158541
34195,158540,0,                       0,158540,158540,0,                       0,158540
34196,158539,0,                       0,158541,158541,0,                       0,158539
34197,158540,0,                       0,158540,158540,0,                       0,158540
34198,158541,0,                       0,158539,158539,0,                       0,158541
34199,158542,0,                       0,158538,158538,0,                       0,158542
34200,158541,0,                       0,158539,158539,0,                       0,158541
34201,158540,0,                       0,158540,158540,0,                       0,158540
34202,158541,0,                       0,158539,158539,0,                       0,158541
34203,158540,0,                       0,158540,158540,0,                       0,158540
34204,158539,0,                       0,158541,158541,0,                       0,158539
34205,158538,0,                       0,158542,158542,0,                       0,158538
34206,158537,0,                       0,158543,158543,0,                       0,158537
34207,158538,0,                       0,158542,158542,0,                       0,158538
34208,158539,0,                       0,158541,158541,0,                       0,158539
34209,158540,0,                       0,158540,158540,0,                       0,158540
34210,158539,0,                       0,158541,158541,0,                       0,158539
34211,158540,0,                       0,158540,158540,0,                       0,158540
34212,158541,0,                       0,158539,158539,0,                       0,158541
34213,158542,0,                       0,158538,158538,0,                       0,158542
34214,158541,0,                       0,158539,158539,0,                       0,158541
34215,158540,0,                       0,158540,158540,0,                       0,158540
34216,158541,0,                       0,158539,158539,0,                       0,158541
34217,158540,0,                       0,158540,158540,0,                       0,158540
34218,158539,0,                       0,158541,158541,0,                       0,158539
34219,158540,0,                       0,158540,158540,0,                       0,158540
34220,158541,0,                       0,158539,158539,0,                       0,158541
34221,158540,0,                       0,158540,158540,0,                       0,158540
34222,158541,0,                       0,158539,158539,0,                       0,158541
34223,158542,0,                       0,158538,158538,0,                       0,158542
34224,158543,0,                       0,158537,158537,0,                       0,158543
34225,158544,0,                       0,158536,158536,0,                       0,158544
34226,158545,0,                       0,158535,158535,0,                       0,158545
34227,158546,0,                       0,158534,158534,0,                       0,158546
34228,158547,0,                       0,158533,158533,0,                       0,158547
34229,158546,0,                       0,158534,158534,0,                       0,158546
34230,158545,0,                       0,158535,158535,0,                       0,158545
34231,158544,0,                       0,158536,158536,0,                       0,158544
34232,158543,0,                       0,158537,158537,0,                       0,158543
34233,158542,0,                       0,158538,158538,0,                       0,158542
34234,158541,0,                       0,158539,158539,0,                       0,158541
34235,158540,0,                       0,158540,158540,0,                       0,158540
34236,158539,0,                       0,158541,158541,0,                       0,158539
34237,158540,0,                       0,158540,158540,0,                       0,158540
34238,158539,0,                       0,158541,158541,0,                       0,158539
34239,158538,0,                       0,158542,158542,0,                       0,158538
34240,158539,0,                       0,158541,158541,0,                       0,158539
34241,158540,0,                       0,158540,158540,0,                       0,158540
34242,158541,0,                       0,158539,158539,0,                       0,158541
34243,158542,0,                       0,158538,158538,0,                       0,158542
34244,158541,0,                       0,158539,158539,0,                       0,158541
34245,158540,0,                       0,158540,158540,0,                       0,158540
34246,158539,0,                       0,158541,158541,0,                       0,158539
34247,158538,0,                       0,158542,158542,0,                       0,158538
34248,158539,0,                       0,158541,158541,0,                       0,158539
34249,158538,0,                       0,158542,158542,0,                       0,158538
34250,158539,0,                       0,158541,158541,0,                       0,158539
34251,158540,0,                       0,158540,158540,0,                       0,158540
34252,158539,0,                       0,158541,158541,0,                       0,158539
34253,158540,0,                       0,158540,158540,0,                       0,158540
34254,158541,0,                       0,158539,158539,0,                       0,158541
34255,158542,0,                       0,158538,158538,0,                       0,158542
34256,158541,0,                       0,158539,158539,0,                       0,158541
34257,158540,0,                       0,158540,158540,0,                       0,158540
34258,158539,0,                       0,158541,158541,0,                       0,158539
34259,158540,0,                       0,158540,158540,0,                       0,158540
34260,158541,0,                       0,158539,158539,0,                       0,158541
34261,158540,0,                       0,158540,158540,0,                       0,158540
34262,158539,0,                       0,158541,158541,0,                       0,158539
34263,158540,0,                       0,158540,158540,0,                       0,158540
34264,158539,0,                       0,158541,158541,0,                       0,158539
34265,158540,0,                       0,158540,158540,0,                       0,158540
34266,158541,0,                       0,158539,158539,0,                       0,158541
34267,158540,0,                       0,158540,158540,0,                       0,158540
34268,158541,0,                       0,158539,158539,0,                       0,158541
34269,158542,0,                       0,158538,158538,0,                       0,158542
34270,158541,0,                       0,158539,158539,0,                       0,158541
34271,158540,0,                       0,158540,158540,0,                       0,158540
34272,158541,0,                       0,158539,158539,0,                       0,158541
34273,158540,0,                       0,158540,158540,0,                       0,158540
34274,158539,0,                       0,158541,158541,0,                       0,158539
34275,158538,0,                       0,158542,158542,0,                       0,158538
34276,158539,0,                       0,158541,158541,0,                       0,158539
34277,158540,0,                       0,158540,158540,0,                       0,158540
34278,158541,0,                       0,158539,158539,0,                       0,158541
34279,158540,0,                       0,158540,158540,0,                       0,158540
34280,158541,0,                       0,158539,158539,0,                       0,158541
34281,158542,0,                       0,158538,158538,0,                       0,158542
34282,158541,0,                       0,158539,158539,0,                       0,158541
34283,158542,0,                       0,158538,158538,0,                       0,158542
34284,158541,0,                       0,158539,158539,0,                       0,158541
34285,158542,0,                       0,158538,158538,0,                       0,158542
34286,158541,0,                       0,158539,158539,0,                       0,158541
34287,158540,0,                       0,158540,158540,0,                       0,158540
34288,158541,0,                       0,158539,158539,0,                       0,158541
34289,158540,0,                       0,158540,158540,0,                       0,158540
34290,158541,0,                       0,158539,158539,0,                       0,158541
34291,158542,0,                       0,158538,158538,0,                       0,158542
34292,158541,0,                       0,158539,158539,0,                       0,158541
34293,158542,0,                       0,158538,158538,0,                       0,158542
34294,158543,0,                       0,158537,158537,0,                       0,158543
34295,158542,0,                       0,158538,158538,0,                       0,158542
34296,158541,0,                       0,158539,158539,0,                       0,158541
34297,158542,0,                       0,158538,158538,0,                       0,158542
34298,158541,0,                       0,158539,158539,0,                       0,158541
34299,158540,0,                       0,158540,158540,0,                       0,158540
34300,158539,0,                       0,158541,158541,0,                       0,158539
34301,158538,0,                       0,158542,158542,0,                       0,158538
34302,158539,0,                       0,158541,158541,0,                       0,158539
34303,158538,0,                       0,158542,158542,0,                       0,158538
34304,158539,0,                       0,158541,158541,0,                       0,158539
34305,158538,0,                       0,158542,158542,0,                       0,158538
34306,158539,0,                       0,158541,158541,0,                       0,158539
34307,158538,0,                       0,158542,158542,0,                       0,158538
34308,158539,0,                       0,158541,158541,0,                       0,158539
34309,158540,0,                       0,158540,158540,0,                       0,158540
34310,158541,0,                       0,158539,158539,0,                       0,158541
34311,158540,0,                       0,158540,158540,0,                       0,158540
34312,158539,0,                       0,158541,158541,0,                       0,158539
34313,158540,0,                       0,158540,158540,0,                       0,158540
34314,158541,0,                       0,158539,158539,0,                       0,158541
34315,158542,0,                       0,158538,158538,0,                       0,158542
34316,158541,0,                       0,158539,158539,0,                       0,158541
34317,158540,0,                       0,158540,158540,0,                       0,158540
34318,158541,0,                       0,158539,158539,0,                       0,158541
34319,158540,0,                       0,158540,158540,0,                       0,158540
34320,158539,0,                       0,158541,158541,0,                       0,158539
34321,158538,0,                       0,158542,158542,0,                       0,158538
34322,158537,0,                       0,158543,158543,0,                       0,158537
34323,158536,0,                       0,158544,158544,0,                       0,158536
34324,158535,0,                       0,158545,158545,0,                       0,158535
34325,158534,0,                       0,158546,158546,0,                       0,158534
34326,158535,0,                       0,158545,158545,0,                       0,158535
34327,158534,0,                       0,158546,158546,0,                       0,158534
34328,158533,0,                       0,158547,158547,0,                       0,158533
34329,158532,0,                       0,158548,158548,0,                       0,158532
34330,158531,0,                       0,158549,158549,0,                       0,158531
34331,158530,0,                       0,158550,158550,0,                       0,158530
34332,158531,0,                       0,158549,158549,0,                       0,158531
34333,158532,0,                       0,158548,158548,0,                       0,158532
34334,158533,0,                       0,158547,158547,0,                       0,158533
34335,158534,0,                       0,158546,158546,0,                       0,158534
34336,158535,0,                       0,158545,158545,0,                       0,158535
34337,158536,0,                       0,158544,158544,0,                       0,158536
34338,158537,0,                       0,158543,158543,0,                       0,158537
34339,158538,0,                       0,158542,158542,0,                       0,158538
34340,158539,0,                       0,158541,158541,0,                       0,158539
34341,158540,0,                       0,158540,158540,0,                       0,158540
34342,158541,0,                       0,158539,158539,0,                       0,158541
34343,158540,0,                       0,158540,158540,0,                       0,158540
34344,158539,0,                       0,158541,158541,0,                       0,158539
34345,158540,0,                       0,158540,158540,0,                       0,158540
34346,158541,0,                       0,158539,158539,0,                       0,158541
34347,158542,0,                       0,158538,158538,0,                       0,158542
34348,158541,0,                       0,158539,158539,0,                       0,158541
34349,158540,0,                       0,158540,158540,0,                       0,158540
34350,158539,0,                       0,158541,158541,0,                       0,158539
34351,158540,0,                       0,158540,158540,0,                       0,158540
34352,158539,0,                       0,158541,158541,0,                       0,158539
34353,158538,0,                       0,158542,158542,0,                       0,158538
34354,158539,0,                       0,158541,158541,0,                       0,158539
34355,158538,0,                       0,158542,158542,0,                       0,158538
34356,158539,0,                       0,158541,158541,0,                       0,158539
34357,158540,0,                       0,158540,158540,0,                       0,158540
34358,158541,0,                       0,158539,158539,0,                       0,158541
34359,158540,0,                       0,158540,158540,0,                       0,158540
34360,158541,0,                       0,158539,158539,0,                       0,158541
34361,158540,0,                       0,158540,158540,0,                       0,158540
34362,158539,0,                       0,158541,158541,0,                       0,158539
34363,158538,0,                       0,158542,158542,0,                       0,158538
34364,158539,0,                       0,158541,158541,0,                       0,158539
34365,158538,0,                       0,158542,158542,0,                       0,158538
34366,158539,0,                       0,158541,158541,0,                       0,158539
34367,158540,0,                       0,158540,158540,0,                       0,158540
34368,158541,0,                       0,158539,158539,0,                       0,158541
34369,158540,0,                       0,158540,158540,0,                       0,158540
34370,158539,0,                       0,158541,158541,0,                       0,158539
34371,158538,0,                       0,158542,158542,0,                       0,158538
34372,158539,0,                       0,158541,158541,0,                       0,158539
34373,158538,0,                       0,158542,158542,0,                       0,158538
34374,158539,0,                       0,158541,158541,0,                       0,158539
34375,158540,0,                       0,158540,158540,0,                       0,158540
34376,158539,0,                       0,158541,158541,0,                       0,158539
34377,158538,0,                       0,158542,158542,0,                       0,158538
34378,158539,0,                       0,158541,158541,0,                       0,158539
34379,158540,0,                       0,158540,158540,0,                       0,158540
34380,158541,0,                       0,158539,158539,0,                       0,158541
34381,158540,0,                       0,158540,158540,0,                       0,158540
34382,158539,0,                       0,158541,158541,0,                       0,158539
34383,158540,0,                       0,158540,158540,0,                       0,158540
34384,158539,0,                       0,158541,158541,0,                       0,158539
34385,158538,0,                       0,158542,158542,0,                       0,158538
34386,158539,0,                       0,158541,158541,0,                       0,158539
34387,158538,0,                       0,158542,158542,0,                       0,158538
34388,158539,0,                       0,158541,158541,0,                       0,158539
34389,158540,0,                       0,158540,158540,0,                       0,158540
34390,158541,0,                       0,158539,158539,0,                       0,158541
34391,158542,0,                       0,158538,158538,0,                       0,158542
34392,158543,0,                       0,158537,158537,0,                       0,158543
34393,158542,0,                       0,158538,158538,0,                       0,158542
34394,158543,0,                       0,158537,158537,0,                       0,158543
34395,158542,0,                       0,158538,158538,0,                       0,158542
34396,158541,0,                       0,158539,158539,0,                       0,158541
34397,158540,0,                       0,158540,158540,0,                       0,158540
34398,158541,0,                       0,158539,158539,0,                       0,158541
34399,158540,0,                       0,158540,158540,0,                       0,158540
34400,158539,0,                       0,158541,158541,0,                       0,158539
34401,158540,0,                       0,158540,158540,0,                       0,158540
34402,158541,0,                       0,158539,158539,0,                       0,158541
34403,158542,0,                       0,158538,158538,0,                       0,158542
34404,158541,0,                       0,158539,158539,0,                       0,158541
34405,158540,0,                       0,158540,158540,0,                       0,158540
34406,158541,0,                       0,158539,158539,0,                       0,158541
34407,158540,0,                       0,158540,158540,0,                       0,158540
34408,158539,0,                       0,158541,158541,0,                       0,158539
34409,158540,0,                       0,158540,158540,0,                       0,158540
34410,158541,0,                       0,158539,158539,0,                       0,158541
34411,158540,0,                       0,158540,158540,0,                       0,158540
34412,158541,0,                       0,158539,158539,0,                       0,158541
34413,158540,0,                       0,158540,158540,0,                       0,158540
34414,158541,0,                       0,158539,158539,0,                       0,158541
34415,158542,0,                       0,158538,158538,0,                       0,158542
34416,158543,0,                       0,158537,158537,0,                       0,158543
34417,158542,0,                       0,158538,158538,0,                       0,158542
34418,158541,0,                       0,158539,158539,0,                       0,158541
34419,158542,0,                       0,158538,158538,0,                       0,158542
34420,158543,0,                       0,158537,158537,0,                       0,158543
34421,158542,0,                       0,158538,158538,0,                       0,158542
34422,158543,0,                       0,158537,158537,0,                       0,158543
34423,158542,0,                       0,158538,158538,0,                       0,158542
34424,158541,0,                       0,158539,158539,0,                       0,158541
34425,158542,0,                       0,158538,158538,0,                       0,158542
34426,158543,0,                       0,158537,158537,0,                       0,158543
34427,158542,0,                       0,158538,158538,0,                       0,158542
34428,158541,0,                       0,158539,158539,0,                       0,158541
34429,158542,0,                       0,158538,158538,0,                       0,158542
34430,158541,0,                       0,158539,158539,0,                       0,158541
34431,158542,0,                       0,158538,158538,0,                       0,158542
34432,158541,0,                       0,158539,158539,0,                       0,158541
34433,158540,0,                       0,158540,158540,0,                       0,158540
34434,158541,0,                       0,158539,158539,0,                       0,158541
34435,158540,0,                       0,158540,158540,0,                       0,158540
34436,158539,0,                       0,158541,158541,0,                       0,158539
34437,158540,0,                       0,158540,158540,0,                       0,158540
34438,158539,0,                       0,158541,158541,0,                       0,158539
34439,158540,0,                       0,158540,158540,0,                       0,158540
34440,158539,0,                       0,158541,158541,0,                       0,158539
34441,158540,0,                       0,158540,158540,0,                       0,158540
34442,158541,0,                       0,158539,158539,0,                       0,158541
34443,158542,0,                       0,158538,158538,0,                       0,158542
34444,158541,0,                       0,158539,158539,0,                       0,158541
34445,158540,0,                       0,158540,158540,0,                       0,158540
34446,158539,0,                       0,158541,158541,0,                       0,158539
34447,158540,0,                       0,158540,158540,0,                       0,158540
34448,158541,0,                       0,158539,158539,0,                       0,158541
34449,158540,0,                       0,158540,158540,0,                       0,158540
34450,158541,0,                       0,158539,158539,0,                       0,158541
34451,158542,0,                       0,158538,158538,0,                       0,158542
34452,158541,0,                       0,158539,158539,0,                       0,158541
34453,158542,0,                       0,158538,158538,0,                       0,158542
34454,158541,0,                       0,158539,158539,0,                       0,158541
34455,158540,0,                       0,158540,158540,0,                       0,158540
34456,158541,0,                       0,158539,158539,0,                       0,158541
34457,158540,0,                       0,158540,158540,0,                       0,158540
34458,158541,0,                       0,158539,158539,0,                       0,158541
34459,158540,0,                       0,158540,158540,0,                       0,158540
34460,158539,0,                       0,158541,158541,0,                       0,158539
34461,158540,0,                       0,158540,158540,0,                       0,158540
34462,158539,0,                       0,158541,158541,0,                       0,158539
34463,158538,0,                       0,158542,158542,0,                       0,158538
34464,158539,0,                       0,158541,158541,0,                       0,158539
34465,158540,0,                       0,158540,158540,0,                       0,158540
34466,158541,0,                       0,158539,158539,0,                       0,158541
34467,158540,0,                       0,158540,158540,0,                       0,158540
34468,158539,0,                       0,158541,158541,0,                       0,158539
34469,158538,0,                       0,158542,158542,0,                       0,158538
34470,158537,0,                       0,158543,158543,0,                       0,158537
34471,158538,0,                       0,158542,158542,0,                       0,158538
34472,158539,0,                       0,158541,158541,0,                       0,158539
34473,158538,0,                       0,158542,158542,0,                       0,158538
34474,158539,0,                       0,158541,158541,0,                       0,158539
34475,158540,0,                       0,158540,158540,0,                       0,158540
34476,158541,0,                       0,158539,158539,0,                       0,158541
34477,158542,0,                       0,158538,158538,0,                       0,158542
34478,158541,0,                       0,158539,158539,0,                       0,158541
34479,158542,0,                       0,158538,158538,0,                       0,158542
34480,158541,0,                       0,158539,158539,0,                       0,158541
34481,158540,0,                       0,158540,158540,0,                       0,158540
34482,158539,0,                       0,158541,158541,0,                       0,158539
34483,158540,0,                       0,158540,158540,0,                       0,158540
34484,158539,0,                       0,158541,158541,0,                       0,158539
34485,158538,0,                       0,158542,158542,0,                       0,158538
34486,158537,0,                       0,158543,158543,0,                       0,158537
34487,158538,0,                       0,158542,158542,0,                       0,158538
34488,158539,0,                       0,158541,158541,0,                       0,158539
34489,158540,0,                       0,158540,158540,0,                       0,158540
34490,158541,0,                       0,158539,158539,0,                       0,158541
34491,158540,0,                       0,158540,158540,0,                       0,158540
34492,158541,0,                       0,158539,158539,0,                       0,158541
34493,158540,0,                       0,158540,158540,0,                       0,158540
34494,158539,0,                       0,158541,158541,0,                       0,158539
34495,158538,0,                       0,158542,158542,0,                       0,158538
34496,158539,0,                       0,158541,158541,0,                       0,158539
34497,158540,0,                       0,158540,158540,0,                       0,158540
34498,158539,0,                       0,158541,158541,0,                       0,158539
34499,158538,0,                       0,158542,158542,0,                       0,158538
34500,158539,0,                       0,158541,158541,0,                       0,158539
34501,158538,0,                       0,158542,158542,0,                       0,158538
34502,158539,0,                       0,158541,158541,0,                       0,158539
34503,158540,0,                       0,158540,158540,0,                       0,158540
34504,158539,0,                       0,158541,158541,0,                       0,158539
34505,158540,0,                       0,158540,158540,0,                       0,158540
34506,158539,0,                       0,158541,158541,0,                       0,158539
34507,158540,0,                       0,158540,158540,0,                       0,158540
34508,158541,0,                       0,158539,158539,0,                       0,158541
34509,158540,0,                       0,158540,158540,0,                       0,158540
34510,158539,0,                       0,158541,158541,0,                       0,158539
34511,158538,0,                       0,158542,158542,0,                       0,158538
34512,158539,0,                       0,158541,158541,0,                       0,158539
34513,158540,0,                       0,158540,158540,0,                       0,158540
34514,158541,0,                       0,158539,158539,0,                       0,158541
34515,158540,0,                       0,158540,158540,0,                       0,158540
34516,158539,0,                       0,158541,158541,0,                       0,158539
34517,158538,0,                       0,158542,158542,0,                       0,158538
34518,158539,0,                       0,158541,158541,0,                       0,158539
34519,158540,0,                       0,158540,158540,0,                       0,158540
34520,158539,0,                       0,158541,158541,0,                       0,158539
34521,158540,0,                       0,158540,158540,0,                       0,158540
34522,158539,0,                       0,158541,158541,0,                       0,158539
34523,158540,0,                       0,158540,158540,0,                       0,158540
34524,158541,0,                       0,158539,158539,0,                       0,158541
34525,158542,0,                       0,158538,158538,0,                       0,158542
34526,158541,0,                       0,158539,158539,0,                       0,158541
34527,158540,0,                       0,158540,158540,0,                       0,158540
34528,158541,0,                       0,158539,158539,0,                       0,158541
34529,158542,0,                       0,158538,158538,0,                       0,158542
34530,158541,0,                       0,158539,158539,0,                       0,158541
34531,158540,0,                       0,158540,158540,0,                       0,158540
34532,158539,0,                       0,158541,158541,0,                       0,158539
34533,158540,0,                       0,158540,158540,0,                       0,158540
34534,158539,0,                       0,158541,158541,0,                       0,158539
34535,158540,0,                       0,158540,158540,0,                       0,158540
34536,158541,0,                       0,158539,158539,0,                       0,158541
34537,158542,0,                       0,158538,158538,0,                       0,158542
34538,158541,0,                       0,158539,158539,0,                       0,158541
34539,158542,0,                       0,158538,158538,0,                       0,158542
34540,158541,0,                       0,158539,158539,0,                       0,158541
34541,158542,0,                       0,158538,158538,0,                       0,158542
34542,158541,0,                       0,158539,158539,0,                       0,158541
34543,158542,0,                       0,158538,158538,0,                       0,158542
34544,158541,0,                       0,158539,158539,0,                       0,158541
34545,158540,0,                       0,158540,158540,0,                       0,158540
34546,158541,0,                       0,158539,158539,0,                       0,158541
34547,158542,0,                       0,158538,158538,0,                       0,158542
34548,158543,0,                       0,158537,158537,0,                       0,158543
34549,158542,0,                       0,158538,158538,0,                       0,158542
34550,158543,0,                       0,158537,158537,0,                       0,158543
34551,158544,0,                       0,158536,158536,0,                       0,158544
34552,158545,0,                       0,158535,158535,0,                       0,158545
34553,158544,0,                       0,158536,158536,0,                       0,158544
34554,158543,0,                       0,158537,158537,0,                       0,158543
34555,158542,0,                       0,158538,158538,0,                       0,158542
34556,158541,0,                       0,158539,158539,0,                       0,158541
34557,158540,0,                       0,158540,158540,0,                       0,158540
34558,158539,0,                       0,158541,158541,0,                       0,158539
34559,158538,0,                       0,158542,158542,0,                       0,158538
34560,158539,0,                       0,158541,158541,0,                       0,158539
34561,158538,0,                       0,158542,158542,0,                       0,158538
34562,158539,0,                       0,158541,158541,0,                       0,158539
34563,158540,0,                       0,158540,158540,0,                       0,158540
34564,158539,0,                       0,158541,158541,0,                       0,158539
34565,158540,0,                       0,158540,158540,0,                       0,158540
34566,158541,0,                       0,158539,158539,0,                       0,158541
34567,158540,0,                       0,158540,158540,0,                       0,158540
34568,158539,0,                       0,158541,158541,0,                       0,158539
34569,158538,0,                       0,158542,158542,0,                       0,158538
34570,158539,0,                       0,158541,158541,0,                       0,158539
34571,158540,0,                       0,158540,158540,0,                       0,158540
34572,158541,0,                       0,158539,158539,0,                       0,158541
34573,158542,0,                       0,158538,158538,0,                       0,158542
34574,158541,0,                       0,158539,158539,0,                       0,158541
34575,158542,0,                       0,158538,158538,0,                       0,158542
34576,158541,0,                       0,158539,158539,0,                       0,158541
34577,158540,0,                       0,158540,158540,0,                       0,158540
34578,158541,0,                       0,158539,158539,0,                       0,158541
34579,158540,0,                       0,158540,158540,0,                       0,158540
34580,158539,0,                       0,158541,158541,0,                       0,158539
34581,158540,0,                       0,158540,158540,0,                       0,158540
34582,158541,0,                       0,158539,158539,0,                       0,158541
34583,158542,0,                       0,158538,158538,0,                       0,158542
34584,158541,0,                       0,158539,158539,0,                       0,158541
34585,158542,0,                       0,158538,158538,0,                       0,158542
34586,158541,0,                       0,158539,158539,0,                       0,158541
34587,158540,0,                       0,158540,158540,0,                       0,158540
34588,158539,0,                       0,158541,158541,0,                       0,158539
34589,158540,0,                       0,158540,158540,0,                       0,158540
34590,158539,0,                       0,158541,158541,0,                       0,158539
34591,158540,0,                       0,158540,158540,0,                       0,158540
34592,158539,0,                       0,158541,158541,0,                       0,158539
34593,158540,0,                       0,158540,158540,0,                       0,158540
34594,158539,0,                       0,158541,158541,0,                       0,158539
34595,158540,0,                       0,158540,158540,0,                       0,158540
34596,158541,0,                       0,158539,158539,0,                       0,158541
34597,158540,0,                       0,158540,158540,0,                       0,158540
34598,158541,0,                       0,158539,158539,0,                       0,158541
34599,158542,0,                       0,158538,158538,0,                       0,158542
34600,158541,0,                       0,158539,158539,0,                       0,158541
34601,158540,0,                       0,158540,158540,0,                       0,158540
34602,158539,0,                       0,158541,158541,0,                       0,158539
34603,158538,0,                       0,158542,158542,0,                       0,158538
34604,158539,0,                       0,158541,158541,0,                       0,158539
34605,158540,0,                       0,158540,158540,0,                       0,158540
34606,158539,0,                       0,158541,158541,0,                       0,158539
34607,158540,0,                       0,158540,158540,0,                       0,158540
34608,158541,0,                       0,158539,158539,0,                       0,158541
34609,158542,0,                       0,158538,158538,0,                       0,158542
34610,158541,0,                       0,158539,158539,0,                       0,158541
34611,158540,0,                       0,158540,158540,0,                       0,158540
34612,158541,0,                       0,158539,158539,0,                       0,158541
34613,158542,0,                       0,158538,158538,0,                       0,158542
34614,158543,0,                       0,158537,158537,0,                       0,158543
34615,158544,0,                       0,158536,158536,0,                       0,158544
34616,158543,0,                       0,158537,158537,0,                       0,158543
34617,158542,0,                       0,158538,158538,0,                       0,158542
34618,158541,0,                       0,158539,158539,0,                       0,158541
34619,158542,0,                       0,158538,158538,0,                       0,158542
34620,158541,0,                       0,158539,158539,0,                       0,158541
34621,158540,0,                       0,158540,158540,0,                       0,158540
34622,158539,0,                       0,158541,158541,0,                       0,158539
34623,158540,0,                       0,158540,158540,0,                       0,158540
34624,158541,0,                       0,158539,158539,0,                       0,158541
34625,158540,0,                       0,158540,158540,0,                       0,158540
34626,158539,0,                       0,158541,158541,0,                       0,158539
34627,158540,0,                       0,158540,158540,0,                       0,158540
34628,158539,0,                       0,158541,158541,0,                       0,158539
34629,158540,0,                       0,158540,158540,0,                       0,158540
34630,158539,0,                       0,158541,158541,0,                       0,158539
34631,158538,0,                       0,158542,158542,0,                       0,158538
34632,158539,0,                       0,158541,158541,0,                       0,158539
34633,158540,0,                       0,158540,158540,0,                       0,158540
34634,158541,0,                       0,158539,158539,0,                       0,158541
34635,158540,0,                       0,158540,158540,0,                       0,158540
34636,158539,0,                       0,158541,158541,0,                       0,158539
34637,158540,0,                       0,158540,158540,0,                       0,158540
34638,158541,0,                       0,158539,158539,0,                       0,158541
34639,158540,0,                       0,158540,158540,0,                       0,158540
34640,158541,0,                       0,158539,158539,0,                       0,158541
34641,158540,0,                       0,158540,158540,0,                       0,158540
34642,158539,0,                       0,158541,158541,0,                       0,158539
34643,158540,0,                       0,158540,158540,0,                       0,158540
34644,158541,0,                       0,158539,158539,0,                       0,158541
34645,158540,0,                       0,158540,158540,0,                       0,158540
34646,158541,0,                       0,158539,158539,0,                       0,158541
34647,158540,0,                       0,158540,158540,0,                       0,158540
34648,158539,0,                       0,158541,158541,0,                       0,158539
34649,158540,0,                       0,158540,158540,0,                       0,158540
34650,158541,0,                       0,158539,158539,0,                       0,158541
34651,158540,0,                       0,158540,158540,0,                       0,158540
34652,158541,0,                       0,158539,158539,0,                       0,158541
34653,158540,0,                       0,158540,158540,0,                       0,158540
34654,158539,0,                       0,158541,158541,0,                       0,158539
34655,158538,0,                       0,158542,158542,0,                       0,158538
34656,158539,0,                       0,158541,158541,0,                       0,158539
34657,158540,0,                       0,158540,158540,0,                       0,158540
34658,158541,0,                       0,158539,158539,0,                       0,158541
34659,158542,0,                       0,158538,158538,0,                       0,158542
34660,158541,0,                       0,158539,158539,0,                       0,158541
34661,158540,0,                       0,158540,158540,0,                       0,158540
34662,158539,0,                       0,158541,158541,0,                       0,158539
34663,158540,0,                       0,158540,158540,0,                       0,158540
34664,158541,0,                       0,158539,158539,0,                       0,158541
34665,158540,0,                       0,158540,158540,0,                       0,158540
34666,158539,0,                       0,158541,158541,0,                       0,158539
34667,158540,0,                       0,158540,158540,0,                       0,158540
34668,158539,0,                       0,158541,158541,0,                       0,158539
34669,158540,0,                       0,158540,158540,0,                       0,158540
34670,158539,0,                       0,158541,158541,0,                       0,158539
34671,158540,0,                       0,158540,158540,0,                       0,158540
34672,158541,0,                       0,158539,158539,0,                       0,158541
34673,158542,0,                       0,158538,158538,0,                       0,158542
34674,158541,0,                       0,158539,158539,0,                       0,158541
34675,158540,0,                       0,158540,158540,0,                       0,158540
34676,158539,0,                       0,158541,158541,0,                       0,158539
34677,158540,0,                       0,158540,158540,0,                       0,158540
34678,158539,0,                       0,158541,158541,0,                       0,158539
34679,158540,0,                       0,158540,158540,0,                       0,158540
34680,158539,0,                       0,158541,158541,0,                       0,158539
34681,158538,0,                       0,158542,158542,0,                       0,158538
34682,158537,0,                       0,158543,158543,0,                       0,158537
34683,158536,0,                       0,158544,158544,0,                       0,158536
34684,158535,0,                       0,158545,158545,0,                       0,158535
34685,158536,0,                       0,158544,158544,0,                       0,158536
34686,158537,0,                       0,158543,158543,0,                       0,158537
34687,158538,0,                       0,158542,158542,0,                       0,158538
34688,158539,0,                       0,158541,158541,0,                       0,158539
34689,158540,0,                       0,158540,158540,0,                       0,158540
34690,158541,0,                       0,158539,158539,0,                       0,158541
34691,158540,0,                       0,158540,158540,0,                       0,158540
34692,158541,0,                       0,158539,158539,0,                       0,158541
34693,158540,0,                       0,158540,158540,0,                       0,158540
34694,158539,0,                       0,158541,158541,0,                       0,158539
34695,158538,0,                       0,158542,158542,0,                       0,158538
34696,158539,0,                       0,158541,158541,0,                       0,158539
34697,158540,0,                       0,158540,158540,0,                       0,158540
34698,158541,0,                       0,158539,158539,0,                       0,158541
34699,158542,0,                       0,158538,158538,0,                       0,158542
34700,158541,0,                       0,158539,158539,0,                       0,158541
34701,158540,0,                       0,158540,158540,0,                       0,158540
34702,158541,0,                       0,158539,158539,0,                       0,158541
34703,158540,0,                       0,158540,158540,0,                       0,158540
34704,158539,0,                       0,158541,158541,0,                       0,158539
34705,158540,0,                       0,158540,158540,0,                       0,158540
34706,158541,0,                       0,158539,158539,0,                       0,158541
34707,158542,0,                       0,158538,158538,0,                       0,158542
34708,158541,0,                       0,158539,158539,0,                       0,158541
34709,158540,0,                       0,158540,158540,0,                       0,158540
34710,158539,0,                       0,158541,158541,0,                       0,158539
34711,158540,0,                       0,158540,158540,0,                       0,158540
34712,158539,0,                       0,158541,158541,0,                       0,158539
34713,158540,0,                       0,158540,158540,0,                       0,158540
34714,158539,0,                       0,158541,158541,0,                       0,158539
34715,158538,0,                       0,158542,158542,0,                       0,158538
34716,158539,0,                       0,158541,158541,0,                       0,158539
34717,158540,0,                       0,158540,158540,0,                       0,158540
34718,158541,0,                       0,158539,158539,0,                       0,158541
34719,158540,0,                       0,158540,158540,0,                       0,158540
34720,158541,0,                       0,158539,158539,0,                       0,158541
34721,158540,0,                       0,158540,158540,0,                       0,158540
34722,158539,0,                       0,158541,158541,0,                       0,158539
34723,158540,0,                       0,158540,158540,0,                       0,158540
34724,158539,0,                       0,158541,158541,0,                       0,158539
34725,158538,0,                       0,158542,158542,0,                       0,158538
34726,158539,0,                       0,158541,158541,0,                       0,158539
34727,158538,0,                       0,158542,158542,0,                       0,158538
34728,158539,0,                       0,158541,158541,0,                       0,158539
34729,158540,0,                       0,158540,158540,0,                       0,158540
34730,158541,0,                       0,158539,158539,0,                       0,158541
34731,158540,0,                       0,158540,158540,0,                       0,158540
34732,158541,0,                       0,158539,158539,0,                       0,158541
34733,158540,0,                       0,158540,158540,0,                       0,158540
34734,158541,0,                       0,158539,158539,0,                       0,158541
34735,158540,0,                       0,158540,158540,0,                       0,158540
34736,158539,0,                       0,158541,158541,0,                       0,158539
34737,158540,0,                       0,158540,158540,0,                       0,158540
34738,158541,0,                       0,158539,158539,0,                       0,158541
34739,158542,0,                       0,158538,158538,0,                       0,158542
34740,158541,0,                       0,158539,158539,0,                       0,158541
34741,158540,0,                       0,158540,158540,0,                       0,158540
34742,158539,0,                       0,158541,158541,0,                       0,158539
34743,158540,0,                       0,158540,158540,0,                       0,158540
34744,158539,0,                       0,158541,158541,0,                       0,158539
34745,158538,0,                       0,158542,158542,0,                       0,158538
34746,158539,0,                       0,158541,158541,0,                       0,158539
34747,158540,0,                       0,158540,158540,0,                       0,158540
34748,158541,0,                       0,158539,158539,0,                       0,158541
34749,158540,0,                       0,158540,158540,0,                       0,158540
34750,158541,0,                       0,158539,158539,0,                       0,158541
34751,158540,0,                       0,158540,158540,0,                       0,158540
34752,158539,0,                       0,158541,158541,0,                       0,158539
34753,158538,0,                       0,158542,158542,0,                       0,158538
34754,158539,0,                       0,158541,158541,0,                       0,158539
34755,158538,0,                       0,158542,158542,0,                       0,158538
34756,158537,0,                       0,158543,158543,0,                       0,158537
34757,158538,0,                       0,158542,158542,0,                       0,158538
34758,158539,0,                       0,158541,158541,0,                       0,158539
34759,158540,0,                       0,158540,158540,0,                       0,158540
34760,158541,0,                       0,158539,158539,0,                       0,158541
34761,158540,0,                       0,158540,158540,0,                       0,158540
34762,158539,0,                       0,158541,158541,0,                       0,158539
34763,158538,0,                       0,158542,158542,0,                       0,158538
34764,158539,0,                       0,158541,158541,0,                       0,158539
34765,158538,0,                       0,158542,158542,0,                       0,158538
34766,158539,0,                       0,158541,158541,0,                       0,158539
34767,158540,0,                       0,158540,158540,0,                       0,158540
34768,158541,0,                       0,158539,158539,0,                       0,158541
34769,158542,0,                       0,158538,158538,0,                       0,158542
34770,158543,0,                       0,158537,158537,0,                       0,158543
34771,158544,0,                       0,158536,158536,0,                       0,158544
34772,158545,0,                       0,158535,158535,0,                       0,158545
34773,158544,0,                       0,158536,158536,0,                       0,158544
34774,158545,0,                       0,158535,158535,0,                       0,158545
34775,158544,0,                       0,158536,158536,0,                       0,158544
34776,158543,0,                       0,158537,158537,0,                       0,158543
34777,158542,0,                       0,158538,158538,0,                       0,158542
34778,158541,0,                       0,158539,158539,0,                       0,158541
34779,158540,0,                       0,158540,158540,0,                       0,158540
34780,158539,0,                       0,158541,158541,0,                       0,158539
34781,158538,0,                       0,158542,158542,0,                       0,158538
34782,158539,0,                       0,158541,158541,0,                       0,158539
34783,158540,0,                       0,158540,158540,0,                       0,158540
34784,158539,0,                       0,158541,158541,0,                       0,158539
34785,158540,0,                       0,158540,158540,0,                       0,158540
34786,158541,0,                       0,158539,158539,0,                       0,158541
34787,158540,0,                       0,158540,158540,0,                       0,158540
34788,158541,0,                       0,158539,158539,0,                       0,158541
34789,158540,0,                       0,158540,158540,0,                       0,158540
34790,158539,0,                       0,158541,158541,0,                       0,158539
34791,158540,0,                       0,158540,158540,0,                       0,158540
34792,158541,0,                       0,158539,158539,0,                       0,158541
34793,158542,0,                       0,158538,158538,0,                       0,158542
34794,158541,0,                       0,158539,158539,0,                       0,158541
34795,158540,0,                       0,158540,158540,0,                       0,158540
34796,158539,0,                       0,158541,158541,0,                       0,158539
34797,158538,0,                       0,158542,158542,0,                       0,158538
34798,158539,0,                       0,158541,158541,0,                       0,158539
34799,158540,0,                       0,158540,158540,0,                       0,158540
34800,158541,0,                       0,158539,158539,0,                       0,158541
34801,158542,0,                       0,158538,158538,0,                       0,158542
34802,158543,0,                       0,158537,158537,0,                       0,158543
34803,158542,0,                       0,158538,158538,0,                       0,158542
34804,158541,0,                       0,158539,158539,0,                       0,158541
34805,158540,0,                       0,158540,158540,0,                       0,158540
34806,158541,0,                       0,158539,158539,0,                       0,158541
34807,158540,0,                       0,158540,158540,0,                       0,158540
34808,158539,0,                       0,158541,158541,0,                       0,158539
34809,158540,0,                       0,158540,158540,0,                       0,158540
34810,158541,0,                       0,158539,158539,0,                       0,158541
34811,158540,0,                       0,158540,158540,0,                       0,158540
34812,158541,0,                       0,158539,158539,0,                       0,158541
34813,158542,0,                       0,158538,158538,0,                       0,158542
34814,158541,0,                       0,158539,158539,0,                       0,158541
34815,158540,0,                       0,158540,158540,0,                       0,158540
34816,158539,0,                       0,158541,158541,0,                       0,158539
34817,158540,0,                       0,158540,158540,0,                       0,158540
34818,158541,0,                       0,158539,158539,0,                       0,158541
34819,158540,0,                       0,158540,158540,0,                       0,158540
34820,158539,0,                       0,158541,158541,0,                       0,158539
34821,158538,0,                       0,158542,158542,0,                       0,158538
34822,158537,0,                       0,158543,158543,0,                       0,158537
34823,158538,0,                       0,158542,158542,0,                       0,158538
34824,158537,0,                       0,158543,158543,0,                       0,158537
34825,158538,0,                       0,158542,158542,0,                       0,158538
34826,158539,0,                       0,158541,158541,0,                       0,158539
34827,158540,0,                       0,158540,158540,0,                       0,158540
34828,158541,0,                       0,158539,158539,0,                       0,158541
34829,158540,0,                       0,158540,158540,0,                       0,158540
34830,158539,0,                       0,158541,158541,0,                       0,158539
34831,158540,0,                       0,158540,158540,0,                       0,158540
34832,158539,0,                       0,158541,158541,0,                       0,158539
34833,158538,0,                       0,158542,158542,0,                       0,158538
34834,158539,0,                       0,158541,158541,0,                       0,158539
34835,158538,0,                       0,158542,158542,0,                       0,158538
34836,158539,0,                       0,158541,158541,0,                       0,158539
34837,158540,0,                       0,158540,158540,0,                       0,158540
34838,158539,0,                       0,158541,158541,0,                       0,158539
34839,158540,0,                       0,158540,158540,0,                       0,158540
34840,158541,0,                       0,158539,158539,0,                       0,158541
34841,158540,0,                       0,158540,158540,0,                       0,158540
34842,158541,0,                       0,158539,158539,0,                       0,158541
34843,158540,0,                       0,158540,158540,0,                       0,158540
34844,158539,0,                       0,158541,158541,0,                       0,158539
34845,158540,0,                       0,158540,158540,0,                       0,158540
34846,158541,0,                       0,158539,158539,0,                       0,158541
34847,158540,0,                       0,158540,158540,0,                       0,158540
34848,158541,0,                       0,158539,158539,0,                       0,158541
34849,158540,0,                       0,158540,158540,0,                       0,158540
34850,158539,0,                       0,158541,158541,0,                       0,158539
34851,158538,0,                       0,158542,158542,0,                       0,158538
34852,158539,0,                       0,158541,158541,0,                       0,158539
34853,158540,0,                       0,158540,158540,0,                       0,158540
34854,158541,0,                       0,158539,158539,0,                       0,158541
34855,158540,0,                       0,158540,158540,0,                       0,158540
34856,158541,0,                       0,158539,158539,0,                       0,158541
34857,158540,0,                       0,158540,158540,0,                       0,158540
34858,158539,0,                       0,158541,158541,0,                       0,158539
34859,158538,0,                       0,158542,158542,0,                       0,158538
34860,158539,0,                       0,158541,158541,0,                       0,158539
34861,158540,0,                       0,158540,158540,0,                       0,158540
34862,158539,0,                       0,158541,158541,0,                       0,158539
34863,158540,0,                       0,158540,158540,0,                       0,158540
34864,158541,0,                       0,158539,158539,0,                       0,158541
34865,158540,0,                       0,158540,158540,0,                       0,158540
34866,158541,0,                       0,158539,158539,0,                       0,158541
34867,158540,0,                       0,158540,158540,0,                       0,158540
34868,158541,0,                       0,158539,158539,0,                       0,158541
34869,158540,0,                       0,158540,158540,0,                       0,158540
34870,158539,0,                       0,158541,158541,0,                       0,158539
34871,158540,0,                       0,158540,158540,0,                       0,158540
34872,158541,0,                       0,158539,158539,0,                       0,158541
34873,158540,0,                       0,158540,158540,0,                       0,158540
34874,158539,0,                       0,158541,158541,0,                       0,158539
34875,158538,0,                       0,158542,158542,0,                       0,158538
34876,158539,0,                       0,158541,158541,0,                       0,158539
34877,158540,0,                       0,158540,158540,0,                       0,158540
34878,158539,0,                       0,158541,158541,0,                       0,158539
34879,158540,0,                       0,158540,158540,0,                       0,158540
34880,158539,0,                       0,158541,158541,0,                       0,158539
34881,158540,0,                       0,158540,158540,0,                       0,158540
34882,158539,0,                       0,158541,158541,0,                       0,158539
34883,158540,0,                       0,158540,158540,0,                       0,158540
34884,158541,0,                       0,158539,158539,0,                       0,158541
34885,158540,0,                       0,158540,158540,0,                       0,158540
34886,158541,0,                       0,158539,158539,0,                       0,158541
34887,158542,0,                       0,158538,158538,0,                       0,158542
34888,158541,0,                       0,158539,158539,0,                       0,158541
34889,158540,0,                       0,158540,158540,0,                       0,158540
34890,158541,0,                       0,158539,158539,0,                       0,158541
34891,158542,0,                       0,158538,158538,0,                       0,158542
34892,158543,0,                       0,158537,158537,0,                       0,158543
34893,158544,0,                       0,158536,158536,0,                       0,158544
34894,158543,0,                       0,158537,158537,0,                       0,158543
34895,158542,0,                       0,158538,158538,0,                       0,158542
34896,158543,0,                       0,158537,158537,0,                       0,158543
34897,158542,0,                       0,158538,158538,0,                       0,158542
34898,158541,0,                       0,158539,158539,0,                       0,158541
34899,158542,0,                       0,158538,158538,0,                       0,158542
34900,158541,0,                       0,158539,158539,0,                       0,158541
34901,158540,0,                       0,158540,158540,0,                       0,158540
34902,158539,0,                       0,158541,158541,0,                       0,158539
34903,158540,0,                       0,158540,158540,0,                       0,158540
34904,158539,0,                       0,158541,158541,0,                       0,158539
34905,158540,0,                       0,158540,158540,0,                       0,158540
34906,158541,0,                       0,158539,158539,0,                       0,158541
34907,158542,0,                       0,158538,158538,0,                       0,158542
34908,158541,0,                       0,158539,158539,0,                       0,158541
34909,158540,0,                       0,158540,158540,0,                       0,158540
34910,158541,0,                       0,158539,158539,0,                       0,158541
34911,158540,0,                       0,158540,158540,0,                       0,158540
34912,158539,0,                       0,158541,158541,0,                       0,158539
34913,158540,0,                       0,158540,158540,0,                       0,158540
34914,158541,0,                       0,158539,158539,0,                       0,158541
34915,158540,0,                       0,158540,158540,0,                       0,158540
34916,158541,0,                       0,158539,158539,0,                       0,158541
34917,158540,0,                       0,158540,158540,0,                       0,158540
34918,158539,0,                       0,158541,158541,0,                       0,158539
34919,158540,0,                       0,158540,158540,0,                       0,158540
34920,158541,0,                       0,158539,158539,0,                       0,158541
34921,158542,0,                       0,158538,158538,0,                       0,158542
34922,158543,0,                       0,158537,158537,0,                       0,158543
34923,158542,0,                       0,158538,158538,0,                       0,158542
34924,158541,0,                       0,158539,158539,0,                       0,158541
34925,158542,0,                       0,158538,158538,0,                       0,158542
34926,158543,0,                       0,158537,158537,0,                       0,158543
34927,158542,0,                       0,158538,158538,0,                       0,158542
34928,158541,0,                       0,158539,158539,0,                       0,158541
34929,158540,0,                       0,158540,158540,0,                       0,158540
34930,158539,0,                       0,158541,158541,0,                       0,158539
34931,158540,0,                       0,158540,158540,0,                       0,158540
34932,158541,0,                       0,158539,158539,0,                       0,158541
34933,158540,0,                       0,158540,158540,0,                       0,158540
34934,158539,0,                       0,158541,158541,0,                       0,158539
34935,158538,0,                       0,158542,158542,0,                       0,158538
34936,158539,0,                       0,158541,158541,0,                       0,158539
34937,158540,0,                       0,158540,158540,0,                       0,158540
34938,158539,0,                       0,158541,158541,0,                       0,158539
34939,158540,0,                       0,158540,158540,0,                       0,158540
34940,158539,0,                       0,158541,158541,0,                       0,158539
34941,158540,0,                       0,158540,158540,0,                       0,158540
34942,158541,0,                       0,158539,158539,0,                       0,158541
34943,158542,0,                       0,158538,158538,0,                       0,158542
34944,158541,0,                       0,158539,158539,0,                       0,158541
34945,158540,0,                       0,158540,158540,0,                       0,158540
34946,158539,0,                       0,158541,158541,0,                       0,158539
34947,158538,0,                       0,158542,158542,0,                       0,158538
34948,158539,0,                       0,158541,158541,0,                       0,158539
34949,158540,0,                       0,158540,158540,0,                       0,158540
34950,158541,0,                       0,158539,158539,0,                       0,158541
34951,158542,0,                       0,158538,158538,0,                       0,158542
34952,158541,0,                       0,158539,158539,0,                       0,158541
34953,158540,0,                       0,158540,158540,0,                       0,158540
34954,158539,0,                       0,158541,158541,0,                       0,158539
34955,158538,0,                       0,158542,158542,0,                       0,158538
34956,158537,0,                       0,158543,158543,0,                       0,158537
34957,158538,0,                       0,158542,158542,0,                       0,158538
34958,158537,0,                       0,158543,158543,0,                       0,158537
34959,158538,0,                       0,158542,158542,0,                       0,158538
34960,158539,0,                       0,158541,158541,0,                       0,158539
34961,158540,0,                       0,158540,158540,0,                       0,158540
34962,158541,0,                       0,158539,158539,0,                       0,158541
34963,158540,0,                       0,158540,158540,0,                       0,158540
34964,158541,0,                       0,158539,158539,0,                       0,158541
34965,158542,0,                       0,158538,158538,0,                       0,158542
34966,158541,0,                       0,158539,158539,0,                       0,158541
34967,158540,0,                       0,158540,158540,0,                       0,158540
34968,158539,0,                       0,158541,158541,0,                       0,158539
34969,158540,0,                       0,158540,158540,0,                       0,158540
34970,158541,0,                       0,158539,158539,0,                       0,158541
34971,158542,0,                       0,158538,158538,0,                       0,158542
34972,158543,0,                       0,158537,158537,0,                       0,158543
34973,158542,0,                       0,158538,158538,0,                       0,158542
34974,158541,0,                       0,158539,158539,0,                       0,158541
34975,158542,0,                       0,158538,158538,0,                       0,158542
34976,158543,0,                       0,158537,158537,0,                       0,158543
34977,158542,0,                       0,158538,158538,0,                       0,158542
34978,158541,0,                       0,158539,158539,0,                       0,158541
34979,158540,0,                       0,158540,158540,0,                       0,158540
34980,158541,0,                       0,158539,158539,0,                       0,158541
34981,158540,0,                       0,158540,158540,0,                       0,158540
34982,158539,0,                       0,158541,158541,0,                       0,158539
34983,158540,0,                       0,158540,158540,0,                       0,158540
34984,158539,0,                       0,158541,158541,0,                       0,158539
34985,158540,0,                       0,158540,158540,0,                       0,158540
34986,158541,0,                       0,158539,158539,0,                       0,158541
34987,158542,0,                       0,158538,158538,0,                       0,158542
34988,158541,0,                       0,158539,158539,0,                       0,158541
34989,158542,0,                       0,158538,158538,0,                       0,158542
34990,158541,0,                       0,158539,158539,0,                       0,158541
34991,158540,0,                       0,158540,158540,0,                       0,158540
34992,158539,0,                       0,158541,158541,0,                       0,158539
34993,158538,0,                       0,158542,158542,0,                       0,158538
34994,158537,0,                       0,158543,158543,0,                       0,158537
34995,158536,0,                       0,158544,158544,0,                       0,158536
34996,158535,0,                       0,158545,158545,0,                       0,158535
34997,158534,0,                       0,158546,158546,0,                       0,158534
34998,158533,0,                       0,158547,158547,0,                       0,158533
34999,158534,0,                       0,158546,158546,0,                       0,158534
35000,158535,0,                       0,158545,158545,0,                       0,158535
35001,158536,0,                       0,158544,158544,0,                       0,158536
35002,158537,0,                       0,158543,158543,0,                       0,158537
35003,158538,0,                       0,158542,158542,0,                       0,158538
35004,158539,0,                       0,158541,158541,0,                       0,158539
35005,158540,0,                       0,158540,158540,0,                       0,158540
35006,158541,0,                       0,158539,158539,0,                       0,158541
35007,158540,0,                       0,158540,158540,0,                       0,158540
35008,158541,0,                       0,158539,158539,0,                       0,158541
35009,158540,0,                       0,158540,158540,0,                       0,158540
35010,158539,0,                       0,158541,158541,0,                       0,158539
35011,158540,0,                       0,158540,158540,0,                       0,158540
35012,158539,0,                       0,158541,158541,0,                       0,158539
35013,158538,0,                       0,158542,158542,0,                       0,158538
35014,158539,0,                       0,158541,158541,0,                       0,158539
35015,158538,0,                       0,158542,158542,0,                       0,158538
35016,158539,0,                       0,158541,158541,0,                       0,158539
35017,158540,0,                       0,158540,158540,0,                       0,158540
35018,158539,0,                       0,158541,158541,0,                       0,158539
35019,158540,0,                       0,158540,158540,0,                       0,158540
35020,158539,0,                       0,158541,158541,0,                       0,158539
35021,158538,0,                       0,158542,158542,0,                       0,158538
35022,158539,0,                       0,158541,158541,0,                       0,158539
35023,158540,0,                       0,158540,158540,0,                       0,158540
35024,158539,0,                       0,158541,158541,0,                       0,158539
35025,158540,0,                       0,158540,158540,0,                       0,158540
35026,158541,0,                       0,158539,158539,0,                       0,158541
35027,158542,0,                       0,158538,158538,0,                       0,158542
35028,158543,0,                       0,158537,158537,0,                       0,158543
35029,158544,0,                       0,158536,158536,0,                       0,158544
35030,158543,0,                       0,158537,158537,0,                       0,158543
35031,158542,0,                       0,158538,158538,0,                       0,158542
35032,158541,0,                       0,158539,158539,0,                       0,158541
35033,158540,0,                       0,158540,158540,0,                       0,158540
35034,158539,0,                       0,158541,158541,0,                       0,158539
35035,158540,0,                       0,158540,158540,0,                       0,158540
35036,158541,0,                       0,158539,158539,0,                       0,158541
35037,158540,0,                       0,158540,158540,0,                       0,158540
35038,158539,0,                       0,158541,158541,0,                       0,158539
35039,158540,0,                       0,158540,158540,0,                       0,158540
35040,158539,0,                       0,158541,158541,0,                       0,158539
35041,158538,0,                       0,158542,158542,0,                       0,158538
35042,158539,0,                       0,158541,158541,0,                       0,158539
35043,158538,0,                       0,158542,158542,0,                       0,158538
35044,158539,0,                       0,158541,158541,0,                       0,158539
35045,158540,0,                       0,158540,158540,0,                       0,158540
35046,158539,0,                       0,158541,158541,0,                       0,158539
35047,158540,0,                       0,158540,158540,0,                       0,158540
35048,158541,0,                       0,158539,158539,0,                       0,158541
35049,158542,0,                       0,158538,158538,0,                       0,158542
35050,158541,0,                       0,158539,158539,0,                       0,158541
35051,158542,0,                       0,158538,158538,0,                       0,158542
35052,158541,0,                       0,158539,158539,0,                       0,158541
35053,158542,0,                       0,158538,158538,0,                       0,158542
35054,158541,0,                       0,158539,158539,0,                       0,158541
35055,158540,0,                       0,158540,158540,0,                       0,158540
35056,158539,0,                       0,158541,158541,0,                       0,158539
35057,158538,0,                       0,158542,158542,0,                       0,158538
35058,158539,0,                       0,158541,158541,0,                       0,158539
35059,158540,0,                       0,158540,158540,0,                       0,158540
35060,158539,0,                       0,158541,158541,0,                       0,158539
35061,158538,0,                       0,158542,158542,0,                       0,158538
35062,158539,0,                       0,158541,158541,0,                       0,158539
35063,158538,0,                       0,158542,158542,0,                       0,158538
35064,158539,0,                       0,158541,158541,0,                       0,158539
35065,158538,0,                       0,158542,158542,0,                       0,158538
35066,158539,0,                       0,158541,158541,0,                       0,158539
35067,158540,0,                       0,158540,158540,0,                       0,158540
35068,158541,0,                       0,158539,158539,0,                       0,158541
35069,158540,0,                       0,158540,158540,0,                       0,158540
35070,158539,0,                       0,158541,158541,0,                       0,158539
35071,158540,0,                       0,158540,158540,0,                       0,158540
35072,158539,0,                       0,158541,158541,0,                       0,158539
35073,158540,0,                       0,158540,158540,0,                       0,158540
35074,158541,0,                       0,158539,158539,0,                       0,158541
35075,158540,0,                       0,158540,158540,0,                       0,158540
35076,158539,0,                       0,158541,158541,0,                       0,158539
35077,158540,0,                       0,158540,158540,0,                       0,158540
35078,158541,0,                       0,158539,158539,0,                       0,158541
35079,158540,0,                       0,158540,158540,0,                       0,158540
35080,158539,0,                       0,158541,158541,0,                       0,158539
35081,158540,0,                       0,158540,158540,0,                       0,158540
35082,158539,0,                       0,158541,158541,0,                       0,158539
35083,158540,0,                       0,158540,158540,0,                       0,158540
35084,158539,0,                       0,158541,158541,0,                       0,158539
35085,158540,0,                       0,158540,158540,0,                       0,158540
35086,158541,0,                       0,158539,158539,0,                       0,158541
35087,158540,0,                       0,158540,158540,0,                       0,158540
35088,158541,0,                       0,158539,158539,0,                       0,158541
35089,158540,0,                       0,158540,158540,0,                       0,158540
35090,158539,0,                       0,158541,158541,0,                       0,158539
35091,158540,0,                       0,158540,158540,0,                       0,158540
35092,158541,0,                       0,158539,158539,0,                       0,158541
35093,158540,0,                       0,158540,158540,0,                       0,158540
35094,158539,0,                       0,158541,158541,0,                       0,158539
35095,158540,0,                       0,158540,158540,0,                       0,158540
35096,158539,0,                       0,158541,158541,0,                       0,158539
35097,158538,0,                       0,158542,158542,0,                       0,158538
35098,158539,0,                       0,158541,158541,0,                       0,158539
35099,158538,0,                       0,158542,158542,0,                       0,158538
35100,158539,0,                       0,158541,158541,0,                       0,158539
35101,158540,0,                       0,158540,158540,0,                       0,158540
35102,158541,0,                       0,158539,158539,0,                       0,158541
35103,158540,0,                       0,158540,158540,0,                       0,158540
35104,158539,0,                       0,158541,158541,0,                       0,158539
35105,158538,0,                       0,158542,158542,0,                       0,158538
35106,158539,0,                       0,158541,158541,0,                       0,158539
35107,158540,0,                       0,158540,158540,0,                       0,158540
35108,158541,0,                       0,158539,158539,0,                       0,158541
35109,158542,0,                       0,158538,158538,0,                       0,158542
35110,158541,0,                       0,158539,158539,0,                       0,158541
35111,158542,0,                       0,158538,158538,0,                       0,158542
35112,158541,0,                       0,158539,158539,0,                       0,158541
35113,158540,0,                       0,158540,158540,0,                       0,158540
35114,158539,0,                       0,158541,158541,0,                       0,158539
35115,158538,0,                       0,158542,158542,0,                       0,158538
35116,158539,0,                       0,158541,158541,0,                       0,158539
35117,158540,0,                       0,158540,158540,0,                       0,158540
35118,158541,0,                       0,158539,158539,0,                       0,158541
35119,158540,0,                       0,158540,158540,0,                       0,158540
35120,158539,0,                       0,158541,158541,0,                       0,158539
35121,158538,0,                       0,158542,158542,0,                       0,158538
35122,158539,0,                       0,158541,158541,0,                       0,158539
35123,158540,0,                       0,158540,158540,0,                       0,158540
35124,158539,0,                       0,158541,158541,0,                       0,158539
35125,158540,0,                       0,158540,158540,0,                       0,158540
35126,158541,0,                       0,158539,158539,0,                       0,158541
35127,158540,0,                       0,158540,158540,0,                       0,158540
35128,158539,0,                       0,158541,158541,0,                       0,158539
35129,158540,0,                       0,158540,158540,0,                       0,158540
35130,158541,0,                       0,158539,158539,0,                       0,158541
35131,158540,0,                       0,158540,158540,0,                       0,158540
35132,158539,0,                       0,158541,158541,0,                       0,158539
35133,158538,0,                       0,158542,158542,0,                       0,158538
35134,158539,0,                       0,158541,158541,0,                       0,158539
35135,158540,0,                       0,158540,158540,0,                       0,158540
35136,158539,0,                       0,158541,158541,0,                       0,158539
35137,158538,0,                       0,158542,158542,0,                       0,158538
35138,158537,0,                       0,158543,158543,0,                       0,158537
35139,158536,0,                       0,158544,158544,0,                       0,158536
35140,158537,0,                       0,158543,158543,0,                       0,158537
35141,158538,0,                       0,158542,158542,0,                       0,158538
35142,158539,0,                       0,158541,158541,0,                       0,158539
35143,158538,0,                       0,158542,158542,0,                       0,158538
35144,158539,0,                       0,158541,158541,0,                       0,158539
35145,158540,0,                       0,158540,158540,0,                       0,158540
35146,158539,0,                       0,158541,158541,0,                       0,158539
35147,158540,0,                       0,158540,158540,0,                       0,158540
35148,158541,0,                       0,158539,158539,0,                       0,158541
35149,158542,0,                       0,158538,158538,0,                       0,158542
35150,158541,0,                       0,158539,158539,0,                       0,158541
35151,158540,0,                       0,158540,158540,0,                       0,158540
35152,158539,0,                       0,158541,158541,0,                       0,158539
35153,158540,0,                       0,158540,158540,0,                       0,158540
35154,158541,0,                       0,158539,158539,0,                       0,158541
35155,158542,0,                       0,158538,158538,0,                       0,158542
35156,158541,0,                       0,158539,158539,0,                       0,158541
35157,158540,0,                       0,158540,158540,0,                       0,158540
35158,158541,0,                       0,158539,158539,0,                       0,158541
35159,158540,0,                       0,158540,158540,0,                       0,158540
35160,158541,0,                       0,158539,158539,0,                       0,158541
35161,158542,0,                       0,158538,158538,0,                       0,158542
35162,158543,0,                       0,158537,158537,0,                       0,158543
35163,158542,0,                       0,158538,158538,0,                       0,158542
35164,158541,0,                       0,158539,158539,0,                       0,158541
35165,158540,0,                       0,158540,158540,0,                       0,158540
35166,158539,0,                       0,158541,158541,0,                       0,158539
35167,158538,0,                       0,158542,158542,0,                       0,158538
35168,158539,0,                       0,158541,158541,0,                       0,158539
35169,158540,0,                       0,158540,158540,0,                       0,158540
35170,158541,0,                       0,158539,158539,0,                       0,158541
35171,158540,0,                       0,158540,158540,0,                       0,158540
35172,158539,0,                       0,158541,158541,0,                       0,158539
35173,158538,0,                       0,158542,158542,0,                       0,158538
35174,158539,0,                       0,158541,158541,0,                       0,158539
35175,158538,0,                       0,158542,158542,0,                       0,158538
35176,158539,0,                       0,158541,158541,0,                       0,158539
35177,158538,0,                       0,158542,158542,0,                       0,158538
35178,158539,0,                       0,158541,158541,0,                       0,158539
35179,158538,0,                       0,158542,158542,0,                       0,158538
35180,158537,0,                       0,158543,158543,0,                       0,158537
35181,158538,0,                       0,158542,158542,0,                       0,158538
35182,158539,0,                       0,158541,158541,0,                       0,158539
35183,158538,0,                       0,158542,158542,0,                       0,158538
35184,158539,0,                       0,158541,158541,0,                       0,158539
35185,158540,0,                       0,158540,158540,0,                       0,158540
35186,158541,0,                       0,158539,158539,0,                       0,158541
35187,158540,0,                       0,158540,158540,0,                       0,158540
35188,158541,0,                       0,158539,158539,0,                       0,158541
35189,158540,0,                       0,158540,158540,0,                       0,158540
35190,158541,0,                       0,158539,158539,0,                       0,158541
35191,158540,0,                       0,158540,158540,0,                       0,158540
35192,158539,0,                       0,158541,158541,0,                       0,158539
35193,158540,0,                       0,158540,158540,0,                       0,158540
35194,158541,0,                       0,158539,158539,0,                       0,158541
35195,158540,0,                       0,158540,158540,0,                       0,158540
35196,158539,0,                       0,158541,158541,0,                       0,158539
35197,158538,0,                       0,158542,158542,0,                       0,158538
35198,158537,0,                       0,158543,158543,0,                       0,158537
35199,158536,0,                       0,158544,158544,0,                       0,158536
35200,158537,0,                       0,158543,158543,0,                       0,158537
35201,158538,0,                       0,158542,158542,0,                       0,158538
35202,158539,0,                       0,158541,158541,0,                       0,158539
35203,158540,0,                       0,158540,158540,0,                       0,158540
35204,158539,0,                       0,158541,158541,0,                       0,158539
35205,158540,0,                       0,158540,158540,0,                       0,158540
35206,158539,0,                       0,158541,158541,0,                       0,158539
35207,158538,0,                       0,158542,158542,0,                       0,158538
35208,158539,0,                       0,158541,158541,0,                       0,158539
35209,158540,0,                       0,158540,158540,0,                       0,158540
35210,158539,0,                       0,158541,158541,0,                       0,158539
35211,158540,0,                       0,158540,158540,0,                       0,158540
35212,158541,0,                       0,158539,158539,0,                       0,158541
35213,158540,0,                       0,158540,158540,0,                       0,158540
35214,158539,0,                       0,158541,158541,0,                       0,158539
35215,158540,0,                       0,158540,158540,0,                       0,158540
35216,158539,0,                       0,158541,158541,0,                       0,158539
35217,158538,0,                       0,158542,158542,0,                       0,158538
35218,158539,0,                       0,158541,158541,0,                       0,158539
35219,158540,0,                       0,158540,158540,0,                       0,158540
35220,158539,0,                       0,158541,158541,0,                       0,158539
35221,158540,0,                       0,158540,158540,0,                       0,158540
35222,158541,0,                       0,158539,158539,0,                       0,158541
35223,158540,0,                       0,158540,158540,0,                       0,158540
35224,158541,0,                       0,158539,158539,0,                       0,158541
35225,158542,0,                       0,158538,158538,0,                       0,158542
35226,158541,0,                       0,158539,158539,0,                       0,158541
35227,158540,0,                       0,158540,158540,0,                       0,158540
35228,158539,0,                       0,158541,158541,0,                       0,158539
35229,158538,0,                       0,158542,158542,0,                       0,158538
35230,158539,0,                       0,158541,158541,0,                       0,158539
35231,158540,0,                       0,158540,158540,0,                       0,158540
35232,158539,0,                       0,158541,158541,0,                       0,158539
35233,158540,0,                       0,158540,158540,0,                       0,158540
35234,158539,0,                       0,158541,158541,0,                       0,158539
35235,158538,0,                       0,158542,158542,0,                       0,158538
35236,158539,0,                       0,158541,158541,0,                       0,158539
35237,158538,0,                       0,158542,158542,0,                       0,158538
35238,158539,0,                       0,158541,158541,0,                       0,158539
35239,158540,0,                       0,158540,158540,0,                       0,158540
35240,158541,0,                       0,158539,158539,0,                       0,158541
35241,158540,0,                       0,158540,158540,0,                       0,158540
35242,158539,0,                       0,158541,158541,0,                       0,158539
35243,158540,0,                       0,158540,158540,0,                       0,158540
35244,158539,0,                       0,158541,158541,0,                       0,158539
35245,158540,0,                       0,158540,158540,0,                       0,158540
35246,158541,0,                       0,158539,158539,0,                       0,158541
35247,158542,0,                       0,158538,158538,0,                       0,158542
35248,158541,0,                       0,158539,158539,0,                       0,158541
35249,158540,0,                       0,158540,158540,0,                       0,158540
35250,158541,0,                       0,158539,158539,0,                       0,158541
35251,158540,0,                       0,158540,158540,0,                       0,158540
35252,158541,0,                       0,158539,158539,0,                       0,158541
35253,158540,0,                       0,158540,158540,0,                       0,158540
35254,158539,0,                       0,158541,158541,0,                       0,158539
35255,158540,0,                       0,158540,158540,0,                       0,158540
35256,158541,0,                       0,158539,158539,0,                       0,158541
35257,158540,0,                       0,158540,158540,0,                       0,158540
35258,158539,0,                       0,158541,158541,0,                       0,158539
35259,158538,0,                       0,158542,158542,0,                       0,158538
35260,158537,0,                       0,158543,158543,0,                       0,158537
35261,158538,0,                       0,158542,158542,0,                       0,158538
35262,158539,0,                       0,158541,158541,0,                       0,158539
35263,158540,0,                       0,158540,158540,0,                       0,158540
35264,158539,0,                       0,158541,158541,0,                       0,158539
35265,158540,0,                       0,158540,158540,0,                       0,158540
35266,158541,0,                       0,158539,158539,0,                       0,158541
35267,158540,0,                       0,158540,158540,0,                       0,158540
35268,158539,0,                       0,158541,158541,0,                       0,158539
35269,158540,0,                       0,158540,158540,0,                       0,158540
35270,158539,0,                       0,158541,158541,0,                       0,158539
35271,158538,0,                       0,158542,158542,0,                       0,158538
35272,158539,0,                       0,158541,158541,0,                       0,158539
35273,158538,0,                       0,158542,158542,0,                       0,158538
35274,158539,0,                       0,158541,158541,0,                       0,158539
35275,158538,0,                       0,158542,158542,0,                       0,158538
35276,158539,0,                       0,158541,158541,0,                       0,158539
35277,158540,0,                       0,158540,158540,0,                       0,158540
35278,158541,0,                       0,158539,158539,0,                       0,158541
35279,158540,0,                       0,158540,158540,0,                       0,158540
35280,158541,0,                       0,158539,158539,0,                       0,158541
35281,158540,0,                       0,158540,158540,0,                       0,158540
35282,158539,0,                       0,158541,158541,0,                       0,158539
35283,158538,0,                       0,158542,158542,0,                       0,158538
35284,158537,0,                       0,158543,158543,0,                       0,158537
35285,158538,0,                       0,158542,158542,0,                       0,158538
35286,158539,0,                       0,158541,158541,0,                       0,158539
35287,158538,0,                       0,158542,158542,0,                       0,158538
35288,158539,0,                       0,158541,158541,0,                       0,158539
35289,158538,0,                       0,158542,158542,0,                       0,158538
35290,158539,0,                       0,158541,158541,0,                       0,158539
35291,158538,0,                       0,158542,158542,0,                       0,158538
35292,158539,0,                       0,158541,158541,0,                       0,158539
35293,158538,0,                       0,158542,158542,0,                       0,158538
35294,158539,0,                       0,158541,158541,0,                       0,158539
35295,158540,0,                       0,158540,158540,0,                       0,158540
35296,158541,0,                       0,158539,158539,0,                       0,158541
35297,158540,0,                       0,158540,158540,0,                       0,158540
35298,158539,0,                       0,158541,158541,0,                       0,158539
35299,158538,0,                       0,158542,158542,0,                       0,158538
35300,158537,0,                       0,158543,158543,0,                       0,158537
35301,158538,0,                       0,158542,158542,0,                       0,158538
35302,158539,0,                       0,158541,158541,0,                       0,158539
35303,158538,0,                       0,158542,158542,0,                       0,158538
35304,158537,0,                       0,158543,158543,0,                       0,158537
35305,158538,0,                       0,158542,158542,0,                       0,158538
35306,158539,0,                       0,158541,158541,0,                       0,158539
35307,158540,0,                       0,158540,158540,0,                       0,158540
35308,158539,0,                       0,158541,158541,0,                       0,158539
35309,158540,0,                       0,158540,158540,0,                       0,158540
35310,158541,0,                       0,158539,158539,0,                       0,158541
35311,158542,0,                       0,158538,158538,0,                       0,158542
35312,158543,0,                       0,158537,158537,0,                       0,158543
35313,158542,0,                       0,158538,158538,0,                       0,158542
35314,158541,0,                       0,158539,158539,0,                       0,158541
35315,158540,0,                       0,158540,158540,0,                       0,158540
35316,158539,0,                       0,158541,158541,0,                       0,158539
35317,158538,0,                       0,158542,158542,0,                       0,158538
35318,158539,0,                       0,158541,158541,0,                       0,158539
35319,158540,0,                       0,158540,158540,0,                       0,158540
35320,158541,0,                       0,158539,158539,0,                       0,158541
35321,158540,0,                       0,158540,158540,0,                       0,158540
35322,158541,0,                       0,158539,158539,0,                       0,158541
35323,158540,0,                       0,158540,158540,0,                       0,158540
35324,158539,0,                       0,158541,158541,0,                       0,158539
35325,158540,0,                       0,158540,158540,0,                       0,158540
35326,158539,0,                       0,158541,158541,0,                       0,158539
35327,158540,0,                       0,158540,158540,0,                       0,158540
35328,158539,0,                       0,158541,158541,0,                       0,158539
35329,158540,0,                       0,158540,158540,0,                       0,158540
35330,158539,0,                       0,158541,158541,0,                       0,158539
35331,158540,0,                       0,158540,158540,0,                       0,158540
35332,158539,0,                       0,158541,158541,0,                       0,158539
35333,158538,0,                       0,158542,158542,0,                       0,158538
35334,158539,0,                       0,158541,158541,0,                       0,158539
35335,158540,0,                       0,158540,158540,0,                       0,158540
35336,158539,0,                       0,158541,158541,0,                       0,158539
35337,158540,0,                       0,158540,158540,0,                       0,158540
35338,158539,0,                       0,158541,158541,0,                       0,158539
35339,158538,0,                       0,158542,158542,0,                       0,158538
35340,158537,0,                       0,158543,158543,0,                       0,158537
35341,158538,0,                       0,158542,158542,0,                       0,158538
35342,158539,0,                       0,158541,158541,0,                       0,158539
35343,158540,0,                       0,158540,158540,0,                       0,158540
35344,158541,0,                       0,158539,158539,0,                       0,158541
35345,158540,0,                       0,158540,158540,0,                       0,158540
35346,158539,0,                       0,158541,158541,0,                       0,158539
35347,158538,0,                       0,158542,158542,0,                       0,158538
35348,158539,0,                       0,158541,158541,0,                       0,158539
35349,158540,0,                       0,158540,158540,0,                       0,158540
35350,158541,0,                       0,158539,158539,0,                       0,158541
35351,158540,0,                       0,158540,158540,0,                       0,158540
35352,158541,0,                       0,158539,158539,0,                       0,158541
35353,158540,0,                       0,158540,158540,0,                       0,158540
35354,158541,0,                       0,158539,158539,0,                       0,158541
35355,158540,0,                       0,158540,158540,0,                       0,158540
35356,158541,0,                       0,158539,158539,0,                       0,158541
35357,158540,0,                       0,158540,158540,0,                       0,158540
35358,158539,0,                       0,158541,158541,0,                       0,158539
35359,158538,0,                       0,158542,158542,0,                       0,158538
35360,158539,0,                       0,158541,158541,0,                       0,158539
35361,158540,0,                       0,158540,158540,0,                       0,158540
35362,158539,0,                       0,158541,158541,0,                       0,158539
35363,158538,0,                       0,158542,158542,0,                       0,158538
35364,158539,0,                       0,158541,158541,0,                       0,158539
35365,158540,0,                       0,158540,158540,0,                       0,158540
35366,158539,0,                       0,158541,158541,0,                       0,158539
35367,158540,0,                       0,158540,158540,0,                       0,158540
35368,158541,0,                       0,158539,158539,0,                       0,158541
35369,158542,0,                       0,158538,158538,0,                       0,158542
35370,158541,0,                       0,158539,158539,0,                       0,158541
35371,158542,0,                       0,158538,158538,0,                       0,158542
35372,158541,0,                       0,158539,158539,0,                       0,158541
35373,158540,0,                       0,158540,158540,0,                       0,158540
35374,158539,0,                       0,158541,158541,0,                       0,158539
35375,158538,0,                       0,158542,158542,0,                       0,158538
35376,158539,0,                       0,158541,158541,0,                       0,158539
35377,158540,0,                       0,158540,158540,0,                       0,158540
35378,158541,0,                       0,158539,158539,0,                       0,158541
35379,158542,0,                       0,158538,158538,0,                       0,158542
35380,158541,0,                       0,158539,158539,0,                       0,158541
35381,158542,0,                       0,158538,158538,0,                       0,158542
35382,158541,0,                       0,158539,158539,0,                       0,158541
35383,158540,0,                       0,158540,158540,0,                       0,158540
35384,158539,0,                       0,158541,158541,0,                       0,158539
35385,158540,0,                       0,158540,158540,0,                       0,158540
35386,158541,0,                       0,158539,158539,0,                       0,158541
35387,158542,0,                       0,158538,158538,0,                       0,158542
35388,158541,0,                       0,158539,158539,0,                       0,158541
35389,158540,0,                       0,158540,158540,0,                       0,158540
35390,158541,0,                       0,158539,158539,0,                       0,158541
35391,158542,0,                       0,158538,158538,0,                       0,158542
35392,158541,0,                       0,158539,158539,0,                       0,158541
35393,158542,0,                       0,158538,158538,0,                       0,158542
35394,158541,0,                       0,158539,158539,0,                       0,158541
35395,158540,0,                       0,158540,158540,0,                       0,158540
35396,158541,0,                       0,158539,158539,0,                       0,158541
35397,158540,0,                       0,158540,158540,0,                       0,158540
35398,158541,0,                       0,158539,158539,0,                       0,158541
35399,158540,0,                       0,158540,158540,0,                       0,158540
35400,158539,0,                       0,158541,158541,0,                       0,158539
35401,158540,0,                       0,158540,158540,0,                       0,158540
35402,158539,0,                       0,158541,158541,0,                       0,158539
35403,158540,0,                       0,158540,158540,0,                       0,158540
35404,158541,0,                       0,158539,158539,0,                       0,158541
35405,158540,0,                       0,158540,158540,0,                       0,158540
35406,158541,0,                       0,158539,158539,0,                       0,158541
35407,158540,0,                       0,158540,158540,0,                       0,158540
35408,158541,0,                       0,158539,158539,0,                       0,158541
35409,158540,0,                       0,158540,158540,0,                       0,158540
35410,158541,0,                       0,158539,158539,0,                       0,158541
35411,158542,0,                       0,158538,158538,0,                       0,158542
35412,158541,0,                       0,158539,158539,0,                       0,158541
35413,158540,0,                       0,158540,158540,0,                       0,158540
35414,158541,0,                       0,158539,158539,0,                       0,158541
35415,158542,0,                       0,158538,158538,0,                       0,158542
35416,158541,0,                       0,158539,158539,0,                       0,158541
35417,158540,0,                       0,158540,158540,0,                       0,158540
35418,158541,0,                       0,158539,158539,0,                       0,158541
35419,158540,0,                       0,158540,158540,0,                       0,158540
35420,158541,0,                       0,158539,158539,0,                       0,158541
35421,158542,0,                       0,158538,158538,0,                       0,158542
35422,158541,0,                       0,158539,158539,0,                       0,158541
35423,158540,0,                       0,158540,158540,0,                       0,158540
35424,158539,0,                       0,158541,158541,0,                       0,158539
35425,158540,0,                       0,158540,158540,0,                       0,158540
35426,158539,0,                       0,158541,158541,0,                       0,158539
35427,158538,0,                       0,158542,158542,0,                       0,158538
35428,158539,0,                       0,158541,158541,0,                       0,158539
35429,158540,0,                       0,158540,158540,0,                       0,158540
35430,158541,0,                       0,158539,158539,0,                       0,158541
35431,158540,0,                       0,158540,158540,0,                       0,158540
35432,158539,0,                       0,158541,158541,0,                       0,158539
35433,158538,0,                       0,158542,158542,0,                       0,158538
35434,158539,0,                       0,158541,158541,0,                       0,158539
35435,158540,0,                       0,158540,158540,0,                       0,158540
35436,158539,0,                       0,158541,158541,0,                       0,158539
35437,158540,0,                       0,158540,158540,0,                       0,158540
35438,158541,0,                       0,158539,158539,0,                       0,158541
35439,158540,0,                       0,158540,158540,0,                       0,158540
35440,158541,0,                       0,158539,158539,0,                       0,158541
35441,158542,0,                       0,158538,158538,0,                       0,158542
35442,158541,0,                       0,158539,158539,0,                       0,158541
35443,158542,0,                       0,158538,158538,0,                       0,158542
35444,158541,0,                       0,158539,158539,0,                       0,158541
35445,158540,0,                       0,158540,158540,0,                       0,158540
35446,158539,0,                       0,158541,158541,0,                       0,158539
35447,158540,0,                       0,158540,158540,0,                       0,158540
35448,158539,0,                       0,158541,158541,0,                       0,158539
35449,158540,0,                       0,158540,158540,0,                       0,158540
35450,158539,0,                       0,158541,158541,0,                       0,158539
35451,158538,0,                       0,158542,158542,0,                       0,158538
35452,158539,0,                       0,158541,158541,0,                       0,158539
35453,158540,0,                       0,158540,158540,0,                       0,158540
35454,158539,0,                       0,158541,158541,0,                       0,158539
35455,158540,0,                       0,158540,158540,0,                       0,158540
35456,158539,0,                       0,158541,158541,0,                       0,158539
35457,158538,0,                       0,158542,158542,0,                       0,158538
35458,158539,0,                       0,158541,158541,0,                       0,158539
35459,158538,0,                       0,158542,158542,0,                       0,158538
35460,158539,0,                       0,158541,158541,0,                       0,158539
35461,158540,0,                       0,158540,158540,0,                       0,158540
35462,158541,0,                       0,158539,158539,0,                       0,158541
35463,158540,0,                       0,158540,158540,0,                       0,158540
35464,158539,0,                       0,158541,158541,0,                       0,158539
35465,158540,0,                       0,158540,158540,0,                       0,158540
35466,158539,0,                       0,158541,158541,0,                       0,158539
35467,158538,0,                       0,158542,158542,0,                       0,158538
35468,158539,0,                       0,158541,158541,0,                       0,158539
35469,158540,0,                       0,158540,158540,0,                       0,158540
35470,158541,0,                       0,158539,158539,0,                       0,158541
35471,158542,0,                       0,158538,158538,0,                       0,158542
35472,158541,0,                       0,158539,158539,0,                       0,158541
35473,158540,0,                       0,158540,158540,0,                       0,158540
35474,158541,0,                       0,158539,158539,0,                       0,158541
35475,158542,0,                       0,158538,158538,0,                       0,158542
35476,158541,0,                       0,158539,158539,0,                       0,158541
35477,158540,0,                       0,158540,158540,0,                       0,158540
35478,158541,0,                       0,158539,158539,0,                       0,158541
35479,158542,0,                       0,158538,158538,0,                       0,158542
35480,158543,0,                       0,158537,158537,0,                       0,158543
35481,158544,0,                       0,158536,158536,0,                       0,158544
35482,158545,0,                       0,158535,158535,0,                       0,158545
35483,158544,0,                       0,158536,158536,0,                       0,158544
35484,158543,0,                       0,158537,158537,0,                       0,158543
35485,158542,0,                       0,158538,158538,0,                       0,158542
35486,158541,0,                       0,158539,158539,0,                       0,158541
35487,158540,0,                       0,158540,158540,0,                       0,158540
35488,158539,0,                       0,158541,158541,0,                       0,158539
35489,158540,0,                       0,158540,158540,0,                       0,158540
35490,158541,0,                       0,158539,158539,0,                       0,158541
35491,158540,0,                       0,158540,158540,0,                       0,158540
35492,158539,0,                       0,158541,158541,0,                       0,158539
35493,158538,0,                       0,158542,158542,0,                       0,158538
35494,158537,0,                       0,158543,158543,0,                       0,158537
35495,158536,0,                       0,158544,158544,0,                       0,158536
35496,158537,0,                       0,158543,158543,0,                       0,158537
35497,158538,0,                       0,158542,158542,0,                       0,158538
35498,158539,0,                       0,158541,158541,0,                       0,158539
35499,158540,0,                       0,158540,158540,0,                       0,158540
35500,158541,0,                       0,158539,158539,0,                       0,158541
35501,158542,0,                       0,158538,158538,0,                       0,158542
35502,158541,0,                       0,158539,158539,0,                       0,158541
35503,158540,0,                       0,158540,158540,0,                       0,158540
35504,158541,0,                       0,158539,158539,0,                       0,158541
35505,158540,0,                       0,158540,158540,0,                       0,158540
35506,158539,0,                       0,158541,158541,0,                       0,158539
35507,158540,0,                       0,158540,158540,0,                       0,158540
35508,158541,0,                       0,158539,158539,0,                       0,158541
35509,158540,0,                       0,158540,158540,0,                       0,158540
35510,158541,0,                       0,158539,158539,0,                       0,158541
35511,158542,0,                       0,158538,158538,0,                       0,158542
35512,158541,0,                       0,158539,158539,0,                       0,158541
35513,158542,0,                       0,158538,158538,0,                       0,158542
35514,158541,0,                       0,158539,158539,0,                       0,158541
35515,158542,0,                       0,158538,158538,0,                       0,158542
35516,158541,0,                       0,158539,158539,0,                       0,158541
35517,158542,0,                       0,158538,158538,0,                       0,158542
35518,158541,0,                       0,158539,158539,0,                       0,158541
35519,158542,0,                       0,158538,158538,0,                       0,158542
35520,158541,0,                       0,158539,158539,0,                       0,158541
35521,158540,0,                       0,158540,158540,0,                       0,158540
35522,158541,0,                       0,158539,158539,0,                       0,158541
35523,158542,0,                       0,158538,158538,0,                       0,158542
35524,158543,0,                       0,158537,158537,0,                       0,158543
35525,158542,0,                       0,158538,158538,0,                       0,158542
35526,158541,0,                       0,158539,158539,0,                       0,158541
35527,158540,0,                       0,158540,158540,0,                       0,158540
35528,158541,0,                       0,158539,158539,0,                       0,158541
35529,158542,0,                       0,158538,158538,0,                       0,158542
35530,158541,0,                       0,158539,158539,0,                       0,158541
35531,158540,0,                       0,158540,158540,0,                       0,158540
35532,158541,0,                       0,158539,158539,0,                       0,158541
35533,158542,0,                       0,158538,158538,0,                       0,158542
35534,158541,0,                       0,158539,158539,0,                       0,158541
35535,158540,0,                       0,158540,158540,0,                       0,158540
35536,158539,0,                       0,158541,158541,0,                       0,158539
35537,158540,0,                       0,158540,158540,0,                       0,158540
35538,158539,0,                       0,158541,158541,0,                       0,158539
35539,158540,0,                       0,158540,158540,0,                       0,158540
35540,158541,0,                       0,158539,158539,0,                       0,158541
35541,158540,0,                       0,158540,158540,0,                       0,158540
35542,158539,0,                       0,158541,158541,0,                       0,158539
35543,158538,0,                       0,158542,158542,0,                       0,158538
35544,158539,0,                       0,158541,158541,0,                       0,158539
35545,158540,0,                       0,158540,158540,0,                       0,158540
35546,158541,0,                       0,158539,158539,0,                       0,158541
35547,158540,0,                       0,158540,158540,0,                       0,158540
35548,158539,0,                       0,158541,158541,0,                       0,158539
35549,158538,0,                       0,158542,158542,0,                       0,158538
35550,158539,0,                       0,158541,158541,0,                       0,158539
35551,158538,0,                       0,158542,158542,0,                       0,158538
35552,158539,0,                       0,158541,158541,0,                       0,158539
35553,158540,0,                       0,158540,158540,0,                       0,158540
35554,158541,0,                       0,158539,158539,0,                       0,158541
35555,158542,0,                       0,158538,158538,0,                       0,158542
35556,158541,0,                       0,158539,158539,0,                       0,158541
35557,158540,0,                       0,158540,158540,0,                       0,158540
35558,158541,0,                       0,158539,158539,0,                       0,158541
35559,158540,0,                       0,158540,158540,0,                       0,158540
35560,158539,0,                       0,158541,158541,0,                       0,158539
35561,158538,0,                       0,158542,158542,0,                       0,158538
35562,158539,0,                       0,158541,158541,0,                       0,158539
35563,158540,0,                       0,158540,158540,0,                       0,158540
35564,158539,0,                       0,158541,158541,0,                       0,158539
35565,158540,0,                       0,158540,158540,0,                       0,158540
35566,158541,0,                       0,158539,158539,0,                       0,158541
35567,158542,0,                       0,158538,158538,0,                       0,158542
35568,158543,0,                       0,158537,158537,0,                       0,158543
35569,158542,0,                       0,158538,158538,0,                       0,158542
35570,158543,0,                       0,158537,158537,0,                       0,158543
35571,158542,0,                       0,158538,158538,0,                       0,158542
35572,158543,0,                       0,158537,158537,0,                       0,158543
35573,158544,0,                       0,158536,158536,0,                       0,158544
35574,158543,0,                       0,158537,158537,0,                       0,158543
35575,158542,0,                       0,158538,158538,0,                       0,158542
35576,158543,0,                       0,158537,158537,0,                       0,158543
35577,158542,0,                       0,158538,158538,0,                       0,158542
35578,158543,0,                       0,158537,158537,0,                       0,158543
35579,158542,0,                       0,158538,158538,0,                       0,158542
35580,158541,0,                       0,158539,158539,0,                       0,158541
35581,158540,0,                       0,158540,158540,0,                       0,158540
35582,158541,0,                       0,158539,158539,0,                       0,158541
35583,158540,0,                       0,158540,158540,0,                       0,158540
35584,158541,0,                       0,158539,158539,0,                       0,158541
35585,158540,0,                       0,158540,158540,0,                       0,158540
35586,158541,0,                       0,158539,158539,0,                       0,158541
35587,158540,0,                       0,158540,158540,0,                       0,158540
35588,158541,0,                       0,158539,158539,0,                       0,158541
35589,158540,0,                       0,158540,158540,0,                       0,158540
35590,158539,0,                       0,158541,158541,0,                       0,158539
35591,158540,0,                       0,158540,158540,0,                       0,158540
35592,158539,0,                       0,158541,158541,0,                       0,158539
35593,158538,0,                       0,158542,158542,0,                       0,158538
35594,158537,0,                       0,158543,158543,0,                       0,158537
35595,158538,0,                       0,158542,158542,0,                       0,158538
35596,158539,0,                       0,158541,158541,0,                       0,158539
35597,158540,0,                       0,158540,158540,0,                       0,158540
35598,158539,0,                       0,158541,158541,0,                       0,158539
35599,158538,0,                       0,158542,158542,0,                       0,158538
35600,158537,0,                       0,158543,158543,0,                       0,158537
35601,158536,0,                       0,158544,158544,0,                       0,158536
35602,158537,0,                       0,158543,158543,0,                       0,158537
35603,158538,0,                       0,158542,158542,0,                       0,158538
35604,158539,0,                       0,158541,158541,0,                       0,158539
35605,158540,0,                       0,158540,158540,0,                       0,158540
35606,158539,0,                       0,158541,158541,0,                       0,158539
35607,158540,0,                       0,158540,158540,0,                       0,158540
35608,158541,0,                       0,158539,158539,0,                       0,158541
35609,158540,0,                       0,158540,158540,0,                       0,158540
35610,158539,0,                       0,158541,158541,0,                       0,158539
35611,158540,0,                       0,158540,158540,0,                       0,158540
35612,158541,0,                       0,158539,158539,0,                       0,158541
35613,158542,0,                       0,158538,158538,0,                       0,158542
35614,158541,0,                       0,158539,158539,0,                       0,158541
35615,158540,0,                       0,158540,158540,0,                       0,158540
35616,158539,0,                       0,158541,158541,0,                       0,158539
35617,158538,0,                       0,158542,158542,0,                       0,158538
35618,158537,0,                       0,158543,158543,0,                       0,158537
35619,158538,0,                       0,158542,158542,0,                       0,158538
35620,158537,0,                       0,158543,158543,0,                       0,158537
35621,158538,0,                       0,158542,158542,0,                       0,158538
35622,158539,0,                       0,158541,158541,0,                       0,158539
35623,158538,0,                       0,158542,158542,0,                       0,158538
35624,158537,0,                       0,158543,158543,0,                       0,158537
35625,158538,0,                       0,158542,158542,0,                       0,158538
35626,158539,0,                       0,158541,158541,0,                       0,158539
35627,158540,0,                       0,158540,158540,0,                       0,158540
35628,158541,0,                       0,158539,158539,0,                       0,158541
35629,158542,0,                       0,158538,158538,0,                       0,158542
35630,158541,0,                       0,158539,158539,0,                       0,158541
35631,158542,0,                       0,158538,158538,0,                       0,158542
35632,158541,0,                       0,158539,158539,0,                       0,158541
35633,158542,0,                       0,158538,158538,0,                       0,158542
35634,158541,0,                       0,158539,158539,0,                       0,158541
35635,158540,0,                       0,158540,158540,0,                       0,158540
35636,158539,0,                       0,158541,158541,0,                       0,158539
35637,158540,0,                       0,158540,158540,0,                       0,158540
35638,158539,0,                       0,158541,158541,0,                       0,158539
35639,158538,0,                       0,158542,158542,0,                       0,158538
35640,158539,0,                       0,158541,158541,0,                       0,158539
35641,158540,0,                       0,158540,158540,0,                       0,158540
35642,158541,0,                       0,158539,158539,0,                       0,158541
35643,158542,0,                       0,158538,158538,0,                       0,158542
35644,158541,0,                       0,158539,158539,0,                       0,158541
35645,158540,0,                       0,158540,158540,0,                       0,158540
35646,158541,0,                       0,158539,158539,0,                       0,158541
35647,158542,0,                       0,158538,158538,0,                       0,158542
35648,158543,0,                       0,158537,158537,0,                       0,158543
35649,158542,0,                       0,158538,158538,0,                       0,158542
35650,158543,0,                       0,158537,158537,0,                       0,158543
35651,158542,0,                       0,158538,158538,0,                       0,158542
35652,158541,0,                       0,158539,158539,0,                       0,158541
35653,158540,0,                       0,158540,158540,0,                       0,158540
35654,158539,0,                       0,158541,158541,0,                       0,158539
35655,158538,0,                       0,158542,158542,0,                       0,158538
35656,158539,0,                       0,158541,158541,0,                       0,158539
35657,158538,0,                       0,158542,158542,0,                       0,158538
35658,158539,0,                       0,158541,158541,0,                       0,158539
35659,158538,0,                       0,158542,158542,0,                       0,158538
35660,158537,0,                       0,158543,158543,0,                       0,158537
35661,158538,0,                       0,158542,158542,0,                       0,158538
35662,158539,0,                       0,158541,158541,0,                       0,158539
35663,158538,0,                       0,158542,158542,0,                       0,158538
35664,158539,0,                       0,158541,158541,0,                       0,158539
35665,158538,0,                       0,158542,158542,0,                       0,158538
35666,158539,0,                       0,158541,158541,0,                       0,158539
35667,158538,0,                       0,158542,158542,0,                       0,158538
35668,158539,0,                       0,158541,158541,0,                       0,158539
35669,158540,0,                       0,158540,158540,0,                       0,158540
35670,158541,0,                       0,158539,158539,0,                       0,158541
35671,158540,0,                       0,158540,158540,0,                       0,158540
35672,158541,0,                       0,158539,158539,0,                       0,158541
35673,158542,0,                       0,158538,158538,0,                       0,158542
35674,158541,0,                       0,158539,158539,0,                       0,158541
35675,158542,0,                       0,158538,158538,0,                       0,158542
35676,158541,0,                       0,158539,158539,0,                       0,158541
35677,158540,0,                       0,158540,158540,0,                       0,158540
35678,158539,0,                       0,158541,158541,0,                       0,158539
35679,158538,0,                       0,158542,158542,0,                       0,158538
35680,158539,0,                       0,158541,158541,0,                       0,158539
35681,158538,0,                       0,158542,158542,0,                       0,158538
35682,158539,0,                       0,158541,158541,0,                       0,158539
35683,158538,0,                       0,158542,158542,0,                       0,158538
35684,158539,0,                       0,158541,158541,0,                       0,158539
35685,158540,0,                       0,158540,158540,0,                       0,158540
35686,158539,0,                       0,158541,158541,0,                       0,158539
35687,158540,0,                       0,158540,158540,0,                       0,158540
35688,158541,0,                       0,158539,158539,0,                       0,158541
35689,158540,0,                       0,158540,158540,0,                       0,158540
35690,158541,0,                       0,158539,158539,0,                       0,158541
35691,158542,0,                       0,158538,158538,0,                       0,158542
35692,158543,0,                       0,158537,158537,0,                       0,158543
35693,158542,0,                       0,158538,158538,0,                       0,158542
35694,158541,0,                       0,158539,158539,0,                       0,158541
35695,158542,0,                       0,158538,158538,0,                       0,158542
35696,158541,0,                       0,158539,158539,0,                       0,158541
35697,158540,0,                       0,158540,158540,0,                       0,158540
35698,158539,0,                       0,158541,158541,0,                       0,158539
35699,158538,0,                       0,158542,158542,0,                       0,158538
35700,158539,0,                       0,158541,158541,0,                       0,158539
35701,158540,0,                       0,158540,158540,0,                       0,158540
35702,158541,0,                       0,158539,158539,0,                       0,158541
35703,158542,0,                       0,158538,158538,0,                       0,158542
35704,158541,0,                       0,158539,158539,0,                       0,158541
35705,158540,0,                       0,158540,158540,0,                       0,158540
35706,158539,0,                       0,158541,158541,0,                       0,158539
35707,158540,0,                       0,158540,158540,0,                       0,158540
35708,158539,0,                       0,158541,158541,0,                       0,158539
35709,158540,0,                       0,158540,158540,0,                       0,158540
35710,158541,0,                       0,158539,158539,0,                       0,158541
35711,158542,0,                       0,158538,158538,0,                       0,158542
35712,158541,0,                       0,158539,158539,0,                       0,158541
35713,158540,0,                       0,158540,158540,0,                       0,158540
35714,158539,0,                       0,158541,158541,0,                       0,158539
35715,158540,0,                       0,158540,158540,0,                       0,158540
35716,158539,0,                       0,158541,158541,0,                       0,158539
35717,158538,0,                       0,158542,158542,0,                       0,158538
35718,158537,0,                       0,158543,158543,0,                       0,158537
35719,158538,0,                       0,158542,158542,0,                       0,158538
35720,158539,0,                       0,158541,158541,0,                       0,158539
35721,158540,0,                       0,158540,158540,0,                       0,158540
35722,158539,0,                       0,158541,158541,0,                       0,158539
35723,158538,0,                       0,158542,158542,0,                       0,158538
35724,158539,0,                       0,158541,158541,0,                       0,158539
35725,158540,0,                       0,158540,158540,0,                       0,158540
35726,158539,0,                       0,158541,158541,0,                       0,158539
35727,158540,0,                       0,158540,158540,0,                       0,158540
35728,158541,0,                       0,158539,158539,0,                       0,158541
35729,158542,0,                       0,158538,158538,0,                       0,158542
35730,158541,0,                       0,158539,158539,0,                       0,158541
35731,158542,0,                       0,158538,158538,0,                       0,158542
35732,158541,0,                       0,158539,158539,0,                       0,158541
35733,158542,0,                       0,158538,158538,0,                       0,158542
35734,158543,0,                       0,158537,158537,0,                       0,158543
35735,158542,0,                       0,158538,158538,0,                       0,158542
35736,158541,0,                       0,158539,158539,0,                       0,158541
35737,158540,0,                       0,158540,158540,0,                       0,158540
35738,158541,0,                       0,158539,158539,0,                       0,158541
35739,158540,0,                       0,158540,158540,0,                       0,158540
35740,158539,0,                       0,158541,158541,0,                       0,158539
35741,158538,0,                       0,158542,158542,0,                       0,158538
35742,158539,0,                       0,158541,158541,0,                       0,158539
35743,158540,0,                       0,158540,158540,0,                       0,158540
35744,158541,0,                       0,158539,158539,0,                       0,158541
35745,158542,0,                       0,158538,158538,0,                       0,158542
35746,158541,0,                       0,158539,158539,0,                       0,158541
35747,158540,0,                       0,158540,158540,0,                       0,158540
35748,158541,0,                       0,158539,158539,0,                       0,158541
35749,158540,0,                       0,158540,158540,0,                       0,158540
35750,158541,0,                       0,158539,158539,0,                       0,158541
35751,158542,0,                       0,158538,158538,0,                       0,158542
35752,158541,0,                       0,158539,158539,0,                       0,158541
35753,158540,0,                       0,158540,158540,0,                       0,158540
35754,158539,0,                       0,158541,158541,0,                       0,158539
35755,158538,0,                       0,158542,158542,0,                       0,158538
35756,158539,0,                       0,158541,158541,0,                       0,158539
35757,158540,0,                       0,158540,158540,0,                       0,158540
35758,158541,0,                       0,158539,158539,0,                       0,158541
35759,158540,0,                       0,158540,158540,0,                       0,158540
35760,158541,0,                       0,158539,158539,0,                       0,158541
35761,158540,0,                       0,158540,158540,0,                       0,158540
35762,158539,0,                       0,158541,158541,0,                       0,158539
35763,158540,0,                       0,158540,158540,0,                       0,158540
35764,158539,0,                       0,158541,158541,0,                       0,158539
35765,158540,0,                       0,158540,158540,0,                       0,158540
35766,158539,0,                       0,158541,158541,0,                       0,158539
35767,158540,0,                       0,158540,158540,0,                       0,158540
35768,158541,0,                       0,158539,158539,0,                       0,158541
35769,158542,0,                       0,158538,158538,0,                       0,158542
35770,158541,0,                       0,158539,158539,0,                       0,158541
35771,158542,0,                       0,158538,158538,0,                       0,158542
35772,158541,0,                       0,158539,158539,0,                       0,158541
35773,158540,0,                       0,158540,158540,0,                       0,158540
35774,158541,0,                       0,158539,158539,0,                       0,158541
35775,158540,0,                       0,158540,158540,0,                       0,158540
35776,158541,0,                       0,158539,158539,0,                       0,158541
35777,158542,0,                       0,158538,158538,0,                       0,158542
35778,158541,0,                       0,158539,158539,0,                       0,158541
35779,158540,0,                       0,158540,158540,0,                       0,158540
35780,158539,0,                       0,158541,158541,0,                       0,158539
35781,158540,0,                       0,158540,158540,0,                       0,158540
35782,158539,0,                       0,158541,158541,0,                       0,158539
35783,158540,0,                       0,158540,158540,0,                       0,158540
35784,158541,0,                       0,158539,158539,0,                       0,158541
35785,158540,0,                       0,158540,158540,0,                       0,158540
35786,158539,0,                       0,158541,158541,0,                       0,158539
35787,158538,0,                       0,158542,158542,0,                       0,158538
35788,158539,0,                       0,158541,158541,0,                       0,158539
35789,158538,0,                       0,158542,158542,0,                       0,158538
35790,158539,0,                       0,158541,158541,0,                       0,158539
35791,158540,0,                       0,158540,158540,0,                       0,158540
35792,158539,0,                       0,158541,158541,0,                       0,158539
35793,158540,0,                       0,158540,158540,0,                       0,158540
35794,158541,0,                       0,158539,158539,0,                       0,158541
35795,158540,0,                       0,158540,158540,0,                       0,158540
35796,158541,0,                       0,158539,158539,0,                       0,158541
35797,158542,0,                       0,158538,158538,0,                       0,158542
35798,158541,0,                       0,158539,158539,0,                       0,158541
35799,158540,0,                       0,158540,158540,0,                       0,158540
35800,158541,0,                       0,158539,158539,0,                       0,158541
35801,158542,0,                       0,158538,158538,0,                       0,158542
35802,158543,0,                       0,158537,158537,0,                       0,158543
35803,158542,0,                       0,158538,158538,0,                       0,158542
35804,158541,0,                       0,158539,158539,0,                       0,158541
35805,158540,0,                       0,158540,158540,0,                       0,158540
35806,158541,0,                       0,158539,158539,0,                       0,158541
35807,158542,0,                       0,158538,158538,0,                       0,158542
35808,158541,0,                       0,158539,158539,0,                       0,158541
35809,158540,0,                       0,158540,158540,0,                       0,158540
35810,158541,0,                       0,158539,158539,0,                       0,158541
35811,158542,0,                       0,158538,158538,0,                       0,158542
35812,158541,0,                       0,158539,158539,0,                       0,158541
35813,158540,0,                       0,158540,158540,0,                       0,158540
35814,158539,0,                       0,158541,158541,0,                       0,158539
35815,158540,0,                       0,158540,158540,0,                       0,158540
35816,158541,0,                       0,158539,158539,0,                       0,158541
35817,158540,0,                       0,158540,158540,0,                       0,158540
35818,158541,0,                       0,158539,158539,0,                       0,158541
35819,158542,0,                       0,158538,158538,0,                       0,158542
35820,158541,0,                       0,158539,158539,0,                       0,158541
35821,158542,0,                       0,158538,158538,0,                       0,158542
35822,158543,0,                       0,158537,158537,0,                       0,158543
35823,158542,0,                       0,158538,158538,0,                       0,158542
35824,158541,0,                       0,158539,158539,0,                       0,158541
35825,158540,0,                       0,158540,158540,0,                       0,158540
35826,158539,0,                       0,158541,158541,0,                       0,158539
35827,158540,0,                       0,158540,158540,0,                       0,158540
35828,158539,0,                       0,158541,158541,0,                       0,158539
35829,158540,0,                       0,158540,158540,0,                       0,158540
35830,158539,0,                       0,158541,158541,0,                       0,158539
35831,158540,0,                       0,158540,158540,0,                       0,158540
35832,158539,0,                       0,158541,158541,0,                       0,158539
35833,158540,0,                       0,158540,158540,0,                       0,158540
35834,158541,0,                       0,158539,158539,0,                       0,158541
35835,158540,0,                       0,158540,158540,0,                       0,158540
35836,158539,0,                       0,158541,158541,0,                       0,158539
35837,158540,0,                       0,158540,158540,0,                       0,158540
35838,158541,0,                       0,158539,158539,0,                       0,158541
35839,158540,0,                       0,158540,158540,0,                       0,158540
35840,158539,0,                       0,158541,158541,0,                       0,158539
35841,158538,0,                       0,158542,158542,0,                       0,158538
35842,158539,0,                       0,158541,158541,0,                       0,158539
35843,158540,0,                       0,158540,158540,0,                       0,158540
35844,158539,0,                       0,158541,158541,0,                       0,158539
35845,158540,0,                       0,158540,158540,0,                       0,158540
35846,158539,0,                       0,158541,158541,0,                       0,158539
35847,158538,0,                       0,158542,158542,0,                       0,158538
35848,158537,0,                       0,158543,158543,0,                       0,158537
35849,158536,0,                       0,158544,158544,0,                       0,158536
35850,158537,0,                       0,158543,158543,0,                       0,158537
35851,158538,0,                       0,158542,158542,0,                       0,158538
35852,158539,0,                       0,158541,158541,0,                       0,158539
35853,158538,0,                       0,158542,158542,0,                       0,158538
35854,158537,0,                       0,158543,158543,0,                       0,158537
35855,158538,0,                       0,158542,158542,0,                       0,158538
35856,158539,0,                       0,158541,158541,0,                       0,158539
35857,158540,0,                       0,158540,158540,0,                       0,158540
35858,158541,0,                       0,158539,158539,0,                       0,158541
35859,158540,0,                       0,158540,158540,0,                       0,158540
35860,158539,0,                       0,158541,158541,0,                       0,158539
35861,158538,0,                       0,158542,158542,0,                       0,158538
35862,158539,0,                       0,158541,158541,0,                       0,158539
35863,158538,0,                       0,158542,158542,0,                       0,158538
35864,158539,0,                       0,158541,158541,0,                       0,158539
35865,158540,0,                       0,158540,158540,0,                       0,158540
35866,158541,0,                       0,158539,158539,0,                       0,158541
35867,158542,0,                       0,158538,158538,0,                       0,158542
35868,158543,0,                       0,158537,158537,0,                       0,158543
35869,158544,0,                       0,158536,158536,0,                       0,158544
35870,158545,0,                       0,158535,158535,0,                       0,158545
35871,158546,0,                       0,158534,158534,0,                       0,158546
35872,158545,0,                       0,158535,158535,0,                       0,158545
35873,158544,0,                       0,158536,158536,0,                       0,158544
35874,158543,0,                       0,158537,158537,0,                       0,158543
35875,158542,0,                       0,158538,158538,0,                       0,158542
35876,158541,0,                       0,158539,158539,0,                       0,158541
35877,158540,0,                       0,158540,158540,0,                       0,158540
35878,158539,0,                       0,158541,158541,0,                       0,158539
35879,158538,0,                       0,158542,158542,0,                       0,158538
35880,158539,0,                       0,158541,158541,0,                       0,158539
35881,158540,0,                       0,158540,158540,0,                       0,158540
35882,158539,0,                       0,158541,158541,0,                       0,158539
35883,158540,0,                       0,158540,158540,0,                       0,158540
35884,158541,0,                       0,158539,158539,0,                       0,158541
35885,158542,0,                       0,158538,158538,0,                       0,158542
35886,158543,0,                       0,158537,158537,0,                       0,158543
35887,158542,0,                       0,158538,158538,0,                       0,158542
35888,158541,0,                       0,158539,158539,0,                       0,158541
35889,158542,0,                       0,158538,158538,0,                       0,158542
35890,158543,0,                       0,158537,158537,0,                       0,158543
35891,158544,0,                       0,158536,158536,0,                       0,158544
35892,158545,0,                       0,158535,158535,0,                       0,158545
35893,158546,0,                       0,158534,158534,0,                       0,158546
35894,158547,0,                       0,158533,158533,0,                       0,158547
35895,158548,0,                       0,158532,158532,0,                       0,158548
35896,158549,0,                       0,158531,158531,0,                       0,158549
35897,158550,0,                       0,158530,158530,0,                       0,158550
35898,158551,0,                       0,158529,158529,0,                       0,158551
35899,158552,0,                       0,158528,158528,0,                       0,158552
35900,158551,0,                       0,158529,158529,0,                       0,158551
35901,158550,0,                       0,158530,158530,0,                       0,158550
35902,158549,0,                       0,158531,158531,0,                       0,158549
35903,158548,0,                       0,158532,158532,0,                       0,158548
35904,158547,0,                       0,158533,158533,0,                       0,158547
35905,158546,0,                       0,158534,158534,0,                       0,158546
35906,158545,0,                       0,158535,158535,0,                       0,158545
35907,158544,0,                       0,158536,158536,0,                       0,158544
35908,158543,0,                       0,158537,158537,0,                       0,158543
35909,158542,0,                       0,158538,158538,0,                       0,158542
35910,158541,0,                       0,158539,158539,0,                       0,158541
35911,158540,0,                       0,158540,158540,0,                       0,158540
35912,158539,0,                       0,158541,158541,0,                       0,158539
35913,158538,0,                       0,158542,158542,0,                       0,158538
35914,158537,0,                       0,158543,158543,0,                       0,158537
35915,158538,0,                       0,158542,158542,0,                       0,158538
35916,158537,0,                       0,158543,158543,0,                       0,158537
35917,158538,0,                       0,158542,158542,0,                       0,158538
35918,158539,0,                       0,158541,158541,0,                       0,158539
35919,158540,0,                       0,158540,158540,0,                       0,158540
35920,158539,0,                       0,158541,158541,0,                       0,158539
35921,158540,0,                       0,158540,158540,0,                       0,158540
35922,158539,0,                       0,158541,158541,0,                       0,158539
35923,158540,0,                       0,158540,158540,0,                       0,158540
35924,158541,0,                       0,158539,158539,0,                       0,158541
35925,158540,0,                       0,158540,158540,0,                       0,158540
35926,158539,0,                       0,158541,158541,0,                       0,158539
35927,158540,0,                       0,158540,158540,0,                       0,158540
35928,158539,0,                       0,158541,158541,0,                       0,158539
35929,158540,0,                       0,158540,158540,0,                       0,158540
35930,158541,0,                       0,158539,158539,0,                       0,158541
35931,158542,0,                       0,158538,158538,0,                       0,158542
35932,158541,0,                       0,158539,158539,0,                       0,158541
35933,158540,0,                       0,158540,158540,0,                       0,158540
35934,158539,0,                       0,158541,158541,0,                       0,158539
35935,158540,0,                       0,158540,158540,0,                       0,158540
35936,158541,0,                       0,158539,158539,0,                       0,158541
35937,158540,0,                       0,158540,158540,0,                       0,158540
35938,158539,0,                       0,158541,158541,0,                       0,158539
35939,158538,0,                       0,158542,158542,0,                       0,158538
35940,158539,0,                       0,158541,158541,0,                       0,158539
35941,158540,0,                       0,158540,158540,0,                       0,158540
35942,158539,0,                       0,158541,158541,0,                       0,158539
35943,158540,0,                       0,158540,158540,0,                       0,158540
35944,158541,0,                       0,158539,158539,0,                       0,158541
35945,158540,0,                       0,158540,158540,0,                       0,158540
35946,158539,0,                       0,158541,158541,0,                       0,158539
35947,158540,0,                       0,158540,158540,0,                       0,158540
35948,158541,0,                       0,158539,158539,0,                       0,158541
35949,158542,0,                       0,158538,158538,0,                       0,158542
35950,158541,0,                       0,158539,158539,0,                       0,158541
35951,158540,0,                       0,158540,158540,0,                       0,158540
35952,158541,0,                       0,158539,158539,0,                       0,158541
35953,158540,0,                       0,158540,158540,0,                       0,158540
35954,158541,0,                       0,158539,158539,0,                       0,158541
35955,158540,0,                       0,158540,158540,0,                       0,158540
35956,158541,0,                       0,158539,158539,0,                       0,158541
35957,158540,0,                       0,158540,158540,0,                       0,158540
35958,158539,0,                       0,158541,158541,0,                       0,158539
35959,158540,0,                       0,158540,158540,0,                       0,158540
35960,158539,0,                       0,158541,158541,0,                       0,158539
35961,158540,0,                       0,158540,158540,0,                       0,158540
35962,158539,0,                       0,158541,158541,0,                       0,158539
35963,158540,0,                       0,158540,158540,0,                       0,158540
35964,158541,0,                       0,158539,158539,0,                       0,158541
35965,158540,0,                       0,158540,158540,0,                       0,158540
35966,158541,0,                       0,158539,158539,0,                       0,158541
35967,158540,0,                       0,158540,158540,0,                       0,158540
35968,158539,0,                       0,158541,158541,0,                       0,158539
35969,158540,0,                       0,158540,158540,0,                       0,158540
35970,158541,0,                       0,158539,158539,0,                       0,158541
35971,158542,0,                       0,158538,158538,0,                       0,158542
35972,158543,0,                       0,158537,158537,0,                       0,158543
35973,158544,0,                       0,158536,158536,0,                       0,158544
35974,158543,0,                       0,158537,158537,0,                       0,158543
35975,158542,0,                       0,158538,158538,0,                       0,158542
35976,158541,0,                       0,158539,158539,0,                       0,158541
35977,158542,0,                       0,158538,158538,0,                       0,158542
35978,158543,0,                       0,158537,158537,0,                       0,158543
35979,158544,0,                       0,158536,158536,0,                       0,158544
35980,158545,0,                       0,158535,158535,0,                       0,158545
35981,158546,0,                       0,158534,158534,0,                       0,158546
35982,158547,0,                       0,158533,158533,0,                       0,158547
35983,158546,0,                       0,158534,158534,0,                       0,158546
35984,158545,0,                       0,158535,158535,0,                       0,158545
35985,158546,0,                       0,158534,158534,0,                       0,158546
35986,158547,0,                       0,158533,158533,0,                       0,158547
35987,158548,0,                       0,158532,158532,0,                       0,158548
35988,158549,0,                       0,158531,158531,0,                       0,158549
35989,158550,0,                       0,158530,158530,0,                       0,158550
35990,158551,0,                       0,158529,158529,0,                       0,158551
35991,158552,0,                       0,158528,158528,0,                       0,158552
35992,158551,0,                       0,158529,158529,0,                       0,158551
35993,158550,0,                       0,158530,158530,0,                       0,158550
35994,158551,0,                       0,158529,158529,0,                       0,158551
35995,158552,0,                       0,158528,158528,0,                       0,158552
35996,158551,0,                       0,158529,158529,0,                       0,158551
35997,158550,0,                       0,158530,158530,0,                       0,158550
35998,158549,0,                       0,158531,158531,0,                       0,158549
35999,158548,0,                       0,158532,158532,0,                       0,158548
36000,158547,0,                       0,158533,158533,0,                       0,158547
36001,158546,0,                       0,158534,158534,0,                       0,158546
36002,158545,0,                       0,158535,158535,0,                       0,158545
36003,158544,0,                       0,158536,158536,0,                       0,158544
36004,158543,0,                       0,158537,158537,0,                       0,158543
36005,158542,0,                       0,158538,158538,0,                       0,158542
36006,158541,0,                       0,158539,158539,0,                       0,158541
36007,158540,0,                       0,158540,158540,0,                       0,158540
36008,158539,0,                       0,158541,158541,0,                       0,158539
36009,158540,0,                       0,158540,158540,0,                       0,158540
36010,158541,0,                       0,158539,158539,0,                       0,158541
36011,158540,0,                       0,158540,158540,0,                       0,158540
36012,158539,0,                       0,158541,158541,0,                       0,158539
36013,158538,0,                       0,158542,158542,0,                       0,158538
36014,158539,0,                       0,158541,158541,0,                       0,158539
36015,158538,0,                       0,158542,158542,0,                       0,158538
36016,158539,0,                       0,158541,158541,0,                       0,158539
36017,158540,0,                       0,158540,158540,0,                       0,158540
36018,158541,0,                       0,158539,158539,0,                       0,158541
36019,158540,0,                       0,158540,158540,0,                       0,158540
36020,158541,0,                       0,158539,158539,0,                       0,158541
36021,158540,0,                       0,158540,158540,0,                       0,158540
36022,158541,0,                       0,158539,158539,0,                       0,158541
36023,158540,0,                       0,158540,158540,0,                       0,158540
36024,158541,0,                       0,158539,158539,0,                       0,158541
36025,158540,0,                       0,158540,158540,0,                       0,158540
36026,158539,0,                       0,158541,158541,0,                       0,158539
36027,158540,0,                       0,158540,158540,0,                       0,158540
36028,158541,0,                       0,158539,158539,0,                       0,158541
36029,158540,0,                       0,158540,158540,0,                       0,158540
36030,158539,0,                       0,158541,158541,0,                       0,158539
36031,158538,0,                       0,158542,158542,0,                       0,158538
36032,158539,0,                       0,158541,158541,0,                       0,158539
36033,158540,0,                       0,158540,158540,0,                       0,158540
36034,158539,0,                       0,158541,158541,0,                       0,158539
36035,158540,0,                       0,158540,158540,0,                       0,158540
36036,158539,0,                       0,158541,158541,0,                       0,158539
36037,158540,0,                       0,158540,158540,0,                       0,158540
36038,158539,0,                       0,158541,158541,0,                       0,158539
36039,158538,0,                       0,158542,158542,0,                       0,158538
36040,158537,0,                       0,158543,158543,0,                       0,158537
36041,158538,0,                       0,158542,158542,0,                       0,158538
36042,158539,0,                       0,158541,158541,0,                       0,158539
36043,158540,0,                       0,158540,158540,0,                       0,158540
36044,158539,0,                       0,158541,158541,0,                       0,158539
36045,158540,0,                       0,158540,158540,0,                       0,158540
36046,158539,0,                       0,158541,158541,0,                       0,158539
36047,158540,0,                       0,158540,158540,0,                       0,158540
36048,158541,0,                       0,158539,158539,0,                       0,158541
36049,158540,0,                       0,158540,158540,0,                       0,158540
36050,158539,0,                       0,158541,158541,0,                       0,158539
36051,158540,0,                       0,158540,158540,0,                       0,158540
36052,158539,0,                       0,158541,158541,0,                       0,158539
36053,158538,0,                       0,158542,158542,0,                       0,158538
36054,158539,0,                       0,158541,158541,0,                       0,158539
36055,158540,0,                       0,158540,158540,0,                       0,158540
36056,158539,0,                       0,158541,158541,0,                       0,158539
36057,158540,0,                       0,158540,158540,0,                       0,158540
36058,158541,0,                       0,158539,158539,0,                       0,158541
36059,158540,0,                       0,158540,158540,0,                       0,158540
36060,158539,0,                       0,158541,158541,0,                       0,158539
36061,158540,0,                       0,158540,158540,0,                       0,158540
36062,158539,0,                       0,158541,158541,0,                       0,158539
36063,158538,0,                       0,158542,158542,0,                       0,158538
36064,158539,0,                       0,158541,158541,0,                       0,158539
36065,158540,0,                       0,158540,158540,0,                       0,158540
36066,158539,0,                       0,158541,158541,0,                       0,158539
36067,158540,0,                       0,158540,158540,0,                       0,158540
36068,158541,0,                       0,158539,158539,0,                       0,158541
36069,158540,0,                       0,158540,158540,0,                       0,158540
36070,158541,0,                       0,158539,158539,0,                       0,158541
36071,158540,0,                       0,158540,158540,0,                       0,158540
36072,158541,0,                       0,158539,158539,0,                       0,158541
36073,158540,0,                       0,158540,158540,0,                       0,158540
36074,158541,0,                       0,158539,158539,0,                       0,158541
36075,158542,0,                       0,158538,158538,0,                       0,158542
36076,158541,0,                       0,158539,158539,0,                       0,158541
36077,158542,0,                       0,158538,158538,0,                       0,158542
36078,158541,0,                       0,158539,158539,0,                       0,158541
36079,158540,0,                       0,158540,158540,0,                       0,158540
36080,158541,0,                       0,158539,158539,0,                       0,158541
36081,158542,0,                       0,158538,158538,0,                       0,158542
36082,158541,0,                       0,158539,158539,0,                       0,158541
36083,158542,0,                       0,158538,158538,0,                       0,158542
36084,158541,0,                       0,158539,158539,0,                       0,158541
36085,158540,0,                       0,158540,158540,0,                       0,158540
36086,158541,0,                       0,158539,158539,0,                       0,158541
36087,158540,0,                       0,158540,158540,0,                       0,158540
36088,158539,0,                       0,158541,158541,0,                       0,158539
36089,158540,0,                       0,158540,158540,0,                       0,158540
36090,158539,0,                       0,158541,158541,0,                       0,158539
36091,158538,0,                       0,158542,158542,0,                       0,158538
36092,158537,0,                       0,158543,158543,0,                       0,158537
36093,158538,0,                       0,158542,158542,0,                       0,158538
36094,158539,0,                       0,158541,158541,0,                       0,158539
36095,158538,0,                       0,158542,158542,0,                       0,158538
36096,158539,0,                       0,158541,158541,0,                       0,158539
36097,158540,0,                       0,158540,158540,0,                       0,158540
36098,158539,0,                       0,158541,158541,0,                       0,158539
36099,158540,0,                       0,158540,158540,0,                       0,158540
36100,158539,0,                       0,158541,158541,0,                       0,158539
36101,158540,0,                       0,158540,158540,0,                       0,158540
36102,158539,0,                       0,158541,158541,0,                       0,158539
36103,158538,0,                       0,158542,158542,0,                       0,158538
36104,158539,0,                       0,158541,158541,0,                       0,158539
36105,158540,0,                       0,158540,158540,0,                       0,158540
36106,158539,0,                       0,158541,158541,0,                       0,158539
36107,158540,0,                       0,158540,158540,0,                       0,158540
36108,158541,0,                       0,158539,158539,0,                       0,158541
36109,158540,0,                       0,158540,158540,0,                       0,158540
36110,158539,0,                       0,158541,158541,0,                       0,158539
36111,158538,0,                       0,158542,158542,0,                       0,158538
36112,158539,0,                       0,158541,158541,0,                       0,158539
36113,158538,0,                       0,158542,158542,0,                       0,158538
36114,158537,0,                       0,158543,158543,0,                       0,158537
36115,158538,0,                       0,158542,158542,0,                       0,158538
36116,158537,0,                       0,158543,158543,0,                       0,158537
36117,158538,0,                       0,158542,158542,0,                       0,158538
36118,158539,0,                       0,158541,158541,0,                       0,158539
36119,158540,0,                       0,158540,158540,0,                       0,158540
36120,158539,0,                       0,158541,158541,0,                       0,158539
36121,158540,0,                       0,158540,158540,0,                       0,158540
36122,158539,0,                       0,158541,158541,0,                       0,158539
36123,158540,0,                       0,158540,158540,0,                       0,158540
36124,158541,0,                       0,158539,158539,0,                       0,158541
36125,158540,0,                       0,158540,158540,0,                       0,158540
36126,158539,0,                       0,158541,158541,0,                       0,158539
36127,158540,0,                       0,158540,158540,0,                       0,158540
36128,158541,0,                       0,158539,158539,0,                       0,158541
36129,158540,0,                       0,158540,158540,0,                       0,158540
36130,158541,0,                       0,158539,158539,0,                       0,158541
36131,158540,0,                       0,158540,158540,0,                       0,158540
36132,158541,0,                       0,158539,158539,0,                       0,158541
36133,158540,0,                       0,158540,158540,0,                       0,158540
36134,158541,0,                       0,158539,158539,0,                       0,158541
36135,158540,0,                       0,158540,158540,0,                       0,158540
36136,158541,0,                       0,158539,158539,0,                       0,158541
36137,158540,0,                       0,158540,158540,0,                       0,158540
36138,158539,0,                       0,158541,158541,0,                       0,158539
36139,158538,0,                       0,158542,158542,0,                       0,158538
36140,158539,0,                       0,158541,158541,0,                       0,158539
36141,158538,0,                       0,158542,158542,0,                       0,158538
36142,158539,0,                       0,158541,158541,0,                       0,158539
36143,158540,0,                       0,158540,158540,0,                       0,158540
36144,158539,0,                       0,158541,158541,0,                       0,158539
36145,158538,0,                       0,158542,158542,0,                       0,158538
36146,158537,0,                       0,158543,158543,0,                       0,158537
36147,158538,0,                       0,158542,158542,0,                       0,158538
36148,158539,0,                       0,158541,158541,0,                       0,158539
36149,158538,0,                       0,158542,158542,0,                       0,158538
36150,158539,0,                       0,158541,158541,0,                       0,158539
36151,158538,0,                       0,158542,158542,0,                       0,158538
36152,158539,0,                       0,158541,158541,0,                       0,158539
36153,158540,0,                       0,158540,158540,0,                       0,158540
36154,158541,0,                       0,158539,158539,0,                       0,158541
36155,158542,0,                       0,158538,158538,0,                       0,158542
36156,158541,0,                       0,158539,158539,0,                       0,158541
36157,158540,0,                       0,158540,158540,0,                       0,158540
36158,158541,0,                       0,158539,158539,0,                       0,158541
36159,158542,0,                       0,158538,158538,0,                       0,158542
36160,158541,0,                       0,158539,158539,0,                       0,158541
36161,158540,0,                       0,158540,158540,0,                       0,158540
36162,158539,0,                       0,158541,158541,0,                       0,158539
36163,158540,0,                       0,158540,158540,0,                       0,158540
36164,158541,0,                       0,158539,158539,0,                       0,158541
36165,158540,0,                       0,158540,158540,0,                       0,158540
36166,158539,0,                       0,158541,158541,0,                       0,158539
36167,158540,0,                       0,158540,158540,0,                       0,158540
36168,158541,0,                       0,158539,158539,0,                       0,158541
36169,158542,0,                       0,158538,158538,0,                       0,158542
36170,158541,0,                       0,158539,158539,0,                       0,158541
36171,158540,0,                       0,158540,158540,0,                       0,158540
36172,158539,0,                       0,158541,158541,0,                       0,158539
36173,158538,0,                       0,158542,158542,0,                       0,158538
36174,158539,0,                       0,158541,158541,0,                       0,158539
36175,158538,0,                       0,158542,158542,0,                       0,158538
36176,158539,0,                       0,158541,158541,0,                       0,158539
36177,158538,0,                       0,158542,158542,0,                       0,158538
36178,158539,0,                       0,158541,158541,0,                       0,158539
36179,158540,0,                       0,158540,158540,0,                       0,158540
36180,158539,0,                       0,158541,158541,0,                       0,158539
36181,158540,0,                       0,158540,158540,0,                       0,158540
36182,158541,0,                       0,158539,158539,0,                       0,158541
36183,158542,0,                       0,158538,158538,0,                       0,158542
36184,158541,0,                       0,158539,158539,0,                       0,158541
36185,158540,0,                       0,158540,158540,0,                       0,158540
36186,158539,0,                       0,158541,158541,0,                       0,158539
36187,158540,0,                       0,158540,158540,0,                       0,158540
36188,158541,0,                       0,158539,158539,0,                       0,158541
36189,158540,0,                       0,158540,158540,0,                       0,158540
36190,158541,0,                       0,158539,158539,0,                       0,158541
36191,158540,0,                       0,158540,158540,0,                       0,158540
36192,158539,0,                       0,158541,158541,0,                       0,158539
36193,158538,0,                       0,158542,158542,0,                       0,158538
36194,158539,0,                       0,158541,158541,0,                       0,158539
36195,158538,0,                       0,158542,158542,0,                       0,158538
36196,158539,0,                       0,158541,158541,0,                       0,158539
36197,158540,0,                       0,158540,158540,0,                       0,158540
36198,158541,0,                       0,158539,158539,0,                       0,158541
36199,158540,0,                       0,158540,158540,0,                       0,158540
36200,158541,0,                       0,158539,158539,0,                       0,158541
36201,158540,0,                       0,158540,158540,0,                       0,158540
36202,158539,0,                       0,158541,158541,0,                       0,158539
36203,158540,0,                       0,158540,158540,0,                       0,158540
36204,158541,0,                       0,158539,158539,0,                       0,158541
36205,158542,0,                       0,158538,158538,0,                       0,158542
36206,158541,0,                       0,158539,158539,0,                       0,158541
36207,158540,0,                       0,158540,158540,0,                       0,158540
36208,158539,0,                       0,158541,158541,0,                       0,158539
36209,158538,0,                       0,158542,158542,0,                       0,158538
36210,158537,0,                       0,158543,158543,0,                       0,158537
36211,158538,0,                       0,158542,158542,0,                       0,158538
36212,158539,0,                       0,158541,158541,0,                       0,158539
36213,158540,0,                       0,158540,158540,0,                       0,158540
36214,158541,0,                       0,158539,158539,0,                       0,158541
36215,158542,0,                       0,158538,158538,0,                       0,158542
36216,158541,0,                       0,158539,158539,0,                       0,158541
36217,158540,0,                       0,158540,158540,0,                       0,158540
36218,158539,0,                       0,158541,158541,0,                       0,158539
36219,158538,0,                       0,158542,158542,0,                       0,158538
36220,158537,0,                       0,158543,158543,0,                       0,158537
36221,158538,0,                       0,158542,158542,0,                       0,158538
36222,158539,0,                       0,158541,158541,0,                       0,158539
36223,158538,0,                       0,158542,158542,0,                       0,158538
36224,158539,0,                       0,158541,158541,0,                       0,158539
36225,158540,0,                       0,158540,158540,0,                       0,158540
36226,158539,0,                       0,158541,158541,0,                       0,158539
36227,158538,0,                       0,158542,158542,0,                       0,158538
36228,158539,0,                       0,158541,158541,0,                       0,158539
36229,158538,0,                       0,158542,158542,0,                       0,158538
36230,158539,0,                       0,158541,158541,0,                       0,158539
36231,158540,0,                       0,158540,158540,0,                       0,158540
36232,158539,0,                       0,158541,158541,0,                       0,158539
36233,158540,0,                       0,158540,158540,0,                       0,158540
36234,158539,0,                       0,158541,158541,0,                       0,158539
36235,158538,0,                       0,158542,158542,0,                       0,158538
36236,158539,0,                       0,158541,158541,0,                       0,158539
36237,158540,0,                       0,158540,158540,0,                       0,158540
36238,158541,0,                       0,158539,158539,0,                       0,158541
36239,158540,0,                       0,158540,158540,0,                       0,158540
36240,158541,0,                       0,158539,158539,0,                       0,158541
36241,158540,0,                       0,158540,158540,0,                       0,158540
36242,158539,0,                       0,158541,158541,0,                       0,158539
36243,158540,0,                       0,158540,158540,0,                       0,158540
36244,158539,0,                       0,158541,158541,0,                       0,158539
36245,158538,0,                       0,158542,158542,0,                       0,158538
36246,158539,0,                       0,158541,158541,0,                       0,158539
36247,158540,0,                       0,158540,158540,0,                       0,158540
36248,158541,0,                       0,158539,158539,0,                       0,158541
36249,158540,0,                       0,158540,158540,0,                       0,158540
36250,158539,0,                       0,158541,158541,0,                       0,158539
36251,158540,0,                       0,158540,158540,0,                       0,158540
36252,158541,0,                       0,158539,158539,0,                       0,158541
36253,158540,0,                       0,158540,158540,0,                       0,158540
36254,158541,0,                       0,158539,158539,0,                       0,158541
36255,158542,0,                       0,158538,158538,0,                       0,158542
36256,158541,0,                       0,158539,158539,0,                       0,158541
36257,158540,0,                       0,158540,158540,0,                       0,158540
36258,158541,0,                       0,158539,158539,0,                       0,158541
36259,158542,0,                       0,158538,158538,0,                       0,158542
36260,158541,0,                       0,158539,158539,0,                       0,158541
36261,158540,0,                       0,158540,158540,0,                       0,158540
36262,158539,0,                       0,158541,158541,0,                       0,158539
36263,158540,0,                       0,158540,158540,0,                       0,158540
36264,158541,0,                       0,158539,158539,0,                       0,158541
36265,158540,0,                       0,158540,158540,0,                       0,158540
36266,158541,0,                       0,158539,158539,0,                       0,158541
36267,158540,0,                       0,158540,158540,0,                       0,158540
36268,158541,0,                       0,158539,158539,0,                       0,158541
36269,158542,0,                       0,158538,158538,0,                       0,158542
36270,158541,0,                       0,158539,158539,0,                       0,158541
36271,158540,0,                       0,158540,158540,0,                       0,158540
36272,158539,0,                       0,158541,158541,0,                       0,158539
36273,158540,0,                       0,158540,158540,0,                       0,158540
36274,158541,0,                       0,158539,158539,0,                       0,158541
36275,158542,0,                       0,158538,158538,0,                       0,158542
36276,158541,0,                       0,158539,158539,0,                       0,158541
36277,158540,0,                       0,158540,158540,0,                       0,158540
36278,158539,0,                       0,158541,158541,0,                       0,158539
36279,158540,0,                       0,158540,158540,0,                       0,158540
36280,158541,0,                       0,158539,158539,0,                       0,158541
36281,158542,0,                       0,158538,158538,0,                       0,158542
36282,158541,0,                       0,158539,158539,0,                       0,158541
36283,158540,0,                       0,158540,158540,0,                       0,158540
36284,158541,0,                       0,158539,158539,0,                       0,158541
36285,158542,0,                       0,158538,158538,0,                       0,158542
36286,158543,0,                       0,158537,158537,0,                       0,158543
36287,158542,0,                       0,158538,158538,0,                       0,158542
36288,158541,0,                       0,158539,158539,0,                       0,158541
36289,158540,0,                       0,158540,158540,0,                       0,158540
36290,158539,0,                       0,158541,158541,0,                       0,158539
36291,158540,0,                       0,158540,158540,0,                       0,158540
36292,158539,0,                       0,158541,158541,0,                       0,158539
36293,158540,0,                       0,158540,158540,0,                       0,158540
36294,158539,0,                       0,158541,158541,0,                       0,158539
36295,158540,0,                       0,158540,158540,0,                       0,158540
36296,158539,0,                       0,158541,158541,0,                       0,158539
36297,158540,0,                       0,158540,158540,0,                       0,158540
36298,158539,0,                       0,158541,158541,0,                       0,158539
36299,158540,0,                       0,158540,158540,0,                       0,158540
36300,158539,0,                       0,158541,158541,0,                       0,158539
36301,158538,0,                       0,158542,158542,0,                       0,158538
36302,158539,0,                       0,158541,158541,0,                       0,158539
36303,158540,0,                       0,158540,158540,0,                       0,158540
36304,158539,0,                       0,158541,158541,0,                       0,158539
36305,158540,0,                       0,158540,158540,0,                       0,158540
36306,158539,0,                       0,158541,158541,0,                       0,158539
36307,158540,0,                       0,158540,158540,0,                       0,158540
36308,158539,0,                       0,158541,158541,0,                       0,158539
36309,158538,0,                       0,158542,158542,0,                       0,158538
36310,158539,0,                       0,158541,158541,0,                       0,158539
36311,158540,0,                       0,158540,158540,0,                       0,158540
36312,158541,0,                       0,158539,158539,0,                       0,158541
36313,158542,0,                       0,158538,158538,0,                       0,158542
36314,158541,0,                       0,158539,158539,0,                       0,158541
36315,158542,0,                       0,158538,158538,0,                       0,158542
36316,158543,0,                       0,158537,158537,0,                       0,158543
36317,158542,0,                       0,158538,158538,0,                       0,158542
36318,158541,0,                       0,158539,158539,0,                       0,158541
36319,158540,0,                       0,158540,158540,0,                       0,158540
36320,158541,0,                       0,158539,158539,0,                       0,158541
36321,158540,0,                       0,158540,158540,0,                       0,158540
36322,158539,0,                       0,158541,158541,0,                       0,158539
36323,158540,0,                       0,158540,158540,0,                       0,158540
36324,158541,0,                       0,158539,158539,0,                       0,158541
36325,158540,0,                       0,158540,158540,0,                       0,158540
36326,158539,0,                       0,158541,158541,0,                       0,158539
36327,158538,0,                       0,158542,158542,0,                       0,158538
36328,158539,0,                       0,158541,158541,0,                       0,158539
36329,158538,0,                       0,158542,158542,0,                       0,158538
36330,158539,0,                       0,158541,158541,0,                       0,158539
36331,158540,0,                       0,158540,158540,0,                       0,158540
36332,158541,0,                       0,158539,158539,0,                       0,158541
36333,158540,0,                       0,158540,158540,0,                       0,158540
36334,158541,0,                       0,158539,158539,0,                       0,158541
36335,158542,0,                       0,158538,158538,0,                       0,158542
36336,158543,0,                       0,158537,158537,0,                       0,158543
36337,158542,0,                       0,158538,158538,0,                       0,158542
36338,158543,0,                       0,158537,158537,0,                       0,158543
36339,158542,0,                       0,158538,158538,0,                       0,158542
36340,158541,0,                       0,158539,158539,0,                       0,158541
36341,158540,0,                       0,158540,158540,0,                       0,158540
36342,158539,0,                       0,158541,158541,0,                       0,158539
36343,158540,0,                       0,158540,158540,0,                       0,158540
36344,158541,0,                       0,158539,158539,0,                       0,158541
36345,158542,0,                       0,158538,158538,0,                       0,158542
36346,158543,0,                       0,158537,158537,0,                       0,158543
36347,158542,0,                       0,158538,158538,0,                       0,158542
36348,158541,0,                       0,158539,158539,0,                       0,158541
36349,158540,0,                       0,158540,158540,0,                       0,158540
36350,158539,0,                       0,158541,158541,0,                       0,158539
36351,158540,0,                       0,158540,158540,0,                       0,158540
36352,158539,0,                       0,158541,158541,0,                       0,158539
36353,158538,0,                       0,158542,158542,0,                       0,158538
36354,158539,0,                       0,158541,158541,0,                       0,158539
36355,158540,0,                       0,158540,158540,0,                       0,158540
36356,158541,0,                       0,158539,158539,0,                       0,158541
36357,158540,0,                       0,158540,158540,0,                       0,158540
36358,158539,0,                       0,158541,158541,0,                       0,158539
36359,158538,0,                       0,158542,158542,0,                       0,158538
36360,158539,0,                       0,158541,158541,0,                       0,158539
36361,158540,0,                       0,158540,158540,0,                       0,158540
36362,158541,0,                       0,158539,158539,0,                       0,158541
36363,158540,0,                       0,158540,158540,0,                       0,158540
36364,158541,0,                       0,158539,158539,0,                       0,158541
36365,158540,0,                       0,158540,158540,0,                       0,158540
36366,158541,0,                       0,158539,158539,0,                       0,158541
36367,158540,0,                       0,158540,158540,0,                       0,158540
36368,158541,0,                       0,158539,158539,0,                       0,158541
36369,158542,0,                       0,158538,158538,0,                       0,158542
36370,158541,0,                       0,158539,158539,0,                       0,158541
36371,158540,0,                       0,158540,158540,0,                       0,158540
36372,158541,0,                       0,158539,158539,0,                       0,158541
36373,158540,0,                       0,158540,158540,0,                       0,158540
36374,158539,0,                       0,158541,158541,0,                       0,158539
36375,158540,0,                       0,158540,158540,0,                       0,158540
36376,158539,0,                       0,158541,158541,0,                       0,158539
36377,158540,0,                       0,158540,158540,0,                       0,158540
36378,158539,0,                       0,158541,158541,0,                       0,158539
36379,158540,0,                       0,158540,158540,0,                       0,158540
36380,158541,0,                       0,158539,158539,0,                       0,158541
36381,158542,0,                       0,158538,158538,0,                       0,158542
36382,158541,0,                       0,158539,158539,0,                       0,158541
36383,158542,0,                       0,158538,158538,0,                       0,158542
36384,158543,0,                       0,158537,158537,0,                       0,158543
36385,158542,0,                       0,158538,158538,0,                       0,158542
36386,158541,0,                       0,158539,158539,0,                       0,158541
36387,158540,0,                       0,158540,158540,0,                       0,158540
36388,158541,0,                       0,158539,158539,0,                       0,158541
36389,158542,0,                       0,158538,158538,0,                       0,158542
36390,158543,0,                       0,158537,158537,0,                       0,158543
36391,158544,0,                       0,158536,158536,0,                       0,158544
36392,158545,0,                       0,158535,158535,0,                       0,158545
36393,158546,0,                       0,158534,158534,0,                       0,158546
36394,158547,0,                       0,158533,158533,0,                       0,158547
36395,158546,0,                       0,158534,158534,0,                       0,158546
36396,158545,0,                       0,158535,158535,0,                       0,158545
36397,158544,0,                       0,158536,158536,0,                       0,158544
36398,158543,0,                       0,158537,158537,0,                       0,158543
36399,158542,0,                       0,158538,158538,0,                       0,158542
36400,158541,0,                       0,158539,158539,0,                       0,158541
36401,158540,0,                       0,158540,158540,0,                       0,158540
36402,158539,0,                       0,158541,158541,0,                       0,158539
36403,158538,0,                       0,158542,158542,0,                       0,158538
36404,158539,0,                       0,158541,158541,0,                       0,158539
36405,158538,0,                       0,158542,158542,0,                       0,158538
36406,158539,0,                       0,158541,158541,0,                       0,158539
36407,158540,0,                       0,158540,158540,0,                       0,158540
36408,158539,0,                       0,158541,158541,0,                       0,158539
36409,158538,0,                       0,158542,158542,0,                       0,158538
36410,158537,0,                       0,158543,158543,0,                       0,158537
36411,158538,0,                       0,158542,158542,0,                       0,158538
36412,158539,0,                       0,158541,158541,0,                       0,158539
36413,158538,0,                       0,158542,158542,0,                       0,158538
36414,158539,0,                       0,158541,158541,0,                       0,158539
36415,158540,0,                       0,158540,158540,0,                       0,158540
36416,158541,0,                       0,158539,158539,0,                       0,158541
36417,158540,0,                       0,158540,158540,0,                       0,158540
36418,158541,0,                       0,158539,158539,0,                       0,158541
36419,158540,0,                       0,158540,158540,0,                       0,158540
36420,158541,0,                       0,158539,158539,0,                       0,158541
36421,158540,0,                       0,158540,158540,0,                       0,158540
36422,158541,0,                       0,158539,158539,0,                       0,158541
36423,158540,0,                       0,158540,158540,0,                       0,158540
36424,158539,0,                       0,158541,158541,0,                       0,158539
36425,158540,0,                       0,158540,158540,0,                       0,158540
36426,158541,0,                       0,158539,158539,0,                       0,158541
36427,158540,0,                       0,158540,158540,0,                       0,158540
36428,158541,0,                       0,158539,158539,0,                       0,158541
36429,158540,0,                       0,158540,158540,0,                       0,158540
36430,158539,0,                       0,158541,158541,0,                       0,158539
36431,158540,0,                       0,158540,158540,0,                       0,158540
36432,158539,0,                       0,158541,158541,0,                       0,158539
36433,158540,0,                       0,158540,158540,0,                       0,158540
36434,158541,0,                       0,158539,158539,0,                       0,158541
36435,158540,0,                       0,158540,158540,0,                       0,158540
36436,158539,0,                       0,158541,158541,0,                       0,158539
36437,158538,0,                       0,158542,158542,0,                       0,158538
36438,158539,0,                       0,158541,158541,0,                       0,158539
36439,158540,0,                       0,158540,158540,0,                       0,158540
36440,158541,0,                       0,158539,158539,0,                       0,158541
36441,158542,0,                       0,158538,158538,0,                       0,158542
36442,158543,0,                       0,158537,158537,0,                       0,158543
36443,158544,0,                       0,158536,158536,0,                       0,158544
36444,158545,0,                       0,158535,158535,0,                       0,158545
36445,158546,0,                       0,158534,158534,0,                       0,158546
36446,158545,0,                       0,158535,158535,0,                       0,158545
36447,158544,0,                       0,158536,158536,0,                       0,158544
36448,158543,0,                       0,158537,158537,0,                       0,158543
36449,158542,0,                       0,158538,158538,0,                       0,158542
36450,158541,0,                       0,158539,158539,0,                       0,158541
36451,158542,0,                       0,158538,158538,0,                       0,158542
36452,158541,0,                       0,158539,158539,0,                       0,158541
36453,158540,0,                       0,158540,158540,0,                       0,158540
36454,158541,0,                       0,158539,158539,0,                       0,158541
36455,158540,0,                       0,158540,158540,0,                       0,158540
36456,158541,0,                       0,158539,158539,0,                       0,158541
36457,158540,0,                       0,158540,158540,0,                       0,158540
36458,158539,0,                       0,158541,158541,0,                       0,158539
36459,158540,0,                       0,158540,158540,0,                       0,158540
36460,158541,0,                       0,158539,158539,0,                       0,158541
36461,158542,0,                       0,158538,158538,0,                       0,158542
36462,158541,0,                       0,158539,158539,0,                       0,158541
36463,158540,0,                       0,158540,158540,0,                       0,158540
36464,158539,0,                       0,158541,158541,0,                       0,158539
36465,158540,0,                       0,158540,158540,0,                       0,158540
36466,158541,0,                       0,158539,158539,0,                       0,158541
36467,158540,0,                       0,158540,158540,0,                       0,158540
36468,158539,0,                       0,158541,158541,0,                       0,158539
36469,158540,0,                       0,158540,158540,0,                       0,158540
36470,158541,0,                       0,158539,158539,0,                       0,158541
36471,158542,0,                       0,158538,158538,0,                       0,158542
36472,158541,0,                       0,158539,158539,0,                       0,158541
36473,158540,0,                       0,158540,158540,0,                       0,158540
36474,158541,0,                       0,158539,158539,0,                       0,158541
36475,158540,0,                       0,158540,158540,0,                       0,158540
36476,158539,0,                       0,158541,158541,0,                       0,158539
36477,158538,0,                       0,158542,158542,0,                       0,158538
36478,158539,0,                       0,158541,158541,0,                       0,158539
36479,158540,0,                       0,158540,158540,0,                       0,158540
36480,158541,0,                       0,158539,158539,0,                       0,158541
36481,158542,0,                       0,158538,158538,0,                       0,158542
36482,158541,0,                       0,158539,158539,0,                       0,158541
36483,158542,0,                       0,158538,158538,0,                       0,158542
36484,158541,0,                       0,158539,158539,0,                       0,158541
36485,158540,0,                       0,158540,158540,0,                       0,158540
36486,158539,0,                       0,158541,158541,0,                       0,158539
36487,158538,0,                       0,158542,158542,0,                       0,158538
36488,158539,0,                       0,158541,158541,0,                       0,158539
36489,158540,0,                       0,158540,158540,0,                       0,158540
36490,158539,0,                       0,158541,158541,0,                       0,158539
36491,158540,0,                       0,158540,158540,0,                       0,158540
36492,158541,0,                       0,158539,158539,0,                       0,158541
36493,158542,0,                       0,158538,158538,0,                       0,158542
36494,158541,0,                       0,158539,158539,0,                       0,158541
36495,158542,0,                       0,158538,158538,0,                       0,158542
36496,158541,0,                       0,158539,158539,0,                       0,158541
36497,158540,0,                       0,158540,158540,0,                       0,158540
36498,158539,0,                       0,158541,158541,0,                       0,158539
36499,158538,0,                       0,158542,158542,0,                       0,158538
36500,158539,0,                       0,158541,158541,0,                       0,158539
36501,158538,0,                       0,158542,158542,0,                       0,158538
36502,158539,0,                       0,158541,158541,0,                       0,158539
36503,158540,0,                       0,158540,158540,0,                       0,158540
36504,158539,0,                       0,158541,158541,0,                       0,158539
36505,158540,0,                       0,158540,158540,0,                       0,158540
36506,158539,0,                       0,158541,158541,0,                       0,158539
36507,158540,0,                       0,158540,158540,0,                       0,158540
36508,158539,0,                       0,158541,158541,0,                       0,158539
36509,158540,0,                       0,158540,158540,0,                       0,158540
36510,158541,0,                       0,158539,158539,0,                       0,158541
36511,158540,0,                       0,158540,158540,0,                       0,158540
36512,158541,0,                       0,158539,158539,0,                       0,158541
36513,158540,0,                       0,158540,158540,0,                       0,158540
36514,158539,0,                       0,158541,158541,0,                       0,158539
36515,158540,0,                       0,158540,158540,0,                       0,158540
36516,158541,0,                       0,158539,158539,0,                       0,158541
36517,158540,0,                       0,158540,158540,0,                       0,158540
36518,158541,0,                       0,158539,158539,0,                       0,158541
36519,158542,0,                       0,158538,158538,0,                       0,158542
36520,158541,0,                       0,158539,158539,0,                       0,158541
36521,158542,0,                       0,158538,158538,0,                       0,158542
36522,158541,0,                       0,158539,158539,0,                       0,158541
36523,158542,0,                       0,158538,158538,0,                       0,158542
36524,158541,0,                       0,158539,158539,0,                       0,158541
36525,158540,0,                       0,158540,158540,0,                       0,158540
36526,158539,0,                       0,158541,158541,0,                       0,158539
36527,158540,0,                       0,158540,158540,0,                       0,158540
36528,158539,0,                       0,158541,158541,0,                       0,158539
36529,158540,0,                       0,158540,158540,0,                       0,158540
36530,158541,0,                       0,158539,158539,0,                       0,158541
36531,158540,0,                       0,158540,158540,0,                       0,158540
36532,158539,0,                       0,158541,158541,0,                       0,158539
36533,158538,0,                       0,158542,158542,0,                       0,158538
36534,158539,0,                       0,158541,158541,0,                       0,158539
36535,158540,0,                       0,158540,158540,0,                       0,158540
36536,158541,0,                       0,158539,158539,0,                       0,158541
36537,158542,0,                       0,158538,158538,0,                       0,158542
36538,158541,0,                       0,158539,158539,0,                       0,158541
36539,158540,0,                       0,158540,158540,0,                       0,158540
36540,158539,0,                       0,158541,158541,0,                       0,158539
36541,158540,0,                       0,158540,158540,0,                       0,158540
36542,158539,0,                       0,158541,158541,0,                       0,158539
36543,158538,0,                       0,158542,158542,0,                       0,158538
36544,158539,0,                       0,158541,158541,0,                       0,158539
36545,158538,0,                       0,158542,158542,0,                       0,158538
36546,158537,0,                       0,158543,158543,0,                       0,158537
36547,158538,0,                       0,158542,158542,0,                       0,158538
36548,158537,0,                       0,158543,158543,0,                       0,158537
36549,158536,0,                       0,158544,158544,0,                       0,158536
36550,158537,0,                       0,158543,158543,0,                       0,158537
36551,158538,0,                       0,158542,158542,0,                       0,158538
36552,158537,0,                       0,158543,158543,0,                       0,158537
36553,158538,0,                       0,158542,158542,0,                       0,158538
36554,158539,0,                       0,158541,158541,0,                       0,158539
36555,158538,0,                       0,158542,158542,0,                       0,158538
36556,158537,0,                       0,158543,158543,0,                       0,158537
36557,158538,0,                       0,158542,158542,0,                       0,158538
36558,158539,0,                       0,158541,158541,0,                       0,158539
36559,158538,0,                       0,158542,158542,0,                       0,158538
36560,158539,0,                       0,158541,158541,0,                       0,158539
36561,158538,0,                       0,158542,158542,0,                       0,158538
36562,158539,0,                       0,158541,158541,0,                       0,158539
36563,158540,0,                       0,158540,158540,0,                       0,158540
36564,158541,0,                       0,158539,158539,0,                       0,158541
36565,158540,0,                       0,158540,158540,0,                       0,158540
36566,158539,0,                       0,158541,158541,0,                       0,158539
36567,158538,0,                       0,158542,158542,0,                       0,158538
36568,158539,0,                       0,158541,158541,0,                       0,158539
36569,158540,0,                       0,158540,158540,0,                       0,158540
36570,158541,0,                       0,158539,158539,0,                       0,158541
36571,158542,0,                       0,158538,158538,0,                       0,158542
36572,158541,0,                       0,158539,158539,0,                       0,158541
36573,158540,0,                       0,158540,158540,0,                       0,158540
36574,158539,0,                       0,158541,158541,0,                       0,158539
36575,158540,0,                       0,158540,158540,0,                       0,158540
36576,158541,0,                       0,158539,158539,0,                       0,158541
36577,158542,0,                       0,158538,158538,0,                       0,158542
36578,158541,0,                       0,158539,158539,0,                       0,158541
36579,158540,0,                       0,158540,158540,0,                       0,158540
36580,158539,0,                       0,158541,158541,0,                       0,158539
36581,158540,0,                       0,158540,158540,0,                       0,158540
36582,158541,0,                       0,158539,158539,0,                       0,158541
36583,158542,0,                       0,158538,158538,0,                       0,158542
36584,158541,0,                       0,158539,158539,0,                       0,158541
36585,158540,0,                       0,158540,158540,0,                       0,158540
36586,158539,0,                       0,158541,158541,0,                       0,158539
36587,158540,0,                       0,158540,158540,0,                       0,158540
36588,158541,0,                       0,158539,158539,0,                       0,158541
36589,158542,0,                       0,158538,158538,0,                       0,158542
36590,158541,0,                       0,158539,158539,0,                       0,158541
36591,158540,0,                       0,158540,158540,0,                       0,158540
36592,158541,0,                       0,158539,158539,0,                       0,158541
36593,158542,0,                       0,158538,158538,0,                       0,158542
36594,158541,0,                       0,158539,158539,0,                       0,158541
36595,158540,0,                       0,158540,158540,0,                       0,158540
36596,158541,0,                       0,158539,158539,0,                       0,158541
36597,158542,0,                       0,158538,158538,0,                       0,158542
36598,158543,0,                       0,158537,158537,0,                       0,158543
36599,158544,0,                       0,158536,158536,0,                       0,158544
36600,158545,0,                       0,158535,158535,0,                       0,158545
36601,158546,0,                       0,158534,158534,0,                       0,158546
36602,158547,0,                       0,158533,158533,0,                       0,158547
36603,158546,0,                       0,158534,158534,0,                       0,158546
36604,158545,0,                       0,158535,158535,0,                       0,158545
36605,158544,0,                       0,158536,158536,0,                       0,158544
36606,158543,0,                       0,158537,158537,0,                       0,158543
36607,158542,0,                       0,158538,158538,0,                       0,158542
36608,158541,0,                       0,158539,158539,0,                       0,158541
36609,158540,0,                       0,158540,158540,0,                       0,158540
36610,158539,0,                       0,158541,158541,0,                       0,158539
36611,158538,0,                       0,158542,158542,0,                       0,158538
36612,158539,0,                       0,158541,158541,0,                       0,158539
36613,158540,0,                       0,158540,158540,0,                       0,158540
36614,158539,0,                       0,158541,158541,0,                       0,158539
36615,158538,0,                       0,158542,158542,0,                       0,158538
36616,158537,0,                       0,158543,158543,0,                       0,158537
36617,158538,0,                       0,158542,158542,0,                       0,158538
36618,158537,0,                       0,158543,158543,0,                       0,158537
36619,158538,0,                       0,158542,158542,0,                       0,158538
36620,158539,0,                       0,158541,158541,0,                       0,158539
36621,158540,0,                       0,158540,158540,0,                       0,158540
36622,158541,0,                       0,158539,158539,0,                       0,158541
36623,158540,0,                       0,158540,158540,0,                       0,158540
36624,158541,0,                       0,158539,158539,0,                       0,158541
36625,158540,0,                       0,158540,158540,0,                       0,158540
36626,158539,0,                       0,158541,158541,0,                       0,158539
36627,158540,0,                       0,158540,158540,0,                       0,158540
36628,158541,0,                       0,158539,158539,0,                       0,158541
36629,158540,0,                       0,158540,158540,0,                       0,158540
36630,158541,0,                       0,158539,158539,0,                       0,158541
36631,158540,0,                       0,158540,158540,0,                       0,158540
36632,158539,0,                       0,158541,158541,0,                       0,158539
36633,158538,0,                       0,158542,158542,0,                       0,158538
36634,158539,0,                       0,158541,158541,0,                       0,158539
36635,158540,0,                       0,158540,158540,0,                       0,158540
36636,158539,0,                       0,158541,158541,0,                       0,158539
36637,158538,0,                       0,158542,158542,0,                       0,158538
36638,158537,0,                       0,158543,158543,0,                       0,158537
36639,158538,0,                       0,158542,158542,0,                       0,158538
36640,158537,0,                       0,158543,158543,0,                       0,158537
36641,158538,0,                       0,158542,158542,0,                       0,158538
36642,158539,0,                       0,158541,158541,0,                       0,158539
36643,158538,0,                       0,158542,158542,0,                       0,158538
36644,158539,0,                       0,158541,158541,0,                       0,158539
36645,158540,0,                       0,158540,158540,0,                       0,158540
36646,158539,0,                       0,158541,158541,0,                       0,158539
36647,158540,0,                       0,158540,158540,0,                       0,158540
36648,158541,0,                       0,158539,158539,0,                       0,158541
36649,158540,0,                       0,158540,158540,0,                       0,158540
36650,158541,0,                       0,158539,158539,0,                       0,158541
36651,158542,0,                       0,158538,158538,0,                       0,158542
36652,158541,0,                       0,158539,158539,0,                       0,158541
36653,158540,0,                       0,158540,158540,0,                       0,158540
36654,158539,0,                       0,158541,158541,0,                       0,158539
36655,158540,0,                       0,158540,158540,0,                       0,158540
36656,158539,0,                       0,158541,158541,0,                       0,158539
36657,158540,0,                       0,158540,158540,0,                       0,158540
36658,158541,0,                       0,158539,158539,0,                       0,158541
36659,158540,0,                       0,158540,158540,0,                       0,158540
36660,158539,0,                       0,158541,158541,0,                       0,158539
36661,158540,0,                       0,158540,158540,0,                       0,158540
36662,158539,0,                       0,158541,158541,0,                       0,158539
36663,158540,0,                       0,158540,158540,0,                       0,158540
36664,158541,0,                       0,158539,158539,0,                       0,158541
36665,158542,0,                       0,158538,158538,0,                       0,158542
36666,158541,0,                       0,158539,158539,0,                       0,158541
36667,158540,0,                       0,158540,158540,0,                       0,158540
36668,158541,0,                       0,158539,158539,0,                       0,158541
36669,158542,0,                       0,158538,158538,0,                       0,158542
36670,158541,0,                       0,158539,158539,0,                       0,158541
36671,158542,0,                       0,158538,158538,0,                       0,158542
36672,158541,0,                       0,158539,158539,0,                       0,158541
36673,158540,0,                       0,158540,158540,0,                       0,158540
36674,158539,0,                       0,158541,158541,0,                       0,158539
36675,158540,0,                       0,158540,158540,0,                       0,158540
36676,158539,0,                       0,158541,158541,0,                       0,158539
36677,158540,0,                       0,158540,158540,0,                       0,158540
36678,158539,0,                       0,158541,158541,0,                       0,158539
36679,158538,0,                       0,158542,158542,0,                       0,158538
36680,158539,0,                       0,158541,158541,0,                       0,158539
36681,158540,0,                       0,158540,158540,0,                       0,158540
36682,158541,0,                       0,158539,158539,0,                       0,158541
36683,158540,0,                       0,158540,158540,0,                       0,158540
36684,158539,0,                       0,158541,158541,0,                       0,158539
36685,158538,0,                       0,158542,158542,0,                       0,158538
36686,158537,0,                       0,158543,158543,0,                       0,158537
36687,158538,0,                       0,158542,158542,0,                       0,158538
36688,158539,0,                       0,158541,158541,0,                       0,158539
36689,158538,0,                       0,158542,158542,0,                       0,158538
36690,158539,0,                       0,158541,158541,0,                       0,158539
36691,158540,0,                       0,158540,158540,0,                       0,158540
36692,158541,0,                       0,158539,158539,0,                       0,158541
36693,158540,0,                       0,158540,158540,0,                       0,158540
36694,158539,0,                       0,158541,158541,0,                       0,158539
36695,158538,0,                       0,158542,158542,0,                       0,158538
36696,158539,0,                       0,158541,158541,0,                       0,158539
36697,158540,0,                       0,158540,158540,0,                       0,158540
36698,158541,0,                       0,158539,158539,0,                       0,158541
36699,158540,0,                       0,158540,158540,0,                       0,158540
36700,158541,0,                       0,158539,158539,0,                       0,158541
36701,158542,0,                       0,158538,158538,0,                       0,158542
36702,158541,0,                       0,158539,158539,0,                       0,158541
36703,158540,0,                       0,158540,158540,0,                       0,158540
36704,158541,0,                       0,158539,158539,0,                       0,158541
36705,158542,0,                       0,158538,158538,0,                       0,158542
36706,158543,0,                       0,158537,158537,0,                       0,158543
36707,158542,0,                       0,158538,158538,0,                       0,158542
36708,158541,0,                       0,158539,158539,0,                       0,158541
36709,158540,0,                       0,158540,158540,0,                       0,158540
36710,158541,0,                       0,158539,158539,0,                       0,158541
36711,158540,0,                       0,158540,158540,0,                       0,158540
36712,158541,0,                       0,158539,158539,0,                       0,158541
36713,158540,0,                       0,158540,158540,0,                       0,158540
36714,158541,0,                       0,158539,158539,0,                       0,158541
36715,158542,0,                       0,158538,158538,0,                       0,158542
36716,158541,0,                       0,158539,158539,0,                       0,158541
36717,158540,0,                       0,158540,158540,0,                       0,158540
36718,158541,0,                       0,158539,158539,0,                       0,158541
36719,158540,0,                       0,158540,158540,0,                       0,158540
36720,158541,0,                       0,158539,158539,0,                       0,158541
36721,158540,0,                       0,158540,158540,0,                       0,158540
36722,158539,0,                       0,158541,158541,0,                       0,158539
36723,158538,0,                       0,158542,158542,0,                       0,158538
36724,158539,0,                       0,158541,158541,0,                       0,158539
36725,158540,0,                       0,158540,158540,0,                       0,158540
36726,158541,0,                       0,158539,158539,0,                       0,158541
36727,158542,0,                       0,158538,158538,0,                       0,158542
36728,158541,0,                       0,158539,158539,0,                       0,158541
36729,158542,0,                       0,158538,158538,0,                       0,158542
36730,158541,0,                       0,158539,158539,0,                       0,158541
36731,158540,0,                       0,158540,158540,0,                       0,158540
36732,158541,0,                       0,158539,158539,0,                       0,158541
36733,158540,0,                       0,158540,158540,0,                       0,158540
36734,158539,0,                       0,158541,158541,0,                       0,158539
36735,158540,0,                       0,158540,158540,0,                       0,158540
36736,158541,0,                       0,158539,158539,0,                       0,158541
36737,158542,0,                       0,158538,158538,0,                       0,158542
36738,158543,0,                       0,158537,158537,0,                       0,158543
36739,158544,0,                       0,158536,158536,0,                       0,158544
36740,158543,0,                       0,158537,158537,0,                       0,158543
36741,158542,0,                       0,158538,158538,0,                       0,158542
36742,158541,0,                       0,158539,158539,0,                       0,158541
36743,158540,0,                       0,158540,158540,0,                       0,158540
36744,158541,0,                       0,158539,158539,0,                       0,158541
36745,158542,0,                       0,158538,158538,0,                       0,158542
36746,158541,0,                       0,158539,158539,0,                       0,158541
36747,158540,0,                       0,158540,158540,0,                       0,158540
36748,158541,0,                       0,158539,158539,0,                       0,158541
36749,158540,0,                       0,158540,158540,0,                       0,158540
36750,158541,0,                       0,158539,158539,0,                       0,158541
36751,158540,0,                       0,158540,158540,0,                       0,158540
36752,158541,0,                       0,158539,158539,0,                       0,158541
36753,158540,0,                       0,158540,158540,0,                       0,158540
36754,158541,0,                       0,158539,158539,0,                       0,158541
36755,158540,0,                       0,158540,158540,0,                       0,158540
36756,158541,0,                       0,158539,158539,0,                       0,158541
36757,158540,0,                       0,158540,158540,0,                       0,158540
36758,158539,0,                       0,158541,158541,0,                       0,158539
36759,158540,0,                       0,158540,158540,0,                       0,158540
36760,158539,0,                       0,158541,158541,0,                       0,158539
36761,158538,0,                       0,158542,158542,0,                       0,158538
36762,158539,0,                       0,158541,158541,0,                       0,158539
36763,158540,0,                       0,158540,158540,0,                       0,158540
36764,158541,0,                       0,158539,158539,0,                       0,158541
36765,158540,0,                       0,158540,158540,0,                       0,158540
36766,158541,0,                       0,158539,158539,0,                       0,158541
36767,158540,0,                       0,158540,158540,0,                       0,158540
36768,158541,0,                       0,158539,158539,0,                       0,158541
36769,158540,0,                       0,158540,158540,0,                       0,158540
36770,158541,0,                       0,158539,158539,0,                       0,158541
36771,158540,0,                       0,158540,158540,0,                       0,158540
36772,158539,0,                       0,158541,158541,0,                       0,158539
36773,158540,0,                       0,158540,158540,0,                       0,158540
36774,158541,0,                       0,158539,158539,0,                       0,158541
36775,158542,0,                       0,158538,158538,0,                       0,158542
36776,158541,0,                       0,158539,158539,0,                       0,158541
36777,158540,0,                       0,158540,158540,0,                       0,158540
36778,158539,0,                       0,158541,158541,0,                       0,158539
36779,158538,0,                       0,158542,158542,0,                       0,158538
36780,158539,0,                       0,158541,158541,0,                       0,158539
36781,158540,0,                       0,158540,158540,0,                       0,158540
36782,158541,0,                       0,158539,158539,0,                       0,158541
36783,158542,0,                       0,158538,158538,0,                       0,158542
36784,158541,0,                       0,158539,158539,0,                       0,158541
36785,158540,0,                       0,158540,158540,0,                       0,158540
36786,158539,0,                       0,158541,158541,0,                       0,158539
36787,158538,0,                       0,158542,158542,0,                       0,158538
36788,158537,0,                       0,158543,158543,0,                       0,158537
36789,158538,0,                       0,158542,158542,0,                       0,158538
36790,158539,0,                       0,158541,158541,0,                       0,158539
36791,158538,0,                       0,158542,158542,0,                       0,158538
36792,158539,0,                       0,158541,158541,0,                       0,158539
36793,158538,0,                       0,158542,158542,0,                       0,158538
36794,158539,0,                       0,158541,158541,0,                       0,158539
36795,158540,0,                       0,158540,158540,0,                       0,158540
36796,158541,0,                       0,158539,158539,0,                       0,158541
36797,158540,0,                       0,158540,158540,0,                       0,158540
36798,158539,0,                       0,158541,158541,0,                       0,158539
36799,158538,0,                       0,158542,158542,0,                       0,158538
36800,158539,0,                       0,158541,158541,0,                       0,158539
36801,158540,0,                       0,158540,158540,0,                       0,158540
36802,158541,0,                       0,158539,158539,0,                       0,158541
36803,158542,0,                       0,158538,158538,0,                       0,158542
36804,158543,0,                       0,158537,158537,0,                       0,158543
36805,158542,0,                       0,158538,158538,0,                       0,158542
36806,158541,0,                       0,158539,158539,0,                       0,158541
36807,158542,0,                       0,158538,158538,0,                       0,158542
36808,158543,0,                       0,158537,158537,0,                       0,158543
36809,158542,0,                       0,158538,158538,0,                       0,158542
36810,158541,0,                       0,158539,158539,0,                       0,158541
36811,158542,0,                       0,158538,158538,0,                       0,158542
36812,158541,0,                       0,158539,158539,0,                       0,158541
36813,158540,0,                       0,158540,158540,0,                       0,158540
36814,158541,0,                       0,158539,158539,0,                       0,158541
36815,158542,0,                       0,158538,158538,0,                       0,158542
36816,158541,0,                       0,158539,158539,0,                       0,158541
36817,158540,0,                       0,158540,158540,0,                       0,158540
36818,158541,0,                       0,158539,158539,0,                       0,158541
36819,158540,0,                       0,158540,158540,0,                       0,158540
36820,158541,0,                       0,158539,158539,0,                       0,158541
36821,158540,0,                       0,158540,158540,0,                       0,158540
36822,158541,0,                       0,158539,158539,0,                       0,158541
36823,158542,0,                       0,158538,158538,0,                       0,158542
36824,158543,0,                       0,158537,158537,0,                       0,158543
36825,158542,0,                       0,158538,158538,0,                       0,158542
36826,158543,0,                       0,158537,158537,0,                       0,158543
36827,158542,0,                       0,158538,158538,0,                       0,158542
36828,158543,0,                       0,158537,158537,0,                       0,158543
36829,158542,0,                       0,158538,158538,0,                       0,158542
36830,158541,0,                       0,158539,158539,0,                       0,158541
36831,158540,0,                       0,158540,158540,0,                       0,158540
36832,158541,0,                       0,158539,158539,0,                       0,158541
36833,158540,0,                       0,158540,158540,0,                       0,158540
36834,158541,0,                       0,158539,158539,0,                       0,158541
36835,158540,0,                       0,158540,158540,0,                       0,158540
36836,158541,0,                       0,158539,158539,0,                       0,158541
36837,158540,0,                       0,158540,158540,0,                       0,158540
36838,158541,0,                       0,158539,158539,0,                       0,158541
36839,158540,0,                       0,158540,158540,0,                       0,158540
36840,158539,0,                       0,158541,158541,0,                       0,158539
36841,158538,0,                       0,158542,158542,0,                       0,158538
36842,158539,0,                       0,158541,158541,0,                       0,158539
36843,158540,0,                       0,158540,158540,0,                       0,158540
36844,158539,0,                       0,158541,158541,0,                       0,158539
36845,158538,0,                       0,158542,158542,0,                       0,158538
36846,158539,0,                       0,158541,158541,0,                       0,158539
36847,158540,0,                       0,158540,158540,0,                       0,158540
36848,158541,0,                       0,158539,158539,0,                       0,158541
36849,158542,0,                       0,158538,158538,0,                       0,158542
36850,158541,0,                       0,158539,158539,0,                       0,158541
36851,158542,0,                       0,158538,158538,0,                       0,158542
36852,158543,0,                       0,158537,158537,0,                       0,158543
36853,158544,0,                       0,158536,158536,0,                       0,158544
36854,158545,0,                       0,158535,158535,0,                       0,158545
36855,158544,0,                       0,158536,158536,0,                       0,158544
36856,158543,0,                       0,158537,158537,0,                       0,158543
36857,158542,0,                       0,158538,158538,0,                       0,158542
36858,158541,0,                       0,158539,158539,0,                       0,158541
36859,158540,0,                       0,158540,158540,0,                       0,158540
36860,158539,0,                       0,158541,158541,0,                       0,158539
36861,158538,0,                       0,158542,158542,0,                       0,158538
36862,158539,0,                       0,158541,158541,0,                       0,158539
36863,158538,0,                       0,158542,158542,0,                       0,158538
36864,158537,0,                       0,158543,158543,0,                       0,158537
36865,158536,0,                       0,158544,158544,0,                       0,158536
36866,158537,0,                       0,158543,158543,0,                       0,158537
36867,158538,0,                       0,158542,158542,0,                       0,158538
36868,158539,0,                       0,158541,158541,0,                       0,158539
36869,158540,0,                       0,158540,158540,0,                       0,158540
36870,158539,0,                       0,158541,158541,0,                       0,158539
36871,158540,0,                       0,158540,158540,0,                       0,158540
36872,158541,0,                       0,158539,158539,0,                       0,158541
36873,158540,0,                       0,158540,158540,0,                       0,158540
36874,158541,0,                       0,158539,158539,0,                       0,158541
36875,158540,0,                       0,158540,158540,0,                       0,158540
36876,158539,0,                       0,158541,158541,0,                       0,158539
36877,158540,0,                       0,158540,158540,0,                       0,158540
36878,158541,0,                       0,158539,158539,0,                       0,158541
36879,158540,0,                       0,158540,158540,0,                       0,158540
36880,158539,0,                       0,158541,158541,0,                       0,158539
36881,158540,0,                       0,158540,158540,0,                       0,158540
36882,158541,0,                       0,158539,158539,0,                       0,158541
36883,158540,0,                       0,158540,158540,0,                       0,158540
36884,158541,0,                       0,158539,158539,0,                       0,158541
36885,158540,0,                       0,158540,158540,0,                       0,158540
36886,158539,0,                       0,158541,158541,0,                       0,158539
36887,158540,0,                       0,158540,158540,0,                       0,158540
36888,158539,0,                       0,158541,158541,0,                       0,158539
36889,158540,0,                       0,158540,158540,0,                       0,158540
36890,158539,0,                       0,158541,158541,0,                       0,158539
36891,158538,0,                       0,158542,158542,0,                       0,158538
36892,158537,0,                       0,158543,158543,0,                       0,158537
36893,158538,0,                       0,158542,158542,0,                       0,158538
36894,158539,0,                       0,158541,158541,0,                       0,158539
36895,158538,0,                       0,158542,158542,0,                       0,158538
36896,158539,0,                       0,158541,158541,0,                       0,158539
36897,158540,0,                       0,158540,158540,0,                       0,158540
36898,158541,0,                       0,158539,158539,0,                       0,158541
36899,158540,0,                       0,158540,158540,0,                       0,158540
36900,158541,0,                       0,158539,158539,0,                       0,158541
36901,158540,0,                       0,158540,158540,0,                       0,158540
36902,158539,0,                       0,158541,158541,0,                       0,158539
36903,158538,0,                       0,158542,158542,0,                       0,158538
36904,158539,0,                       0,158541,158541,0,                       0,158539
36905,158538,0,                       0,158542,158542,0,                       0,158538
36906,158539,0,                       0,158541,158541,0,                       0,158539
36907,158540,0,                       0,158540,158540,0,                       0,158540
36908,158541,0,                       0,158539,158539,0,                       0,158541
36909,158540,0,                       0,158540,158540,0,                       0,158540
36910,158541,0,                       0,158539,158539,0,                       0,158541
36911,158540,0,                       0,158540,158540,0,                       0,158540
36912,158541,0,                       0,158539,158539,0,                       0,158541
36913,158540,0,                       0,158540,158540,0,                       0,158540
36914,158539,0,                       0,158541,158541,0,                       0,158539
36915,158540,0,                       0,158540,158540,0,                       0,158540
36916,158541,0,                       0,158539,158539,0,                       0,158541
36917,158542,0,                       0,158538,158538,0,                       0,158542
36918,158541,0,                       0,158539,158539,0,                       0,158541
36919,158540,0,                       0,158540,158540,0,                       0,158540
36920,158541,0,                       0,158539,158539,0,                       0,158541
36921,158540,0,                       0,158540,158540,0,                       0,158540
36922,158539,0,                       0,158541,158541,0,                       0,158539
36923,158538,0,                       0,158542,158542,0,                       0,158538
36924,158539,0,                       0,158541,158541,0,                       0,158539
36925,158540,0,                       0,158540,158540,0,                       0,158540
36926,158541,0,                       0,158539,158539,0,                       0,158541
36927,158542,0,                       0,158538,158538,0,                       0,158542
36928,158541,0,                       0,158539,158539,0,                       0,158541
36929,158540,0,                       0,158540,158540,0,                       0,158540
36930,158541,0,                       0,158539,158539,0,                       0,158541
36931,158540,0,                       0,158540,158540,0,                       0,158540
36932,158539,0,                       0,158541,158541,0,                       0,158539
36933,158540,0,                       0,158540,158540,0,                       0,158540
36934,158539,0,                       0,158541,158541,0,                       0,158539
36935,158540,0,                       0,158540,158540,0,                       0,158540
36936,158539,0,                       0,158541,158541,0,                       0,158539
36937,158540,0,                       0,158540,158540,0,                       0,158540
36938,158539,0,                       0,158541,158541,0,                       0,158539
36939,158540,0,                       0,158540,158540,0,                       0,158540
36940,158539,0,                       0,158541,158541,0,                       0,158539
36941,158540,0,                       0,158540,158540,0,                       0,158540
36942,158541,0,                       0,158539,158539,0,                       0,158541
36943,158540,0,                       0,158540,158540,0,                       0,158540
36944,158539,0,                       0,158541,158541,0,                       0,158539
36945,158538,0,                       0,158542,158542,0,                       0,158538
36946,158539,0,                       0,158541,158541,0,                       0,158539
36947,158540,0,                       0,158540,158540,0,                       0,158540
36948,158541,0,                       0,158539,158539,0,                       0,158541
36949,158540,0,                       0,158540,158540,0,                       0,158540
36950,158539,0,                       0,158541,158541,0,                       0,158539
36951,158540,0,                       0,158540,158540,0,                       0,158540
36952,158541,0,                       0,158539,158539,0,                       0,158541
36953,158542,0,                       0,158538,158538,0,                       0,158542
36954,158543,0,                       0,158537,158537,0,                       0,158543
36955,158544,0,                       0,158536,158536,0,                       0,158544
36956,158543,0,                       0,158537,158537,0,                       0,158543
36957,158542,0,                       0,158538,158538,0,                       0,158542
36958,158541,0,                       0,158539,158539,0,                       0,158541
36959,158540,0,                       0,158540,158540,0,                       0,158540
36960,158539,0,                       0,158541,158541,0,                       0,158539
36961,158540,0,                       0,158540,158540,0,                       0,158540
36962,158541,0,                       0,158539,158539,0,                       0,158541
36963,158542,0,                       0,158538,158538,0,                       0,158542
36964,158541,0,                       0,158539,158539,0,                       0,158541
36965,158540,0,                       0,158540,158540,0,                       0,158540
36966,158539,0,                       0,158541,158541,0,                       0,158539
36967,158540,0,                       0,158540,158540,0,                       0,158540
36968,158541,0,                       0,158539,158539,0,                       0,158541
36969,158542,0,                       0,158538,158538,0,                       0,158542
36970,158541,0,                       0,158539,158539,0,                       0,158541
36971,158540,0,                       0,158540,158540,0,                       0,158540
36972,158539,0,                       0,158541,158541,0,                       0,158539
36973,158538,0,                       0,158542,158542,0,                       0,158538
36974,158537,0,                       0,158543,158543,0,                       0,158537
36975,158538,0,                       0,158542,158542,0,                       0,158538
36976,158539,0,                       0,158541,158541,0,                       0,158539
36977,158540,0,                       0,158540,158540,0,                       0,158540
36978,158541,0,                       0,158539,158539,0,                       0,158541
36979,158540,0,                       0,158540,158540,0,                       0,158540
36980,158539,0,                       0,158541,158541,0,                       0,158539
36981,158540,0,                       0,158540,158540,0,                       0,158540
36982,158539,0,                       0,158541,158541,0,                       0,158539
36983,158540,0,                       0,158540,158540,0,                       0,158540
36984,158541,0,                       0,158539,158539,0,                       0,158541
36985,158542,0,                       0,158538,158538,0,                       0,158542
36986,158541,0,                       0,158539,158539,0,                       0,158541
36987,158542,0,                       0,158538,158538,0,                       0,158542
36988,158541,0,                       0,158539,158539,0,                       0,158541
36989,158540,0,                       0,158540,158540,0,                       0,158540
36990,158541,0,                       0,158539,158539,0,                       0,158541
36991,158540,0,                       0,158540,158540,0,                       0,158540
36992,158541,0,                       0,158539,158539,0,                       0,158541
36993,158540,0,                       0,158540,158540,0,                       0,158540
36994,158541,0,                       0,158539,158539,0,                       0,158541
36995,158540,0,                       0,158540,158540,0,                       0,158540
36996,158541,0,                       0,158539,158539,0,                       0,158541
36997,158542,0,                       0,158538,158538,0,                       0,158542
36998,158541,0,                       0,158539,158539,0,                       0,158541
36999,158540,0,                       0,158540,158540,0,                       0,158540
37000,158539,0,                       0,158541,158541,0,                       0,158539
37001,158538,0,                       0,158542,158542,0,                       0,158538
37002,158539,0,                       0,158541,158541,0,                       0,158539
37003,158540,0,                       0,158540,158540,0,                       0,158540
37004,158539,0,                       0,158541,158541,0,                       0,158539
37005,158540,0,                       0,158540,158540,0,                       0,158540
37006,158541,0,                       0,158539,158539,0,                       0,158541
37007,158540,0,                       0,158540,158540,0,                       0,158540
37008,158539,0,                       0,158541,158541,0,                       0,158539
37009,158540,0,                       0,158540,158540,0,                       0,158540
37010,158539,0,                       0,158541,158541,0,                       0,158539
37011,158538,0,                       0,158542,158542,0,                       0,158538
37012,158539,0,                       0,158541,158541,0,                       0,158539
37013,158538,0,                       0,158542,158542,0,                       0,158538
37014,158537,0,                       0,158543,158543,0,                       0,158537
37015,158538,0,                       0,158542,158542,0,                       0,158538
37016,158537,0,                       0,158543,158543,0,                       0,158537
37017,158536,0,                       0,158544,158544,0,                       0,158536
37018,158535,0,                       0,158545,158545,0,                       0,158535
37019,158534,0,                       0,158546,158546,0,                       0,158534
37020,158533,0,                       0,158547,158547,0,                       0,158533
37021,158534,0,                       0,158546,158546,0,                       0,158534
37022,158535,0,                       0,158545,158545,0,                       0,158535
37023,158536,0,                       0,158544,158544,0,                       0,158536
37024,158537,0,                       0,158543,158543,0,                       0,158537
37025,158538,0,                       0,158542,158542,0,                       0,158538
37026,158539,0,                       0,158541,158541,0,                       0,158539
37027,158540,0,                       0,158540,158540,0,                       0,158540
37028,158541,0,                       0,158539,158539,0,                       0,158541
37029,158542,0,                       0,158538,158538,0,                       0,158542
37030,158543,0,                       0,158537,158537,0,                       0,158543
37031,158542,0,                       0,158538,158538,0,                       0,158542
37032,158541,0,                       0,158539,158539,0,                       0,158541
37033,158542,0,                       0,158538,158538,0,                       0,158542
37034,158541,0,                       0,158539,158539,0,                       0,158541
37035,158540,0,                       0,158540,158540,0,                       0,158540
37036,158539,0,                       0,158541,158541,0,                       0,158539
37037,158538,0,                       0,158542,158542,0,                       0,158538
37038,158539,0,                       0,158541,158541,0,                       0,158539
37039,158540,0,                       0,158540,158540,0,                       0,158540
37040,158541,0,                       0,158539,158539,0,                       0,158541
37041,158542,0,                       0,158538,158538,0,                       0,158542
37042,158541,0,                       0,158539,158539,0,                       0,158541
37043,158540,0,                       0,158540,158540,0,                       0,158540
37044,158541,0,                       0,158539,158539,0,                       0,158541
37045,158540,0,                       0,158540,158540,0,                       0,158540
37046,158539,0,                       0,158541,158541,0,                       0,158539
37047,158538,0,                       0,158542,158542,0,                       0,158538
37048,158537,0,                       0,158543,158543,0,                       0,158537
37049,158538,0,                       0,158542,158542,0,                       0,158538
37050,158539,0,                       0,158541,158541,0,                       0,158539
37051,158538,0,                       0,158542,158542,0,                       0,158538
37052,158539,0,                       0,158541,158541,0,                       0,158539
37053,158540,0,                       0,158540,158540,0,                       0,158540
37054,158539,0,                       0,158541,158541,0,                       0,158539
37055,158538,0,                       0,158542,158542,0,                       0,158538
37056,158539,0,                       0,158541,158541,0,                       0,158539
37057,158538,0,                       0,158542,158542,0,                       0,158538
37058,158539,0,                       0,158541,158541,0,                       0,158539
37059,158540,0,                       0,158540,158540,0,                       0,158540
37060,158541,0,                       0,158539,158539,0,                       0,158541
37061,158540,0,                       0,158540,158540,0,                       0,158540
37062,158541,0,                       0,158539,158539,0,                       0,158541
37063,158540,0,                       0,158540,158540,0,                       0,158540
37064,158541,0,                       0,158539,158539,0,                       0,158541
37065,158540,0,                       0,158540,158540,0,                       0,158540
37066,158541,0,                       0,158539,158539,0,                       0,158541
37067,158540,0,                       0,158540,158540,0,                       0,158540
37068,158539,0,                       0,158541,158541,0,                       0,158539
37069,158540,0,                       0,158540,158540,0,                       0,158540
37070,158541,0,                       0,158539,158539,0,                       0,158541
37071,158542,0,                       0,158538,158538,0,                       0,158542
37072,158541,0,                       0,158539,158539,0,                       0,158541
37073,158540,0,                       0,158540,158540,0,                       0,158540
37074,158539,0,                       0,158541,158541,0,                       0,158539
37075,158540,0,                       0,158540,158540,0,                       0,158540
37076,158541,0,                       0,158539,158539,0,                       0,158541
37077,158540,0,                       0,158540,158540,0,                       0,158540
37078,158539,0,                       0,158541,158541,0,                       0,158539
37079,158538,0,                       0,158542,158542,0,                       0,158538
37080,158539,0,                       0,158541,158541,0,                       0,158539
37081,158538,0,                       0,158542,158542,0,                       0,158538
37082,158539,0,                       0,158541,158541,0,                       0,158539
37083,158540,0,                       0,158540,158540,0,                       0,158540
37084,158541,0,                       0,158539,158539,0,                       0,158541
37085,158540,0,                       0,158540,158540,0,                       0,158540
37086,158539,0,                       0,158541,158541,0,                       0,158539
37087,158540,0,                       0,158540,158540,0,                       0,158540
37088,158539,0,                       0,158541,158541,0,                       0,158539
37089,158540,0,                       0,158540,158540,0,                       0,158540
37090,158539,0,                       0,158541,158541,0,                       0,158539
37091,158538,0,                       0,158542,158542,0,                       0,158538
37092,158539,0,                       0,158541,158541,0,                       0,158539
37093,158540,0,                       0,158540,158540,0,                       0,158540
37094,158539,0,                       0,158541,158541,0,                       0,158539
37095,158540,0,                       0,158540,158540,0,                       0,158540
37096,158541,0,                       0,158539,158539,0,                       0,158541
37097,158540,0,                       0,158540,158540,0,                       0,158540
37098,158541,0,                       0,158539,158539,0,                       0,158541
37099,158540,0,                       0,158540,158540,0,                       0,158540
37100,158539,0,                       0,158541,158541,0,                       0,158539
37101,158540,0,                       0,158540,158540,0,                       0,158540
37102,158539,0,                       0,158541,158541,0,                       0,158539
37103,158538,0,                       0,158542,158542,0,                       0,158538
37104,158539,0,                       0,158541,158541,0,                       0,158539
37105,158538,0,                       0,158542,158542,0,                       0,158538
37106,158539,0,                       0,158541,158541,0,                       0,158539
37107,158540,0,                       0,158540,158540,0,                       0,158540
37108,158541,0,                       0,158539,158539,0,                       0,158541
37109,158542,0,                       0,158538,158538,0,                       0,158542
37110,158541,0,                       0,158539,158539,0,                       0,158541
37111,158540,0,                       0,158540,158540,0,                       0,158540
37112,158541,0,                       0,158539,158539,0,                       0,158541
37113,158540,0,                       0,158540,158540,0,                       0,158540
37114,158541,0,                       0,158539,158539,0,                       0,158541
37115,158540,0,                       0,158540,158540,0,                       0,158540
37116,158539,0,                       0,158541,158541,0,                       0,158539
37117,158538,0,                       0,158542,158542,0,                       0,158538
37118,158539,0,                       0,158541,158541,0,                       0,158539
37119,158540,0,                       0,158540,158540,0,                       0,158540
37120,158541,0,                       0,158539,158539,0,                       0,158541
37121,158540,0,                       0,158540,158540,0,                       0,158540
37122,158539,0,                       0,158541,158541,0,                       0,158539
37123,158538,0,                       0,158542,158542,0,                       0,158538
37124,158537,0,                       0,158543,158543,0,                       0,158537
37125,158538,0,                       0,158542,158542,0,                       0,158538
37126,158537,0,                       0,158543,158543,0,                       0,158537
37127,158538,0,                       0,158542,158542,0,                       0,158538
37128,158539,0,                       0,158541,158541,0,                       0,158539
37129,158540,0,                       0,158540,158540,0,                       0,158540
37130,158541,0,                       0,158539,158539,0,                       0,158541
37131,158542,0,                       0,158538,158538,0,                       0,158542
37132,158541,0,                       0,158539,158539,0,                       0,158541
37133,158540,0,                       0,158540,158540,0,                       0,158540
37134,158539,0,                       0,158541,158541,0,                       0,158539
37135,158540,0,                       0,158540,158540,0,                       0,158540
37136,158541,0,                       0,158539,158539,0,                       0,158541
37137,158540,0,                       0,158540,158540,0,                       0,158540
37138,158541,0,                       0,158539,158539,0,                       0,158541
37139,158540,0,                       0,158540,158540,0,                       0,158540
37140,158539,0,                       0,158541,158541,0,                       0,158539
37141,158540,0,                       0,158540,158540,0,                       0,158540
37142,158541,0,                       0,158539,158539,0,                       0,158541
37143,158540,0,                       0,158540,158540,0,                       0,158540
37144,158539,0,                       0,158541,158541,0,                       0,158539
37145,158538,0,                       0,158542,158542,0,                       0,158538
37146,158539,0,                       0,158541,158541,0,                       0,158539
37147,158540,0,                       0,158540,158540,0,                       0,158540
37148,158541,0,                       0,158539,158539,0,                       0,158541
37149,158540,0,                       0,158540,158540,0,                       0,158540
37150,158539,0,                       0,158541,158541,0,                       0,158539
37151,158540,0,                       0,158540,158540,0,                       0,158540
37152,158541,0,                       0,158539,158539,0,                       0,158541
37153,158540,0,                       0,158540,158540,0,                       0,158540
37154,158539,0,                       0,158541,158541,0,                       0,158539
37155,158540,0,                       0,158540,158540,0,                       0,158540
37156,158541,0,                       0,158539,158539,0,                       0,158541
37157,158540,0,                       0,158540,158540,0,                       0,158540
37158,158539,0,                       0,158541,158541,0,                       0,158539
37159,158538,0,                       0,158542,158542,0,                       0,158538
37160,158539,0,                       0,158541,158541,0,                       0,158539
37161,158540,0,                       0,158540,158540,0,                       0,158540
37162,158539,0,                       0,158541,158541,0,                       0,158539
37163,158538,0,                       0,158542,158542,0,                       0,158538
37164,158539,0,                       0,158541,158541,0,                       0,158539
37165,158540,0,                       0,158540,158540,0,                       0,158540
37166,158541,0,                       0,158539,158539,0,                       0,158541
37167,158542,0,                       0,158538,158538,0,                       0,158542
37168,158541,0,                       0,158539,158539,0,                       0,158541
37169,158540,0,                       0,158540,158540,0,                       0,158540
37170,158539,0,                       0,158541,158541,0,                       0,158539
37171,158538,0,                       0,158542,158542,0,                       0,158538
37172,158539,0,                       0,158541,158541,0,                       0,158539
37173,158540,0,                       0,158540,158540,0,                       0,158540
37174,158541,0,                       0,158539,158539,0,                       0,158541
37175,158542,0,                       0,158538,158538,0,                       0,158542
37176,158543,0,                       0,158537,158537,0,                       0,158543
37177,158544,0,                       0,158536,158536,0,                       0,158544
37178,158543,0,                       0,158537,158537,0,                       0,158543
37179,158542,0,                       0,158538,158538,0,                       0,158542
37180,158541,0,                       0,158539,158539,0,                       0,158541
37181,158540,0,                       0,158540,158540,0,                       0,158540
37182,158541,0,                       0,158539,158539,0,                       0,158541
37183,158540,0,                       0,158540,158540,0,                       0,158540
37184,158541,0,                       0,158539,158539,0,                       0,158541
37185,158542,0,                       0,158538,158538,0,                       0,158542
37186,158541,0,                       0,158539,158539,0,                       0,158541
37187,158540,0,                       0,158540,158540,0,                       0,158540
37188,158541,0,                       0,158539,158539,0,                       0,158541
37189,158542,0,                       0,158538,158538,0,                       0,158542
37190,158541,0,                       0,158539,158539,0,                       0,158541
37191,158540,0,                       0,158540,158540,0,                       0,158540
37192,158539,0,                       0,158541,158541,0,                       0,158539
37193,158540,0,                       0,158540,158540,0,                       0,158540
37194,158541,0,                       0,158539,158539,0,                       0,158541
37195,158540,0,                       0,158540,158540,0,                       0,158540
37196,158539,0,                       0,158541,158541,0,                       0,158539
37197,158540,0,                       0,158540,158540,0,                       0,158540
37198,158539,0,                       0,158541,158541,0,                       0,158539
37199,158540,0,                       0,158540,158540,0,                       0,158540
37200,158539,0,                       0,158541,158541,0,                       0,158539
37201,158540,0,                       0,158540,158540,0,                       0,158540
37202,158541,0,                       0,158539,158539,0,                       0,158541
37203,158542,0,                       0,158538,158538,0,                       0,158542
37204,158541,0,                       0,158539,158539,0,                       0,158541
37205,158540,0,                       0,158540,158540,0,                       0,158540
37206,158539,0,                       0,158541,158541,0,                       0,158539
37207,158538,0,                       0,158542,158542,0,                       0,158538
37208,158539,0,                       0,158541,158541,0,                       0,158539
37209,158540,0,                       0,158540,158540,0,                       0,158540
37210,158541,0,                       0,158539,158539,0,                       0,158541
37211,158540,0,                       0,158540,158540,0,                       0,158540
37212,158541,0,                       0,158539,158539,0,                       0,158541
37213,158540,0,                       0,158540,158540,0,                       0,158540
37214,158541,0,                       0,158539,158539,0,                       0,158541
37215,158542,0,                       0,158538,158538,0,                       0,158542
37216,158541,0,                       0,158539,158539,0,                       0,158541
37217,158540,0,                       0,158540,158540,0,                       0,158540
37218,158539,0,                       0,158541,158541,0,                       0,158539
37219,158538,0,                       0,158542,158542,0,                       0,158538
37220,158539,0,                       0,158541,158541,0,                       0,158539
37221,158540,0,                       0,158540,158540,0,                       0,158540
37222,158541,0,                       0,158539,158539,0,                       0,158541
37223,158540,0,                       0,158540,158540,0,                       0,158540
37224,158539,0,                       0,158541,158541,0,                       0,158539
37225,158540,0,                       0,158540,158540,0,                       0,158540
37226,158541,0,                       0,158539,158539,0,                       0,158541
37227,158542,0,                       0,158538,158538,0,                       0,158542
37228,158541,0,                       0,158539,158539,0,                       0,158541
37229,158540,0,                       0,158540,158540,0,                       0,158540
37230,158541,0,                       0,158539,158539,0,                       0,158541
37231,158540,0,                       0,158540,158540,0,                       0,158540
37232,158539,0,                       0,158541,158541,0,                       0,158539
37233,158540,0,                       0,158540,158540,0,                       0,158540
37234,158541,0,                       0,158539,158539,0,                       0,158541
37235,158540,0,                       0,158540,158540,0,                       0,158540
37236,158539,0,                       0,158541,158541,0,                       0,158539
37237,158540,0,                       0,158540,158540,0,                       0,158540
37238,158541,0,                       0,158539,158539,0,                       0,158541
37239,158542,0,                       0,158538,158538,0,                       0,158542
37240,158541,0,                       0,158539,158539,0,                       0,158541
37241,158540,0,                       0,158540,158540,0,                       0,158540
37242,158539,0,                       0,158541,158541,0,                       0,158539
37243,158540,0,                       0,158540,158540,0,                       0,158540
37244,158539,0,                       0,158541,158541,0,                       0,158539
37245,158538,0,                       0,158542,158542,0,                       0,158538
37246,158539,0,                       0,158541,158541,0,                       0,158539
37247,158540,0,                       0,158540,158540,0,                       0,158540
37248,158541,0,                       0,158539,158539,0,                       0,158541
37249,158540,0,                       0,158540,158540,0,                       0,158540
37250,158539,0,                       0,158541,158541,0,                       0,158539
37251,158540,0,                       0,158540,158540,0,                       0,158540
37252,158541,0,                       0,158539,158539,0,                       0,158541
37253,158542,0,                       0,158538,158538,0,                       0,158542
37254,158541,0,                       0,158539,158539,0,                       0,158541
37255,158540,0,                       0,158540,158540,0,                       0,158540
37256,158539,0,                       0,158541,158541,0,                       0,158539
37257,158540,0,                       0,158540,158540,0,                       0,158540
37258,158539,0,                       0,158541,158541,0,                       0,158539
37259,158538,0,                       0,158542,158542,0,                       0,158538
37260,158539,0,                       0,158541,158541,0,                       0,158539
37261,158540,0,                       0,158540,158540,0,                       0,158540
37262,158539,0,                       0,158541,158541,0,                       0,158539
37263,158538,0,                       0,158542,158542,0,                       0,158538
37264,158537,0,                       0,158543,158543,0,                       0,158537
37265,158538,0,                       0,158542,158542,0,                       0,158538
37266,158539,0,                       0,158541,158541,0,                       0,158539
37267,158538,0,                       0,158542,158542,0,                       0,158538
37268,158539,0,                       0,158541,158541,0,                       0,158539
37269,158540,0,                       0,158540,158540,0,                       0,158540
37270,158541,0,                       0,158539,158539,0,                       0,158541
37271,158542,0,                       0,158538,158538,0,                       0,158542
37272,158541,0,                       0,158539,158539,0,                       0,158541
37273,158542,0,                       0,158538,158538,0,                       0,158542
37274,158541,0,                       0,158539,158539,0,                       0,158541
37275,158540,0,                       0,158540,158540,0,                       0,158540
37276,158541,0,                       0,158539,158539,0,                       0,158541
37277,158540,0,                       0,158540,158540,0,                       0,158540
37278,158539,0,                       0,158541,158541,0,                       0,158539
37279,158540,0,                       0,158540,158540,0,                       0,158540
37280,158541,0,                       0,158539,158539,0,                       0,158541
37281,158540,0,                       0,158540,158540,0,                       0,158540
37282,158541,0,                       0,158539,158539,0,                       0,158541
37283,158540,0,                       0,158540,158540,0,                       0,158540
37284,158539,0,                       0,158541,158541,0,                       0,158539
37285,158538,0,                       0,158542,158542,0,                       0,158538
37286,158539,0,                       0,158541,158541,0,                       0,158539
37287,158540,0,                       0,158540,158540,0,                       0,158540
37288,158541,0,                       0,158539,158539,0,                       0,158541
37289,158540,0,                       0,158540,158540,0,                       0,158540
37290,158539,0,                       0,158541,158541,0,                       0,158539
37291,158538,0,                       0,158542,158542,0,                       0,158538
37292,158539,0,                       0,158541,158541,0,                       0,158539
37293,158540,0,                       0,158540,158540,0,                       0,158540
37294,158539,0,                       0,158541,158541,0,                       0,158539
37295,158540,0,                       0,158540,158540,0,                       0,158540
37296,158541,0,                       0,158539,158539,0,                       0,158541
37297,158542,0,                       0,158538,158538,0,                       0,158542
37298,158543,0,                       0,158537,158537,0,                       0,158543
37299,158542,0,                       0,158538,158538,0,                       0,158542
37300,158541,0,                       0,158539,158539,0,                       0,158541
37301,158540,0,                       0,158540,158540,0,                       0,158540
37302,158539,0,                       0,158541,158541,0,                       0,158539
37303,158540,0,                       0,158540,158540,0,                       0,158540
37304,158539,0,                       0,158541,158541,0,                       0,158539
37305,158538,0,                       0,158542,158542,0,                       0,158538
37306,158539,0,                       0,158541,158541,0,                       0,158539
37307,158538,0,                       0,158542,158542,0,                       0,158538
37308,158539,0,                       0,158541,158541,0,                       0,158539
37309,158540,0,                       0,158540,158540,0,                       0,158540
37310,158541,0,                       0,158539,158539,0,                       0,158541
37311,158540,0,                       0,158540,158540,0,                       0,158540
37312,158539,0,                       0,158541,158541,0,                       0,158539
37313,158540,0,                       0,158540,158540,0,                       0,158540
37314,158539,0,                       0,158541,158541,0,                       0,158539
37315,158540,0,                       0,158540,158540,0,                       0,158540
37316,158539,0,                       0,158541,158541,0,                       0,158539
37317,158540,0,                       0,158540,158540,0,                       0,158540
37318,158541,0,                       0,158539,158539,0,                       0,158541
37319,158540,0,                       0,158540,158540,0,                       0,158540
37320,158539,0,                       0,158541,158541,0,                       0,158539
37321,158538,0,                       0,158542,158542,0,                       0,158538
37322,158539,0,                       0,158541,158541,0,                       0,158539
37323,158540,0,                       0,158540,158540,0,                       0,158540
37324,158541,0,                       0,158539,158539,0,                       0,158541
37325,158542,0,                       0,158538,158538,0,                       0,158542
37326,158541,0,                       0,158539,158539,0,                       0,158541
37327,158542,0,                       0,158538,158538,0,                       0,158542
37328,158541,0,                       0,158539,158539,0,                       0,158541
37329,158542,0,                       0,158538,158538,0,                       0,158542
37330,158541,0,                       0,158539,158539,0,                       0,158541
37331,158540,0,                       0,158540,158540,0,                       0,158540
37332,158539,0,                       0,158541,158541,0,                       0,158539
37333,158540,0,                       0,158540,158540,0,                       0,158540
37334,158541,0,                       0,158539,158539,0,                       0,158541
37335,158542,0,                       0,158538,158538,0,                       0,158542
37336,158541,0,                       0,158539,158539,0,                       0,158541
37337,158540,0,                       0,158540,158540,0,                       0,158540
37338,158541,0,                       0,158539,158539,0,                       0,158541
37339,158540,0,                       0,158540,158540,0,                       0,158540
37340,158539,0,                       0,158541,158541,0,                       0,158539
37341,158540,0,                       0,158540,158540,0,                       0,158540
37342,158541,0,                       0,158539,158539,0,                       0,158541
37343,158542,0,                       0,158538,158538,0,                       0,158542
37344,158543,0,                       0,158537,158537,0,                       0,158543
37345,158542,0,                       0,158538,158538,0,                       0,158542
37346,158541,0,                       0,158539,158539,0,                       0,158541
37347,158540,0,                       0,158540,158540,0,                       0,158540
37348,158539,0,                       0,158541,158541,0,                       0,158539
37349,158538,0,                       0,158542,158542,0,                       0,158538
37350,158539,0,                       0,158541,158541,0,                       0,158539
37351,158540,0,                       0,158540,158540,0,                       0,158540
37352,158541,0,                       0,158539,158539,0,                       0,158541
37353,158540,0,                       0,158540,158540,0,                       0,158540
37354,158541,0,                       0,158539,158539,0,                       0,158541
37355,158542,0,                       0,158538,158538,0,                       0,158542
37356,158541,0,                       0,158539,158539,0,                       0,158541
37357,158540,0,                       0,158540,158540,0,                       0,158540
37358,158541,0,                       0,158539,158539,0,                       0,158541
37359,158542,0,                       0,158538,158538,0,                       0,158542
37360,158543,0,                       0,158537,158537,0,                       0,158543
37361,158542,0,                       0,158538,158538,0,                       0,158542
37362,158541,0,                       0,158539,158539,0,                       0,158541
37363,158540,0,                       0,158540,158540,0,                       0,158540
37364,158539,0,                       0,158541,158541,0,                       0,158539
37365,158538,0,                       0,158542,158542,0,                       0,158538
37366,158537,0,                       0,158543,158543,0,                       0,158537
37367,158538,0,                       0,158542,158542,0,                       0,158538
37368,158539,0,                       0,158541,158541,0,                       0,158539
37369,158540,0,                       0,158540,158540,0,                       0,158540
37370,158541,0,                       0,158539,158539,0,                       0,158541
37371,158540,0,                       0,158540,158540,0,                       0,158540
37372,158539,0,                       0,158541,158541,0,                       0,158539
37373,158540,0,                       0,158540,158540,0,                       0,158540
37374,158541,0,                       0,158539,158539,0,                       0,158541
37375,158540,0,                       0,158540,158540,0,                       0,158540
37376,158539,0,                       0,158541,158541,0,                       0,158539
37377,158540,0,                       0,158540,158540,0,                       0,158540
37378,158541,0,                       0,158539,158539,0,                       0,158541
37379,158542,0,                       0,158538,158538,0,                       0,158542
37380,158541,0,                       0,158539,158539,0,                       0,158541
37381,158540,0,                       0,158540,158540,0,                       0,158540
37382,158541,0,                       0,158539,158539,0,                       0,158541
37383,158542,0,                       0,158538,158538,0,                       0,158542
37384,158543,0,                       0,158537,158537,0,                       0,158543
37385,158544,0,                       0,158536,158536,0,                       0,158544
37386,158543,0,                       0,158537,158537,0,                       0,158543
37387,158542,0,                       0,158538,158538,0,                       0,158542
37388,158541,0,                       0,158539,158539,0,                       0,158541
37389,158540,0,                       0,158540,158540,0,                       0,158540
37390,158539,0,                       0,158541,158541,0,                       0,158539
37391,158540,0,                       0,158540,158540,0,                       0,158540
37392,158541,0,                       0,158539,158539,0,                       0,158541
37393,158540,0,                       0,158540,158540,0,                       0,158540
37394,158539,0,                       0,158541,158541,0,                       0,158539
37395,158540,0,                       0,158540,158540,0,                       0,158540
37396,158541,0,                       0,158539,158539,0,                       0,158541
37397,158542,0,                       0,158538,158538,0,                       0,158542
37398,158541,0,                       0,158539,158539,0,                       0,158541
37399,158540,0,                       0,158540,158540,0,                       0,158540
37400,158541,0,                       0,158539,158539,0,                       0,158541
37401,158540,0,                       0,158540,158540,0,                       0,158540
37402,158541,0,                       0,158539,158539,0,                       0,158541
37403,158542,0,                       0,158538,158538,0,                       0,158542
37404,158541,0,                       0,158539,158539,0,                       0,158541
37405,158540,0,                       0,158540,158540,0,                       0,158540
37406,158539,0,                       0,158541,158541,0,                       0,158539
37407,158540,0,                       0,158540,158540,0,                       0,158540
37408,158541,0,                       0,158539,158539,0,                       0,158541
37409,158540,0,                       0,158540,158540,0,                       0,158540
37410,158541,0,                       0,158539,158539,0,                       0,158541
37411,158540,0,                       0,158540,158540,0,                       0,158540
37412,158539,0,                       0,158541,158541,0,                       0,158539
37413,158540,0,                       0,158540,158540,0,                       0,158540
37414,158541,0,                       0,158539,158539,0,                       0,158541
37415,158542,0,                       0,158538,158538,0,                       0,158542
37416,158541,0,                       0,158539,158539,0,                       0,158541
37417,158542,0,                       0,158538,158538,0,                       0,158542
37418,158541,0,                       0,158539,158539,0,                       0,158541
37419,158540,0,                       0,158540,158540,0,                       0,158540
37420,158539,0,                       0,158541,158541,0,                       0,158539
37421,158538,0,                       0,158542,158542,0,                       0,158538
37422,158537,0,                       0,158543,158543,0,                       0,158537
37423,158538,0,                       0,158542,158542,0,                       0,158538
37424,158539,0,                       0,158541,158541,0,                       0,158539
37425,158540,0,                       0,158540,158540,0,                       0,158540
37426,158539,0,                       0,158541,158541,0,                       0,158539
37427,158540,0,                       0,158540,158540,0,                       0,158540
37428,158539,0,                       0,158541,158541,0,                       0,158539
37429,158538,0,                       0,158542,158542,0,                       0,158538
37430,158539,0,                       0,158541,158541,0,                       0,158539
37431,158540,0,                       0,158540,158540,0,                       0,158540
37432,158539,0,                       0,158541,158541,0,                       0,158539
37433,158540,0,                       0,158540,158540,0,                       0,158540
37434,158539,0,                       0,158541,158541,0,                       0,158539
37435,158540,0,                       0,158540,158540,0,                       0,158540
37436,158541,0,                       0,158539,158539,0,                       0,158541
37437,158540,0,                       0,158540,158540,0,                       0,158540
37438,158541,0,                       0,158539,158539,0,                       0,158541
37439,158540,0,                       0,158540,158540,0,                       0,158540
37440,158541,0,                       0,158539,158539,0,                       0,158541
37441,158542,0,                       0,158538,158538,0,                       0,158542
37442,158541,0,                       0,158539,158539,0,                       0,158541
37443,158540,0,                       0,158540,158540,0,                       0,158540
37444,158539,0,                       0,158541,158541,0,                       0,158539
37445,158540,0,                       0,158540,158540,0,                       0,158540
37446,158539,0,                       0,158541,158541,0,                       0,158539
37447,158540,0,                       0,158540,158540,0,                       0,158540
37448,158539,0,                       0,158541,158541,0,                       0,158539
37449,158538,0,                       0,158542,158542,0,                       0,158538
37450,158539,0,                       0,158541,158541,0,                       0,158539
37451,158538,0,                       0,158542,158542,0,                       0,158538
37452,158537,0,                       0,158543,158543,0,                       0,158537
37453,158538,0,                       0,158542,158542,0,                       0,158538
37454,158537,0,                       0,158543,158543,0,                       0,158537
37455,158538,0,                       0,158542,158542,0,                       0,158538
37456,158539,0,                       0,158541,158541,0,                       0,158539
37457,158540,0,                       0,158540,158540,0,                       0,158540
37458,158539,0,                       0,158541,158541,0,                       0,158539
37459,158538,0,                       0,158542,158542,0,                       0,158538
37460,158539,0,                       0,158541,158541,0,                       0,158539
37461,158540,0,                       0,158540,158540,0,                       0,158540
37462,158539,0,                       0,158541,158541,0,                       0,158539
37463,158540,0,                       0,158540,158540,0,                       0,158540
37464,158539,0,                       0,158541,158541,0,                       0,158539
37465,158540,0,                       0,158540,158540,0,                       0,158540
37466,158539,0,                       0,158541,158541,0,                       0,158539
37467,158538,0,                       0,158542,158542,0,                       0,158538
37468,158539,0,                       0,158541,158541,0,                       0,158539
37469,158538,0,                       0,158542,158542,0,                       0,158538
37470,158537,0,                       0,158543,158543,0,                       0,158537
37471,158538,0,                       0,158542,158542,0,                       0,158538
37472,158539,0,                       0,158541,158541,0,                       0,158539
37473,158538,0,                       0,158542,158542,0,                       0,158538
37474,158537,0,                       0,158543,158543,0,                       0,158537
37475,158538,0,                       0,158542,158542,0,                       0,158538
37476,158539,0,                       0,158541,158541,0,                       0,158539
37477,158540,0,                       0,158540,158540,0,                       0,158540
37478,158539,0,                       0,158541,158541,0,                       0,158539
37479,158538,0,                       0,158542,158542,0,                       0,158538
37480,158539,0,                       0,158541,158541,0,                       0,158539
37481,158540,0,                       0,158540,158540,0,                       0,158540
37482,158541,0,                       0,158539,158539,0,                       0,158541
37483,158542,0,                       0,158538,158538,0,                       0,158542
37484,158541,0,                       0,158539,158539,0,                       0,158541
37485,158540,0,                       0,158540,158540,0,                       0,158540
37486,158539,0,                       0,158541,158541,0,                       0,158539
37487,158540,0,                       0,158540,158540,0,                       0,158540
37488,158541,0,                       0,158539,158539,0,                       0,158541
37489,158540,0,                       0,158540,158540,0,                       0,158540
37490,158541,0,                       0,158539,158539,0,                       0,158541
37491,158542,0,                       0,158538,158538,0,                       0,158542
37492,158541,0,                       0,158539,158539,0,                       0,158541
37493,158540,0,                       0,158540,158540,0,                       0,158540
37494,158541,0,                       0,158539,158539,0,                       0,158541
37495,158540,0,                       0,158540,158540,0,                       0,158540
37496,158539,0,                       0,158541,158541,0,                       0,158539
37497,158540,0,                       0,158540,158540,0,                       0,158540
37498,158539,0,                       0,158541,158541,0,                       0,158539
37499,158540,0,                       0,158540,158540,0,                       0,158540
37500,158539,0,                       0,158541,158541,0,                       0,158539
37501,158540,0,                       0,158540,158540,0,                       0,158540
37502,158539,0,                       0,158541,158541,0,                       0,158539
37503,158540,0,                       0,158540,158540,0,                       0,158540
37504,158539,0,                       0,158541,158541,0,                       0,158539
37505,158540,0,                       0,158540,158540,0,                       0,158540
37506,158539,0,                       0,158541,158541,0,                       0,158539
37507,158540,0,                       0,158540,158540,0,                       0,158540
37508,158541,0,                       0,158539,158539,0,                       0,158541
37509,158540,0,                       0,158540,158540,0,                       0,158540
37510,158541,0,                       0,158539,158539,0,                       0,158541
37511,158540,0,                       0,158540,158540,0,                       0,158540
37512,158541,0,                       0,158539,158539,0,                       0,158541
37513,158540,0,                       0,158540,158540,0,                       0,158540
37514,158539,0,                       0,158541,158541,0,                       0,158539
37515,158540,0,                       0,158540,158540,0,                       0,158540
37516,158539,0,                       0,158541,158541,0,                       0,158539
37517,158540,0,                       0,158540,158540,0,                       0,158540
37518,158541,0,                       0,158539,158539,0,                       0,158541
37519,158540,0,                       0,158540,158540,0,                       0,158540
37520,158541,0,                       0,158539,158539,0,                       0,158541
37521,158540,0,                       0,158540,158540,0,                       0,158540
37522,158539,0,                       0,158541,158541,0,                       0,158539
37523,158538,0,                       0,158542,158542,0,                       0,158538
37524,158537,0,                       0,158543,158543,0,                       0,158537
37525,158538,0,                       0,158542,158542,0,                       0,158538
37526,158539,0,                       0,158541,158541,0,                       0,158539
37527,158540,0,                       0,158540,158540,0,                       0,158540
37528,158539,0,                       0,158541,158541,0,                       0,158539
37529,158540,0,                       0,158540,158540,0,                       0,158540
37530,158541,0,                       0,158539,158539,0,                       0,158541
37531,158540,0,                       0,158540,158540,0,                       0,158540
37532,158541,0,                       0,158539,158539,0,                       0,158541
37533,158540,0,                       0,158540,158540,0,                       0,158540
37534,158541,0,                       0,158539,158539,0,                       0,158541
37535,158540,0,                       0,158540,158540,0,                       0,158540
37536,158539,0,                       0,158541,158541,0,                       0,158539
37537,158540,0,                       0,158540,158540,0,                       0,158540
37538,158539,0,                       0,158541,158541,0,                       0,158539
37539,158540,0,                       0,158540,158540,0,                       0,158540
37540,158539,0,                       0,158541,158541,0,                       0,158539
37541,158538,0,                       0,158542,158542,0,                       0,158538
37542,158539,0,                       0,158541,158541,0,                       0,158539
37543,158540,0,                       0,158540,158540,0,                       0,158540
37544,158541,0,                       0,158539,158539,0,                       0,158541
37545,158540,0,                       0,158540,158540,0,                       0,158540
37546,158539,0,                       0,158541,158541,0,                       0,158539
37547,158538,0,                       0,158542,158542,0,                       0,158538
37548,158539,0,                       0,158541,158541,0,                       0,158539
37549,158540,0,                       0,158540,158540,0,                       0,158540
37550,158541,0,                       0,158539,158539,0,                       0,158541
37551,158540,0,                       0,158540,158540,0,                       0,158540
37552,158539,0,                       0,158541,158541,0,                       0,158539
37553,158540,0,                       0,158540,158540,0,                       0,158540
37554,158539,0,                       0,158541,158541,0,                       0,158539
37555,158538,0,                       0,158542,158542,0,                       0,158538
37556,158539,0,                       0,158541,158541,0,                       0,158539
37557,158540,0,                       0,158540,158540,0,                       0,158540
37558,158541,0,                       0,158539,158539,0,                       0,158541
37559,158540,0,                       0,158540,158540,0,                       0,158540
37560,158541,0,                       0,158539,158539,0,                       0,158541
37561,158542,0,                       0,158538,158538,0,                       0,158542
37562,158543,0,                       0,158537,158537,0,                       0,158543
37563,158542,0,                       0,158538,158538,0,                       0,158542
37564,158541,0,                       0,158539,158539,0,                       0,158541
37565,158542,0,                       0,158538,158538,0,                       0,158542
37566,158541,0,                       0,158539,158539,0,                       0,158541
37567,158542,0,                       0,158538,158538,0,                       0,158542
37568,158541,0,                       0,158539,158539,0,                       0,158541
37569,158540,0,                       0,158540,158540,0,                       0,158540
37570,158541,0,                       0,158539,158539,0,                       0,158541
37571,158542,0,                       0,158538,158538,0,                       0,158542
37572,158541,0,                       0,158539,158539,0,                       0,158541
37573,158540,0,                       0,158540,158540,0,                       0,158540
37574,158539,0,                       0,158541,158541,0,                       0,158539
37575,158538,0,                       0,158542,158542,0,                       0,158538
37576,158537,0,                       0,158543,158543,0,                       0,158537
37577,158538,0,                       0,158542,158542,0,                       0,158538
37578,158539,0,                       0,158541,158541,0,                       0,158539
37579,158540,0,                       0,158540,158540,0,                       0,158540
37580,158539,0,                       0,158541,158541,0,                       0,158539
37581,158538,0,                       0,158542,158542,0,                       0,158538
37582,158539,0,                       0,158541,158541,0,                       0,158539
37583,158540,0,                       0,158540,158540,0,                       0,158540
37584,158541,0,                       0,158539,158539,0,                       0,158541
37585,158542,0,                       0,158538,158538,0,                       0,158542
37586,158541,0,                       0,158539,158539,0,                       0,158541
37587,158542,0,                       0,158538,158538,0,                       0,158542
37588,158541,0,                       0,158539,158539,0,                       0,158541
37589,158540,0,                       0,158540,158540,0,                       0,158540
37590,158541,0,                       0,158539,158539,0,                       0,158541
37591,158540,0,                       0,158540,158540,0,                       0,158540
37592,158539,0,                       0,158541,158541,0,                       0,158539
37593,158540,0,                       0,158540,158540,0,                       0,158540
37594,158541,0,                       0,158539,158539,0,                       0,158541
37595,158540,0,                       0,158540,158540,0,                       0,158540
37596,158539,0,                       0,158541,158541,0,                       0,158539
37597,158540,0,                       0,158540,158540,0,                       0,158540
37598,158541,0,                       0,158539,158539,0,                       0,158541
37599,158540,0,                       0,158540,158540,0,                       0,158540
37600,158541,0,                       0,158539,158539,0,                       0,158541
37601,158540,0,                       0,158540,158540,0,                       0,158540
37602,158539,0,                       0,158541,158541,0,                       0,158539
37603,158540,0,                       0,158540,158540,0,                       0,158540
37604,158539,0,                       0,158541,158541,0,                       0,158539
37605,158540,0,                       0,158540,158540,0,                       0,158540
37606,158539,0,                       0,158541,158541,0,                       0,158539
37607,158540,0,                       0,158540,158540,0,                       0,158540
37608,158541,0,                       0,158539,158539,0,                       0,158541
37609,158540,0,                       0,158540,158540,0,                       0,158540
37610,158541,0,                       0,158539,158539,0,                       0,158541
37611,158540,0,                       0,158540,158540,0,                       0,158540
37612,158539,0,                       0,158541,158541,0,                       0,158539
37613,158540,0,                       0,158540,158540,0,                       0,158540
37614,158541,0,                       0,158539,158539,0,                       0,158541
37615,158542,0,                       0,158538,158538,0,                       0,158542
37616,158541,0,                       0,158539,158539,0,                       0,158541
37617,158540,0,                       0,158540,158540,0,                       0,158540
37618,158539,0,                       0,158541,158541,0,                       0,158539
37619,158538,0,                       0,158542,158542,0,                       0,158538
37620,158539,0,                       0,158541,158541,0,                       0,158539
37621,158538,0,                       0,158542,158542,0,                       0,158538
37622,158539,0,                       0,158541,158541,0,                       0,158539
37623,158540,0,                       0,158540,158540,0,                       0,158540
37624,158541,0,                       0,158539,158539,0,                       0,158541
37625,158540,0,                       0,158540,158540,0,                       0,158540
37626,158539,0,                       0,158541,158541,0,                       0,158539
37627,158540,0,                       0,158540,158540,0,                       0,158540
37628,158541,0,                       0,158539,158539,0,                       0,158541
37629,158542,0,                       0,158538,158538,0,                       0,158542
37630,158541,0,                       0,158539,158539,0,                       0,158541
37631,158542,0,                       0,158538,158538,0,                       0,158542
37632,158541,0,                       0,158539,158539,0,                       0,158541
37633,158540,0,                       0,158540,158540,0,                       0,158540
37634,158539,0,                       0,158541,158541,0,                       0,158539
37635,158540,0,                       0,158540,158540,0,                       0,158540
37636,158539,0,                       0,158541,158541,0,                       0,158539
37637,158540,0,                       0,158540,158540,0,                       0,158540
37638,158539,0,                       0,158541,158541,0,                       0,158539
37639,158540,0,                       0,158540,158540,0,                       0,158540
37640,158539,0,                       0,158541,158541,0,                       0,158539
37641,158540,0,                       0,158540,158540,0,                       0,158540
37642,158539,0,                       0,158541,158541,0,                       0,158539
37643,158538,0,                       0,158542,158542,0,                       0,158538
37644,158539,0,                       0,158541,158541,0,                       0,158539
37645,158540,0,                       0,158540,158540,0,                       0,158540
37646,158539,0,                       0,158541,158541,0,                       0,158539
37647,158540,0,                       0,158540,158540,0,                       0,158540
37648,158541,0,                       0,158539,158539,0,                       0,158541
37649,158540,0,                       0,158540,158540,0,                       0,158540
37650,158539,0,                       0,158541,158541,0,                       0,158539
37651,158540,0,                       0,158540,158540,0,                       0,158540
37652,158541,0,                       0,158539,158539,0,                       0,158541
37653,158540,0,                       0,158540,158540,0,                       0,158540
37654,158539,0,                       0,158541,158541,0,                       0,158539
37655,158540,0,                       0,158540,158540,0,                       0,158540
37656,158541,0,                       0,158539,158539,0,                       0,158541
37657,158542,0,                       0,158538,158538,0,                       0,158542
37658,158541,0,                       0,158539,158539,0,                       0,158541
37659,158540,0,                       0,158540,158540,0,                       0,158540
37660,158539,0,                       0,158541,158541,0,                       0,158539
37661,158540,0,                       0,158540,158540,0,                       0,158540
37662,158539,0,                       0,158541,158541,0,                       0,158539
37663,158540,0,                       0,158540,158540,0,                       0,158540
37664,158541,0,                       0,158539,158539,0,                       0,158541
37665,158542,0,                       0,158538,158538,0,                       0,158542
37666,158541,0,                       0,158539,158539,0,                       0,158541
37667,158542,0,                       0,158538,158538,0,                       0,158542
37668,158541,0,                       0,158539,158539,0,                       0,158541
37669,158540,0,                       0,158540,158540,0,                       0,158540
37670,158541,0,                       0,158539,158539,0,                       0,158541
37671,158542,0,                       0,158538,158538,0,                       0,158542
37672,158541,0,                       0,158539,158539,0,                       0,158541
37673,158540,0,                       0,158540,158540,0,                       0,158540
37674,158539,0,                       0,158541,158541,0,                       0,158539
37675,158540,0,                       0,158540,158540,0,                       0,158540
37676,158539,0,                       0,158541,158541,0,                       0,158539
37677,158540,0,                       0,158540,158540,0,                       0,158540
37678,158541,0,                       0,158539,158539,0,                       0,158541
37679,158540,0,                       0,158540,158540,0,                       0,158540
37680,158541,0,                       0,158539,158539,0,                       0,158541
37681,158542,0,                       0,158538,158538,0,                       0,158542
37682,158541,0,                       0,158539,158539,0,                       0,158541
37683,158540,0,                       0,158540,158540,0,                       0,158540
37684,158539,0,                       0,158541,158541,0,                       0,158539
37685,158540,0,                       0,158540,158540,0,                       0,158540
37686,158541,0,                       0,158539,158539,0,                       0,158541
37687,158542,0,                       0,158538,158538,0,                       0,158542
37688,158541,0,                       0,158539,158539,0,                       0,158541
37689,158540,0,                       0,158540,158540,0,                       0,158540
37690,158539,0,                       0,158541,158541,0,                       0,158539
37691,158540,0,                       0,158540,158540,0,                       0,158540
37692,158539,0,                       0,158541,158541,0,                       0,158539
37693,158540,0,                       0,158540,158540,0,                       0,158540
37694,158541,0,                       0,158539,158539,0,                       0,158541
37695,158542,0,                       0,158538,158538,0,                       0,158542
37696,158541,0,                       0,158539,158539,0,                       0,158541
37697,158540,0,                       0,158540,158540,0,                       0,158540
37698,158539,0,                       0,158541,158541,0,                       0,158539
37699,158538,0,                       0,158542,158542,0,                       0,158538
37700,158537,0,                       0,158543,158543,0,                       0,158537
37701,158538,0,                       0,158542,158542,0,                       0,158538
37702,158537,0,                       0,158543,158543,0,                       0,158537
37703,158538,0,                       0,158542,158542,0,                       0,158538
37704,158539,0,                       0,158541,158541,0,                       0,158539
37705,158540,0,                       0,158540,158540,0,                       0,158540
37706,158539,0,                       0,158541,158541,0,                       0,158539
37707,158538,0,                       0,158542,158542,0,                       0,158538
37708,158539,0,                       0,158541,158541,0,                       0,158539
37709,158540,0,                       0,158540,158540,0,                       0,158540
37710,158541,0,                       0,158539,158539,0,                       0,158541
37711,158540,0,                       0,158540,158540,0,                       0,158540
37712,158541,0,                       0,158539,158539,0,                       0,158541
37713,158542,0,                       0,158538,158538,0,                       0,158542
37714,158541,0,                       0,158539,158539,0,                       0,158541
37715,158542,0,                       0,158538,158538,0,                       0,158542
37716,158541,0,                       0,158539,158539,0,                       0,158541
37717,158540,0,                       0,158540,158540,0,                       0,158540
37718,158539,0,                       0,158541,158541,0,                       0,158539
37719,158540,0,                       0,158540,158540,0,                       0,158540
37720,158539,0,                       0,158541,158541,0,                       0,158539
37721,158540,0,                       0,158540,158540,0,                       0,158540
37722,158541,0,                       0,158539,158539,0,                       0,158541
37723,158540,0,                       0,158540,158540,0,                       0,158540
37724,158541,0,                       0,158539,158539,0,                       0,158541
37725,158540,0,                       0,158540,158540,0,                       0,158540
37726,158539,0,                       0,158541,158541,0,                       0,158539
37727,158540,0,                       0,158540,158540,0,                       0,158540
37728,158541,0,                       0,158539,158539,0,                       0,158541
37729,158540,0,                       0,158540,158540,0,                       0,158540
37730,158541,0,                       0,158539,158539,0,                       0,158541
37731,158542,0,                       0,158538,158538,0,                       0,158542
37732,158541,0,                       0,158539,158539,0,                       0,158541
37733,158540,0,                       0,158540,158540,0,                       0,158540
37734,158539,0,                       0,158541,158541,0,                       0,158539
37735,158540,0,                       0,158540,158540,0,                       0,158540
37736,158541,0,                       0,158539,158539,0,                       0,158541
37737,158542,0,                       0,158538,158538,0,                       0,158542
37738,158541,0,                       0,158539,158539,0,                       0,158541
37739,158542,0,                       0,158538,158538,0,                       0,158542
37740,158541,0,                       0,158539,158539,0,                       0,158541
37741,158540,0,                       0,158540,158540,0,                       0,158540
37742,158541,0,                       0,158539,158539,0,                       0,158541
37743,158542,0,                       0,158538,158538,0,                       0,158542
37744,158541,0,                       0,158539,158539,0,                       0,158541
37745,158542,0,                       0,158538,158538,0,                       0,158542
37746,158543,0,                       0,158537,158537,0,                       0,158543
37747,158542,0,                       0,158538,158538,0,                       0,158542
37748,158543,0,                       0,158537,158537,0,                       0,158543
37749,158542,0,                       0,158538,158538,0,                       0,158542
37750,158543,0,                       0,158537,158537,0,                       0,158543
37751,158542,0,                       0,158538,158538,0,                       0,158542
37752,158541,0,                       0,158539,158539,0,                       0,158541
37753,158540,0,                       0,158540,158540,0,                       0,158540
37754,158539,0,                       0,158541,158541,0,                       0,158539
37755,158540,0,                       0,158540,158540,0,                       0,158540
37756,158539,0,                       0,158541,158541,0,                       0,158539
37757,158540,0,                       0,158540,158540,0,                       0,158540
37758,158541,0,                       0,158539,158539,0,                       0,158541
37759,158542,0,                       0,158538,158538,0,                       0,158542
37760,158541,0,                       0,158539,158539,0,                       0,158541
37761,158540,0,                       0,158540,158540,0,                       0,158540
37762,158539,0,                       0,158541,158541,0,                       0,158539
37763,158540,0,                       0,158540,158540,0,                       0,158540
37764,158541,0,                       0,158539,158539,0,                       0,158541
37765,158540,0,                       0,158540,158540,0,                       0,158540
37766,158541,0,                       0,158539,158539,0,                       0,158541
37767,158540,0,                       0,158540,158540,0,                       0,158540
